Index,user_id,item_id,rating
0,196,242,3
1,186,302,3
2,22,377,1
3,244,51,2
4,166,346,1
5,298,474,4
6,115,265,2
7,253,465,5
8,305,451,3
9,6,86,3
10,62,257,2
11,286,1014,5
12,200,222,5
13,210,40,3
14,224,29,3
15,303,785,3
16,122,387,5
17,194,274,2
18,291,1042,4
19,234,1184,2
20,119,392,4
21,167,486,4
22,299,144,4
23,291,118,2
24,308,1,4
25,95,546,2
26,38,95,5
27,102,768,2
28,63,277,4
29,160,234,5
30,50,246,3
31,301,98,4
32,225,193,4
33,290,88,4
34,97,194,3
35,157,274,4
36,181,1081,1
37,278,603,5
38,276,796,1
39,7,32,4
40,10,16,4
41,284,304,4
42,201,979,2
43,276,564,3
44,287,327,5
45,246,201,5
46,242,1137,5
47,249,241,5
48,99,4,5
49,178,332,3
50,251,100,4
51,81,432,2
52,260,322,4
53,25,181,5
54,59,196,5
55,72,679,2
56,87,384,4
57,290,143,5
58,42,423,5
59,292,515,4
60,115,20,3
61,20,288,1
62,201,219,4
63,13,526,3
64,246,919,4
65,138,26,5
66,167,232,1
67,60,427,5
68,57,304,5
69,223,274,4
70,189,512,4
71,243,15,3
72,92,1049,1
73,246,416,3
74,194,165,4
75,241,690,2
76,178,248,4
77,254,1444,3
78,293,5,3
79,127,229,5
80,225,237,5
81,299,229,3
82,225,480,5
83,276,54,3
84,291,144,5
85,222,366,4
86,267,518,5
87,42,403,3
88,11,111,4
89,95,625,4
90,8,338,4
91,162,25,4
92,87,1016,4
93,279,154,5
94,145,275,2
95,119,1153,5
96,62,498,4
97,62,382,3
98,28,209,4
99,135,23,4
100,32,294,3
101,90,382,5
102,286,208,4
103,293,685,3
104,216,144,4
105,166,328,5
106,250,496,4
107,271,132,5
108,160,174,5
109,265,118,4
110,198,498,3
111,42,96,5
112,168,151,5
113,110,307,4
114,58,144,4
115,90,648,4
116,271,346,4
117,62,21,3
118,279,832,3
119,237,514,4
120,94,789,4
121,128,485,3
122,298,317,4
123,44,195,5
124,264,200,5
125,194,385,2
126,72,195,5
127,222,750,5
128,250,264,3
129,41,265,3
130,224,245,3
131,82,135,3
132,262,1147,4
133,293,471,3
134,216,658,3
135,250,140,3
136,59,23,5
137,286,379,5
138,244,815,4
139,7,479,4
140,174,368,1
141,87,274,4
142,194,1211,2
143,82,1134,2
144,13,836,2
145,13,272,4
146,244,756,2
147,305,427,5
148,95,787,2
149,43,14,2
150,299,955,4
151,57,419,3
152,84,405,3
153,269,504,4
154,299,111,3
155,194,466,4
156,160,135,4
157,99,268,3
158,10,486,4
159,259,117,4
160,85,427,3
161,303,919,4
162,213,273,5
163,121,514,3
164,90,98,5
165,49,559,2
166,42,794,3
167,155,323,2
168,68,117,4
169,172,177,4
170,19,4,4
171,268,231,4
172,5,2,3
173,305,117,2
174,44,294,4
175,43,137,4
176,279,1336,1
177,80,466,5
178,254,164,4
179,298,281,3
180,279,1240,1
181,66,298,4
182,18,443,3
183,268,1035,2
184,99,79,4
185,13,98,4
186,26,258,3
187,7,455,4
188,222,755,4
189,200,673,5
190,119,328,4
191,213,172,5
192,276,322,3
193,94,1217,3
194,130,379,4
195,38,328,4
196,160,719,3
197,293,1267,3
198,26,930,2
199,130,216,4
200,92,1079,3
201,256,452,4
202,1,61,4
203,72,48,4
204,56,755,3
205,13,360,4
206,15,405,2
207,92,77,3
208,207,476,2
209,292,174,5
210,232,483,5
211,251,748,2
212,224,26,3
213,181,220,4
214,259,255,4
215,305,471,4
216,52,280,3
217,161,202,5
218,148,408,5
219,125,235,2
220,97,228,5
221,58,1098,4
222,83,234,4
223,90,347,4
224,272,178,5
225,194,181,3
226,125,478,4
227,110,688,1
228,299,14,4
229,151,10,5
230,269,127,4
231,6,14,5
232,54,106,3
233,303,69,5
234,16,944,1
235,301,790,4
236,276,1091,3
237,305,214,2
238,194,1028,2
239,91,323,2
240,87,554,4
241,294,109,4
242,286,171,4
243,200,318,5
244,229,328,1
245,178,568,4
246,303,842,2
247,62,65,4
248,207,591,3
249,92,172,4
250,301,401,4
251,36,339,5
252,70,746,3
253,63,242,3
254,28,201,3
255,279,68,4
256,250,7,4
257,14,98,3
258,299,1018,3
259,194,54,3
260,303,815,3
261,119,237,5
262,295,218,5
263,268,930,2
264,268,2,2
265,66,258,4
266,233,202,5
267,83,623,4
268,214,334,3
269,192,476,2
270,100,344,4
271,268,145,1
272,301,56,4
273,307,89,5
274,234,141,3
275,83,576,4
276,181,264,2
277,297,133,4
278,38,153,5
279,7,382,4
280,264,813,4
281,181,872,1
282,201,146,1
283,85,507,4
284,269,367,3
285,59,468,3
286,286,143,4
287,193,96,1
288,113,595,5
289,292,11,5
290,130,1014,3
291,275,98,4
292,189,520,5
293,219,82,1
294,218,209,5
295,123,427,3
296,119,222,5
297,158,177,4
298,222,118,4
299,302,322,2
300,279,501,3
301,301,79,5
302,181,3,2
303,201,695,1
304,13,198,3
305,1,189,3
306,145,237,5
307,23,385,4
308,201,767,4
309,296,705,5
310,42,546,3
311,33,872,3
312,301,554,3
313,16,64,5
314,95,135,3
315,154,357,4
316,77,484,5
317,296,508,5
318,302,303,2
319,244,673,3
320,222,77,4
321,13,215,5
322,16,705,5
323,270,452,4
324,145,15,2
325,187,64,5
326,200,304,5
327,170,749,5
328,101,829,3
329,184,218,3
330,128,204,4
331,181,1295,1
332,184,153,3
333,1,33,4
334,1,160,4
335,184,321,5
336,54,595,3
337,94,343,4
338,128,508,4
339,23,323,2
340,301,227,3
341,301,191,3
342,112,903,1
343,82,183,3
344,222,724,3
345,218,430,3
346,308,1197,4
347,303,134,5
348,133,751,3
349,215,212,2
350,69,256,5
351,254,662,4
352,276,2,4
353,104,984,1
354,63,1067,3
355,267,410,4
356,13,56,5
357,240,879,3
358,286,237,2
359,294,271,5
360,90,1086,4
361,18,26,4
362,92,229,3
363,308,649,4
364,144,89,3
365,191,302,4
366,59,951,3
367,200,96,5
368,16,197,5
369,61,678,3
370,271,199,4
371,271,709,3
372,142,169,5
373,275,597,3
374,222,151,3
375,87,40,3
376,207,258,4
377,272,1393,2
378,177,333,4
379,207,1115,2
380,299,577,3
381,271,378,4
382,305,425,4
383,49,959,2
384,94,1224,3
385,130,1017,3
386,10,175,3
387,203,321,3
388,191,286,4
389,43,323,3
390,21,558,5
391,197,96,5
392,13,344,2
393,194,66,3
394,234,206,4
395,308,402,4
396,308,640,4
397,269,522,5
398,94,265,4
399,268,62,3
400,272,12,5
401,121,291,3
402,296,20,5
403,134,286,3
404,180,462,5
405,234,612,3
406,104,117,2
407,38,758,1
408,269,845,1
409,7,163,4
410,234,1451,3
411,275,405,2
412,52,250,3
413,102,823,3
414,13,186,4
415,178,731,4
416,236,71,3
417,256,781,5
418,263,176,5
419,244,186,3
420,279,1181,4
421,43,815,4
422,83,78,2
423,151,197,5
424,254,436,2
425,109,631,3
426,297,716,3
427,249,188,4
428,144,699,4
429,301,604,4
430,64,392,3
431,92,501,2
432,222,97,4
433,268,436,3
434,293,135,5
435,213,173,5
436,160,460,2
437,13,498,4
438,59,715,5
439,5,17,4
440,125,163,5
441,174,315,5
442,114,505,3
443,213,515,4
444,23,196,2
445,128,15,4
446,239,56,4
447,181,279,1
448,291,80,4
449,250,238,4
450,201,649,3
451,60,60,5
452,181,325,2
453,119,407,3
454,287,1,5
455,216,228,3
456,216,531,4
457,203,471,4
458,92,587,3
459,13,892,3
460,213,176,4
461,286,288,5
462,117,1047,2
463,99,111,1
464,11,558,3
465,65,47,2
466,295,194,4
467,269,217,2
468,85,259,2
469,250,596,5
470,137,144,5
471,201,960,2
472,257,137,4
473,111,328,4
474,91,480,4
475,215,211,4
476,181,938,1
477,189,1060,5
478,1,20,4
479,303,404,4
480,299,305,3
481,187,210,4
482,222,278,2
483,214,568,4
484,293,770,3
485,285,191,4
486,303,252,3
487,96,156,4
488,72,1110,3
489,115,1067,4
490,7,430,3
491,116,350,3
492,73,480,4
493,269,246,5
494,263,419,5
495,70,431,3
496,221,475,4
497,72,182,5
498,25,357,4
499,290,50,5
500,189,526,4
501,299,303,3
502,264,294,3
503,200,365,5
504,187,135,4
505,184,187,4
506,63,289,2
507,13,229,4
508,298,486,3
509,235,185,4
510,62,712,4
511,246,94,2
512,54,742,5
513,63,762,3
514,11,732,3
515,92,168,4
516,8,550,3
517,307,174,4
518,303,200,4
519,256,849,2
520,72,54,3
521,164,406,2
522,117,150,4
523,224,77,4
524,193,869,3
525,94,184,2
526,281,338,2
527,130,109,3
528,128,371,1
529,94,720,1
530,182,845,3
531,129,873,1
532,254,229,4
533,64,381,4
534,151,176,2
535,45,25,4
536,193,879,3
537,276,922,4
538,276,57,3
539,234,187,4
540,181,306,1
541,21,370,1
542,293,249,3
543,264,721,5
544,10,611,5
545,197,346,3
546,276,142,3
547,308,427,4
548,221,943,4
549,131,126,4
550,268,824,2
551,109,8,3
552,198,58,3
553,230,680,4
554,181,741,1
555,192,1061,4
556,234,448,3
557,90,900,4
558,193,941,4
559,128,603,5
560,126,905,2
561,244,265,4
562,90,289,3
563,157,25,3
564,305,71,3
565,119,382,5
566,21,222,2
567,231,181,4
568,280,508,3
569,288,132,3
570,279,1497,2
571,301,33,4
572,72,699,3
573,90,259,2
574,308,55,3
575,59,742,3
576,94,744,4
577,130,642,4
578,26,1015,3
579,56,121,5
580,82,508,2
581,62,12,4
582,276,40,3
583,181,1015,1
584,152,301,3
585,178,845,4
586,217,597,4
587,79,303,4
588,138,484,4
589,308,81,5
590,75,284,2
591,269,198,4
592,307,94,3
593,222,781,3
594,121,740,3
595,269,22,1
596,13,864,4
597,230,742,5
598,269,507,4
599,239,1099,5
600,245,1028,5
601,56,546,3
602,295,961,5
603,271,1028,2
604,222,812,2
605,69,240,3
606,10,7,4
607,22,376,3
608,294,931,3
609,82,717,1
610,279,399,4
611,269,234,1
612,6,98,5
613,243,1039,4
614,298,181,4
615,282,325,1
616,78,323,1
617,118,200,5
618,283,1114,5
619,171,292,4
620,70,217,4
621,10,100,5
622,245,181,4
623,107,333,3
624,246,561,1
625,13,901,1
626,276,70,4
627,244,17,2
628,189,56,5
629,226,242,5
630,62,1016,4
631,276,417,4
632,214,478,4
633,306,235,4
634,222,26,3
635,280,631,5
636,60,430,5
637,56,71,4
638,42,274,5
639,1,202,5
640,13,809,4
641,173,289,4
642,15,749,1
643,185,23,4
644,280,540,3
645,244,381,4
646,150,293,4
647,7,497,4
648,178,317,4
649,178,742,3
650,95,1217,3
651,234,1462,3
652,97,222,5
653,109,127,2
654,117,268,5
655,269,705,2
656,130,1246,3
657,264,655,4
658,207,13,3
659,42,588,5
660,246,409,2
661,87,367,4
662,101,304,3
663,256,127,4
664,92,794,3
665,181,762,2
666,213,235,1
667,92,739,2
668,292,661,5
669,246,665,4
670,274,845,5
671,188,692,5
672,18,86,4
673,5,439,1
674,236,632,3
675,193,407,4
676,144,709,4
677,90,1198,5
678,48,609,4
679,5,225,2
680,22,128,5
681,311,432,4
682,8,22,5
683,276,188,4
684,222,173,5
685,72,866,4
686,299,134,4
687,1,171,5
688,308,295,3
689,165,216,4
690,222,49,3
691,181,121,4
692,200,11,5
693,234,626,4
694,244,707,4
695,90,25,5
696,208,216,5
697,263,96,4
698,134,323,4
699,279,586,4
700,2,292,4
701,288,593,2
702,49,302,4
703,286,153,5
704,205,304,3
705,22,80,4
706,234,318,4
707,223,328,3
708,15,25,3
709,268,147,4
710,94,1220,3
711,274,405,4
712,7,492,5
713,268,217,2
714,16,55,5
715,164,620,3
716,290,161,4
717,92,515,4
718,239,1070,5
719,56,449,5
720,248,234,4
721,234,10,3
722,280,1049,2
723,308,187,5
724,276,64,5
725,192,948,3
726,122,509,4
727,85,588,3
728,262,931,2
729,201,272,3
730,181,870,2
731,295,739,4
732,263,568,4
733,295,39,4
734,201,1100,4
735,93,820,3
736,159,1028,5
737,158,665,2
738,293,423,3
739,82,597,3
740,276,181,5
741,13,823,5
742,217,2,3
743,83,660,4
744,189,20,5
745,222,796,4
746,146,1022,5
747,267,121,3
748,126,294,3
749,181,1060,1
750,125,80,4
751,43,120,4
752,13,780,1
753,253,259,2
754,42,44,3
755,77,518,4
756,291,686,5
757,268,21,3
758,262,28,3
759,234,81,3
760,29,245,3
761,236,57,5
762,158,729,3
763,156,661,4
764,232,52,5
765,168,866,5
766,37,288,4
767,141,245,3
768,235,230,4
769,102,70,3
770,77,172,3
771,90,506,5
772,186,566,5
773,44,660,5
774,118,774,5
775,7,661,5
776,49,1003,2
777,62,68,1
778,42,1028,4
779,178,433,4
780,85,51,2
781,77,474,5
782,58,1099,2
783,56,1047,4
784,197,688,1
785,286,99,4
786,90,258,3
787,181,1288,1
788,295,190,4
789,224,69,4
790,272,317,4
791,221,1010,3
792,66,877,1
793,207,318,5
794,234,487,3
795,7,648,5
796,87,82,5
797,195,1052,1
798,44,449,5
799,306,287,4
800,194,172,3
801,94,62,3
802,167,659,4
803,108,100,4
804,230,304,5
805,181,927,1
806,54,302,4
807,90,22,4
808,181,696,2
809,286,357,4
810,14,269,4
811,311,179,2
812,92,121,5
813,21,440,1
814,244,550,1
815,181,405,4
816,65,806,4
817,37,540,2
818,44,443,5
819,244,183,4
820,1,265,4
821,270,25,5
822,299,387,2
823,94,572,3
824,286,746,4
825,239,272,5
826,216,55,5
827,254,121,3
828,62,665,2
829,178,385,4
830,194,23,4
831,268,955,3
832,188,143,5
833,276,294,4
834,158,1098,4
835,207,845,3
836,161,48,1
837,305,654,4
838,47,324,3
839,64,736,4
840,191,751,3
841,7,378,5
842,59,92,5
843,69,268,5
844,10,461,3
845,21,129,4
846,58,9,4
847,194,152,3
848,7,200,5
849,113,126,5
850,173,328,5
851,95,233,4
852,16,194,5
853,59,323,4
854,311,654,3
855,292,589,4
856,43,203,4
857,79,50,4
858,235,70,5
859,125,190,5
860,284,322,3
861,303,161,5
862,254,378,3
863,255,1034,1
864,104,301,2
865,90,923,5
866,6,463,4
867,279,122,1
868,286,298,4
869,222,448,3
870,297,57,5
871,42,625,3
872,130,1217,4
873,254,357,3
874,109,475,1
875,230,1444,2
876,244,310,3
877,6,301,2
878,36,748,4
879,256,443,3
880,102,515,1
881,104,285,4
882,21,447,5
883,111,301,4
884,18,408,5
885,25,222,4
886,110,944,3
887,270,98,5
888,68,237,5
889,83,215,4
890,6,258,2
891,89,216,5
892,128,317,4
893,305,512,4
894,184,412,2
895,286,175,5
896,279,1428,3
897,256,86,5
898,221,48,5
899,140,332,3
900,190,977,2
901,11,227,3
902,201,203,5
903,150,181,5
904,126,245,3
905,20,208,2
906,144,742,4
907,181,930,1
908,109,566,4
909,85,1065,3
910,213,133,3
911,222,379,1
912,223,11,3
913,215,421,4
914,218,208,3
915,174,937,5
916,275,186,3
917,68,742,1
918,268,583,4
919,160,462,4
920,195,273,4
921,224,178,4
922,5,110,1
923,99,1016,5
924,2,251,5
925,292,9,4
926,72,568,4
927,85,228,3
928,83,281,5
929,92,831,2
930,7,543,3
931,87,401,2
932,287,926,4
933,1,155,2
934,234,632,2
935,222,53,5
936,24,64,5
937,7,554,3
938,82,56,3
939,161,318,3
940,196,393,4
941,56,91,4
942,82,477,3
943,7,472,2
944,256,761,4
945,226,56,4
946,279,741,5
947,308,1286,3
948,16,8,5
949,180,202,3
950,203,93,4
951,145,56,5
952,288,305,4
953,84,742,3
954,44,644,3
955,17,13,3
956,313,117,4
957,148,1,4
958,197,347,4
959,21,164,5
960,279,982,3
961,239,491,5
962,185,287,5
963,297,89,4
964,303,68,4
965,186,250,1
966,73,206,3
967,104,756,2
968,94,216,3
969,239,194,5
970,197,511,5
971,280,1,4
972,1,117,3
973,224,583,1
974,303,397,1
975,60,162,4
976,198,258,4
977,239,513,5
978,6,69,3
979,233,375,4
980,85,642,4
981,110,38,3
982,184,522,3
983,99,873,1
984,13,418,2
985,201,518,4
986,13,858,1
987,214,131,3
988,296,228,4
989,222,87,3
990,279,725,4
991,217,182,2
992,85,433,3
993,239,234,3
994,13,72,4
995,194,77,3
996,208,663,5
997,109,178,3
998,230,172,4
999,59,485,2
1000,313,478,3
1001,70,1133,3
1002,62,182,5
1003,198,234,3
1004,65,125,4
1005,174,660,5
1006,90,12,5
1007,130,1248,3
1008,100,354,2
1009,283,432,5
1010,275,418,3
1011,311,98,5
1012,195,751,4
1013,130,105,4
1014,269,252,1
1015,286,73,5
1016,7,623,3
1017,56,222,5
1018,210,204,5
1019,239,9,5
1020,96,87,4
1021,297,73,2
1022,249,239,3
1023,94,860,2
1024,84,121,4
1025,275,265,4
1026,135,1046,3
1027,291,1178,4
1028,125,382,1
1029,70,399,4
1030,311,9,4
1031,301,523,4
1032,152,685,5
1033,244,172,4
1034,275,1091,2
1035,53,281,4
1036,198,118,2
1037,244,790,4
1038,26,125,4
1039,151,13,3
1040,124,496,1
1041,24,191,5
1042,271,65,3
1043,307,634,3
1044,294,1245,3
1045,234,241,2
1046,25,501,3
1047,293,137,3
1048,201,432,3
1049,75,240,1
1050,13,181,5
1051,207,68,2
1052,2,50,5
1053,313,566,4
1054,144,125,4
1055,188,443,4
1056,276,324,4
1057,145,974,1
1058,72,234,4
1059,83,385,4
1060,181,619,3
1061,109,402,4
1062,207,107,3
1063,185,216,4
1064,14,213,5
1065,149,319,2
1066,57,79,5
1067,230,963,5
1068,176,875,4
1069,253,97,4
1070,284,269,4
1071,106,526,4
1072,121,180,3
1073,62,86,2
1074,291,418,4
1075,84,1033,4
1076,293,380,2
1077,207,58,3
1078,194,187,4
1079,109,97,3
1080,283,845,4
1081,297,275,5
1082,181,334,1
1083,78,255,4
1084,11,425,4
1085,308,59,4
1086,193,1078,4
1087,297,234,3
1088,87,585,4
1089,250,204,2
1090,8,50,5
1091,186,148,4
1092,312,692,4
1093,91,683,3
1094,5,454,1
1095,291,376,3
1096,175,127,5
1097,145,737,2
1098,7,644,5
1099,276,419,5
1100,83,210,5
1101,102,524,3
1102,153,174,1
1103,62,302,3
1104,49,995,3
1105,268,298,3
1106,207,554,2
1107,313,616,5
1108,286,44,3
1109,279,168,5
1110,276,474,5
1111,62,59,4
1112,254,219,1
1113,83,97,4
1114,63,100,5
1115,16,178,5
1116,297,233,2
1117,90,945,5
1118,85,25,2
1119,42,98,4
1120,303,393,4
1121,274,50,5
1122,104,299,3
1123,94,792,4
1124,184,98,4
1125,293,708,3
1126,248,589,4
1127,18,950,3
1128,217,27,1
1129,200,892,4
1130,201,148,1
1131,296,222,5
1132,7,662,3
1133,196,381,4
1134,69,427,3
1135,72,196,4
1136,256,472,4
1137,128,182,4
1138,151,747,3
1139,7,171,3
1140,286,85,5
1141,172,220,4
1142,308,516,4
1143,190,974,2
1144,82,756,1
1145,308,436,4
1146,59,235,1
1147,64,1063,3
1148,145,756,2
1149,220,298,4
1150,21,324,4
1151,285,269,4
1152,207,65,3
1153,198,658,3
1154,220,333,3
1155,210,70,4
1156,181,14,1
1157,158,128,2
1158,143,682,3
1159,75,237,2
1160,199,221,4
1161,223,1150,2
1162,297,25,4
1163,276,78,4
1164,299,847,4
1165,293,325,2
1166,301,138,2
1167,1,47,4
1168,164,281,4
1169,96,673,4
1170,291,1016,4
1171,7,451,5
1172,233,177,4
1173,6,517,4
1174,202,283,3
1175,214,117,4
1176,184,602,4
1177,277,257,3
1178,194,212,1
1179,95,68,4
1180,25,257,4
1181,6,23,4
1182,38,573,1
1183,313,436,4
1184,22,241,3
1185,262,617,3
1186,130,569,3
1187,66,181,5
1188,21,948,1
1189,181,1332,1
1190,262,174,3
1191,206,302,5
1192,222,22,5
1193,76,61,4
1194,151,703,4
1195,314,28,5
1196,13,147,3
1197,44,258,4
1198,303,418,4
1199,16,89,2
1200,270,558,5
1201,248,117,5
1202,125,318,5
1203,138,523,5
1204,268,386,2
1205,291,15,5
1206,234,147,3
1207,239,96,5
1208,15,331,3
1209,94,155,2
1210,136,89,4
1211,223,423,3
1212,82,194,4
1213,145,355,3
1214,280,845,3
1215,179,339,1
1216,178,199,4
1217,307,949,4
1218,10,488,5
1219,116,331,3
1220,23,258,5
1221,308,174,4
1222,185,114,4
1223,188,237,3
1224,118,654,5
1225,246,721,4
1226,234,98,4
1227,194,239,3
1228,94,24,4
1229,122,378,4
1230,312,100,4
1231,262,64,5
1232,154,242,3
1233,223,763,3
1234,99,403,4
1235,83,43,4
1236,130,307,4
1237,174,402,5
1238,256,487,5
1239,59,177,4
1240,161,168,1
1241,244,53,3
1242,250,196,4
1243,43,40,3
1244,285,150,5
1245,42,953,2
1246,97,670,5
1247,122,510,4
1248,61,323,3
1249,222,106,2
1250,4,264,3
1251,304,259,1
1252,37,403,5
1253,49,68,1
1254,303,1098,4
1255,165,372,5
1256,176,324,5
1257,3,335,1
1258,56,869,3
1259,44,15,4
1260,190,117,4
1261,29,189,4
1262,94,174,4
1263,130,949,3
1264,117,181,5
1265,303,779,1
1266,19,435,5
1267,194,191,4
1268,158,24,4
1269,56,447,4
1270,262,223,3
1271,181,1334,1
1272,214,137,4
1273,92,747,4
1274,188,96,5
1275,58,173,5
1276,244,154,5
1277,134,879,4
1278,298,625,4
1279,254,230,4
1280,230,138,3
1281,16,209,5
1282,151,835,5
1283,181,1327,1
1284,145,1248,3
1285,200,588,5
1286,248,257,3
1287,297,432,4
1288,312,133,5
1289,151,12,5
1290,110,568,3
1291,305,483,5
1292,141,258,5
1293,44,240,4
1294,186,263,3
1295,214,213,4
1296,233,208,4
1297,104,287,2
1298,312,153,2
1299,1,222,4
1300,206,323,1
1301,230,419,4
1302,56,450,3
1303,94,651,5
1304,205,316,4
1305,14,174,5
1306,268,790,2
1307,276,1081,3
1308,83,929,3
1309,268,580,3
1310,222,1041,3
1311,279,89,4
1312,5,424,1
1313,112,331,4
1314,296,429,5
1315,18,202,3
1316,13,868,5
1317,87,210,5
1318,10,285,5
1319,181,328,3
1320,23,463,4
1321,253,746,3
1322,234,228,3
1323,299,1047,2
1324,66,1,3
1325,216,174,5
1326,290,208,3
1327,79,1161,2
1328,264,448,2
1329,4,303,5
1330,144,831,3
1331,138,517,4
1332,64,433,2
1333,5,1,4
1334,276,357,5
1335,62,433,5
1336,239,475,5
1337,293,166,3
1338,130,234,5
1339,264,70,4
1340,208,197,5
1341,24,763,5
1342,279,1162,3
1343,3,245,1
1344,101,596,3
1345,162,1019,4
1346,223,908,1
1347,99,246,3
1348,239,430,3
1349,160,160,5
1350,172,580,4
1351,303,1160,2
1352,54,676,5
1353,44,507,3
1354,210,97,5
1355,164,930,4
1356,299,240,2
1357,28,217,3
1358,305,79,3
1359,18,729,3
1360,82,343,1
1361,109,1012,4
1362,207,25,4
1363,92,1209,1
1364,109,1,4
1365,15,222,3
1366,58,709,5
1367,303,693,4
1368,152,111,5
1369,194,160,2
1370,92,241,3
1371,77,91,3
1372,244,662,3
1373,177,321,2
1374,131,221,3
1375,197,302,3
1376,227,50,4
1377,85,282,3
1378,295,72,4
1379,181,1,3
1380,277,255,4
1381,279,96,4
1382,1,253,5
1383,18,182,4
1384,276,568,4
1385,87,177,5
1386,177,69,1
1387,213,13,4
1388,125,134,5
1389,128,739,4
1390,291,428,5
1391,25,208,4
1392,288,272,5
1393,207,1350,2
1394,271,56,3
1395,5,363,3
1396,274,748,5
1397,70,419,5
1398,311,559,2
1399,151,919,5
1400,199,268,5
1401,201,209,3
1402,99,274,1
1403,11,740,4
1404,59,77,4
1405,184,277,3
1406,222,88,4
1407,38,161,5
1408,59,418,2
1409,104,300,3
1410,298,1346,3
1411,180,1119,3
1412,7,674,2
1413,121,14,5
1414,268,1041,1
1415,252,277,4
1416,303,411,4
1417,210,527,5
1418,234,648,3
1419,312,573,5
1420,308,215,3
1421,234,1397,4
1422,75,546,3
1423,117,15,5
1424,246,239,3
1425,64,516,5
1426,85,187,5
1427,239,81,3
1428,59,54,4
1429,256,220,3
1430,216,196,5
1431,203,282,1
1432,13,195,3
1433,144,153,5
1434,100,268,3
1435,210,274,5
1436,94,471,4
1437,13,807,1
1438,125,657,3
1439,65,1142,4
1440,1,113,5
1441,76,175,4
1442,294,508,4
1443,263,1451,4
1444,294,930,3
1445,121,117,1
1446,85,13,3
1447,303,426,3
1448,212,180,1
1449,6,492,5
1450,181,240,1
1451,279,746,5
1452,303,1109,4
1453,184,191,4
1454,310,116,5
1455,313,22,3
1456,314,1150,4
1457,13,121,5
1458,43,5,4
1459,58,214,2
1460,215,164,3
1461,62,288,2
1462,280,127,5
1463,161,898,3
1464,11,723,5
1465,94,218,3
1466,35,243,2
1467,311,566,4
1468,48,680,3
1469,85,604,4
1470,288,527,3
1471,184,514,5
1472,151,929,3
1473,90,690,4
1474,11,38,3
1475,104,1016,1
1476,106,582,4
1477,181,1010,1
1478,37,117,4
1479,276,845,4
1480,22,258,5
1481,70,82,4
1482,5,98,3
1483,308,95,4
1484,60,208,5
1485,270,778,5
1486,243,208,4
1487,92,540,2
1488,81,280,4
1489,293,412,1
1490,200,478,5
1491,13,308,3
1492,56,184,4
1493,116,250,4
1494,295,172,4
1495,63,1007,5
1496,295,235,4
1497,104,1010,1
1498,156,641,5
1499,269,1165,1
1500,160,430,5
1501,237,191,4
1502,287,252,1
1503,290,132,3
1504,45,109,5
1505,224,678,3
1506,145,764,2
1507,277,1011,3
1508,65,100,3
1509,272,1101,5
1510,116,255,3
1511,184,86,5
1512,285,151,5
1513,222,148,2
1514,72,28,4
1515,271,187,5
1516,94,211,5
1517,246,425,5
1518,115,8,5
1519,176,327,3
1520,13,396,3
1521,129,331,2
1522,257,1260,2
1523,95,1,5
1524,147,904,5
1525,151,58,4
1526,184,660,3
1527,311,386,3
1528,105,268,4
1529,158,510,3
1530,34,312,4
1531,72,427,5
1532,263,416,5
1533,94,1048,4
1534,200,291,3
1535,45,118,4
1536,279,144,4
1537,145,22,5
1538,71,89,5
1539,182,69,5
1540,193,627,4
1541,214,302,4
1542,151,485,5
1543,102,322,3
1544,234,571,2
1545,249,930,2
1546,195,328,4
1547,109,258,5
1548,222,552,2
1549,282,288,4
1550,117,758,2
1551,23,381,4
1552,112,327,1
1553,303,145,1
1554,252,300,4
1555,151,372,5
1556,282,327,5
1557,304,237,5
1558,290,568,3
1559,64,160,4
1560,28,79,4
1561,168,1278,3
1562,265,471,4
1563,18,113,5
1564,83,82,5
1565,90,499,5
1566,234,1186,4
1567,87,196,5
1568,26,685,3
1569,150,129,4
1570,161,98,4
1571,70,210,4
1572,51,182,3
1573,222,1057,4
1574,92,176,5
1575,204,216,4
1576,164,685,5
1577,57,682,3
1578,184,207,4
1579,60,403,3
1580,92,180,5
1581,43,204,4
1582,222,1042,4
1583,197,300,4
1584,92,790,3
1585,294,282,3
1586,201,747,2
1587,201,215,2
1588,193,410,3
1589,271,705,4
1590,214,693,3
1591,73,657,5
1592,90,187,4
1593,315,273,3
1594,48,309,3
1595,255,472,1
1596,270,671,4
1597,66,7,3
1598,6,478,4
1599,101,222,3
1600,207,1046,4
1601,144,182,3
1602,85,83,4
1603,102,625,3
1604,158,770,5
1605,297,588,4
1606,90,507,5
1607,271,482,5
1608,130,901,1
1609,178,276,3
1610,90,245,3
1611,181,1094,1
1612,311,143,3
1613,267,17,4
1614,201,51,2
1615,194,647,4
1616,59,387,3
1617,1,227,4
1618,116,751,3
1619,170,292,5
1620,110,578,3
1621,60,1021,5
1622,287,347,4
1623,197,55,3
1624,38,679,5
1625,195,1014,4
1626,279,227,4
1627,84,748,4
1628,31,886,2
1629,316,98,5
1630,25,25,5
1631,168,274,4
1632,103,24,4
1633,299,588,4
1634,194,478,3
1635,287,294,5
1636,234,582,4
1637,279,1048,1
1638,87,9,4
1639,181,408,1
1640,279,1151,2
1641,49,47,5
1642,296,855,5
1643,44,95,4
1644,92,216,3
1645,135,39,3
1646,13,66,3
1647,262,386,3
1648,7,676,3
1649,116,942,3
1650,318,474,4
1651,141,826,2
1652,269,13,4
1653,222,1044,4
1654,82,455,4
1655,279,254,3
1656,42,685,4
1657,145,1245,5
1658,184,161,2
1659,49,625,3
1660,177,243,1
1661,313,99,4
1662,32,290,3
1663,308,848,4
1664,145,448,5
1665,130,542,3
1666,130,806,3
1667,165,288,2
1668,249,255,3
1669,49,581,3
1670,195,300,3
1671,118,475,5
1672,130,316,4
1673,104,293,3
1674,201,1229,3
1675,142,82,4
1676,119,718,5
1677,303,94,3
1678,99,50,5
1679,306,14,5
1680,92,709,2
1681,227,295,5
1682,3,337,1
1683,94,820,1
1684,59,1107,4
1685,30,539,3
1686,262,821,3
1687,6,508,3
1688,311,716,4
1689,268,364,3
1690,262,553,4
1691,214,275,3
1692,16,56,5
1693,262,293,2
1694,293,132,4
1695,62,132,5
1696,94,346,4
1697,13,59,4
1698,240,313,5
1699,102,161,2
1700,83,301,2
1701,291,7,5
1702,312,28,4
1703,31,484,5
1704,291,70,4
1705,56,172,5
1706,109,588,4
1707,110,1246,2
1708,59,429,4
1709,246,1218,3
1710,65,196,5
1711,24,367,2
1712,92,115,3
1713,308,741,4
1714,301,660,4
1715,214,1129,4
1716,158,241,4
1717,269,674,2
1718,308,493,3
1719,32,151,3
1720,224,191,4
1721,215,423,5
1722,32,1012,4
1723,154,289,2
1724,201,509,3
1725,85,298,4
1726,180,68,5
1727,184,36,3
1728,188,218,5
1729,305,11,1
1730,144,508,4
1731,73,94,1
1732,194,205,3
1733,177,203,4
1734,276,273,4
1735,198,7,4
1736,108,290,4
1737,189,197,5
1738,73,56,4
1739,172,462,3
1740,120,546,2
1741,101,471,3
1742,5,102,3
1743,26,235,2
1744,268,1249,2
1745,276,773,3
1746,13,150,5
1747,7,401,4
1748,128,482,4
1749,104,7,3
1750,293,39,3
1751,256,25,5
1752,90,821,3
1753,275,69,3
1754,22,510,5
1755,312,494,5
1756,207,192,3
1757,264,504,5
1758,137,687,4
1759,185,740,4
1760,307,687,1
1761,42,176,3
1762,145,472,3
1763,189,634,3
1764,262,121,3
1765,251,148,2
1766,259,772,4
1767,239,58,5
1768,312,921,5
1769,92,15,3
1770,81,742,2
1771,311,419,3
1772,102,448,3
1773,249,746,5
1774,95,527,4
1775,19,655,3
1776,79,100,5
1777,189,751,4
1778,253,510,5
1779,201,919,3
1780,1,17,3
1781,214,42,5
1782,7,81,5
1783,234,132,4
1784,59,148,3
1785,13,354,2
1786,6,469,5
1787,82,14,4
1788,109,627,5
1789,305,50,5
1790,195,154,3
1791,277,279,4
1792,223,8,2
1793,92,81,3
1794,201,69,2
1795,94,58,5
1796,217,144,4
1797,244,148,2
1798,313,200,3
1799,181,874,1
1800,116,1216,3
1801,303,433,4
1802,117,151,4
1803,221,327,4
1804,46,307,3
1805,91,28,4
1806,151,317,5
1807,64,176,4
1808,90,553,2
1809,116,271,4
1810,291,1139,3
1811,62,111,3
1812,196,251,3
1813,303,120,2
1814,49,547,5
1815,307,1022,4
1816,303,176,5
1817,286,154,4
1818,291,501,4
1819,235,87,4
1820,254,379,1
1821,276,157,5
1822,135,1208,3
1823,57,243,3
1824,276,1157,2
1825,7,576,5
1826,250,404,4
1827,318,768,2
1828,234,808,2
1829,289,282,3
1830,87,1079,2
1831,50,823,3
1832,25,258,5
1833,18,496,5
1834,193,790,3
1835,263,510,4
1836,209,906,2
1837,207,716,3
1838,314,535,4
1839,250,338,4
1840,262,568,3
1841,95,172,4
1842,94,470,4
1843,59,583,5
1844,277,282,4
1845,303,1286,4
1846,271,714,3
1847,269,235,3
1848,148,140,1
1849,223,977,2
1850,210,357,5
1851,185,199,4
1852,174,80,1
1853,235,480,4
1854,276,939,3
1855,99,354,2
1856,308,163,4
1857,303,738,2
1858,224,873,2
1859,298,252,4
1860,44,208,4
1861,315,13,4
1862,215,197,4
1863,269,9,4
1864,42,195,5
1865,293,79,3
1866,246,68,5
1867,101,405,4
1868,92,665,3
1869,249,88,4
1870,60,525,5
1871,13,331,3
1872,271,750,4
1873,92,731,4
1874,254,188,3
1875,311,203,5
1876,263,197,4
1877,201,660,3
1878,279,79,3
1879,138,496,4
1880,209,251,5
1881,217,7,4
1882,261,340,5
1883,176,258,4
1884,303,1037,3
1885,81,169,4
1886,62,114,4
1887,72,530,4
1888,276,364,3
1889,88,750,2
1890,49,7,4
1891,263,117,3
1892,9,298,5
1893,92,528,4
1894,249,708,4
1895,262,754,3
1896,196,655,5
1897,207,1436,3
1898,256,771,2
1899,276,226,4
1900,134,313,5
1901,311,849,3
1902,181,1383,1
1903,203,148,3
1904,247,736,5
1905,313,745,3
1906,311,83,5
1907,251,1014,5
1908,227,411,4
1909,59,550,5
1910,201,206,2
1911,58,100,5
1912,249,723,4
1913,286,1316,5
1914,11,725,3
1915,7,228,4
1916,92,846,3
1917,160,56,5
1918,103,127,4
1919,11,110,3
1920,87,2,4
1921,45,763,2
1922,293,605,3
1923,291,732,4
1924,254,575,3
1925,49,334,4
1926,222,1284,4
1927,161,162,2
1928,268,1,3
1929,59,215,5
1930,177,209,4
1931,151,1298,4
1932,299,235,1
1933,29,332,4
1934,30,435,5
1935,297,182,3
1936,315,185,4
1937,23,172,4
1938,262,47,2
1939,321,496,4
1940,191,754,3
1941,106,778,4
1942,7,151,4
1943,178,678,3
1944,84,12,5
1945,94,168,5
1946,264,33,3
1947,239,529,5
1948,90,657,5
1949,261,875,5
1950,190,302,5
1951,112,289,5
1952,144,106,3
1953,199,258,4
1954,224,20,1
1955,85,501,3
1956,301,202,5
1957,145,743,1
1958,294,127,5
1959,130,206,3
1960,103,121,3
1961,152,412,2
1962,267,840,4
1963,286,231,3
1964,200,24,2
1965,5,211,4
1966,160,117,4
1967,6,357,4
1968,158,72,3
1969,297,736,4
1970,250,244,4
1971,57,760,2
1972,58,268,5
1973,23,1006,3
1974,301,1228,4
1975,307,265,3
1976,276,1095,1
1977,223,411,1
1978,92,24,3
1979,137,300,5
1980,164,117,5
1981,276,38,3
1982,213,294,3
1983,286,34,5
1984,232,197,4
1985,150,221,4
1986,21,103,1
1987,130,731,3
1988,222,441,2
1989,1,90,4
1990,189,1005,4
1991,49,38,1
1992,311,5,3
1993,36,307,4
1994,128,228,3
1995,151,89,5
1996,248,475,5
1997,95,1229,2
1998,213,609,4
1999,203,181,5
2000,308,863,3
2001,269,47,4
2002,198,100,1
2003,297,307,4
2004,305,189,5
2005,266,676,3
2006,197,229,3
2007,74,272,5
2008,127,294,4
2009,194,4,4
2010,177,56,5
2011,45,473,3
2012,57,28,4
2013,239,187,5
2014,268,94,2
2015,238,252,3
2016,201,1010,3
2017,131,1281,4
2018,270,97,4
2019,159,127,5
2020,230,202,4
2021,92,219,4
2022,318,356,4
2023,123,531,3
2024,267,403,4
2025,232,630,3
2026,5,382,5
2027,16,155,3
2028,180,762,4
2029,178,282,3
2030,319,313,5
2031,180,737,3
2032,270,736,5
2033,269,658,2
2034,293,496,5
2035,269,793,4
2036,54,685,3
2037,21,98,5
2038,303,209,5
2039,13,766,4
2040,314,95,5
2041,151,387,5
2042,230,378,5
2043,201,403,3
2044,95,1206,4
2045,270,370,5
2046,256,716,5
2047,80,582,3
2048,303,435,5
2049,312,121,3
2050,151,1006,1
2051,62,258,5
2052,189,1115,4
2053,77,195,5
2054,99,742,5
2055,291,1028,3
2056,293,748,2
2057,181,1342,1
2058,206,900,1
2059,83,338,4
2060,262,179,4
2061,253,216,4
2062,223,596,3
2063,108,50,4
2064,94,347,5
2065,293,779,1
2066,101,281,2
2067,267,980,3
2068,201,1245,4
2069,314,1263,2
2070,271,111,4
2071,314,276,1
2072,18,387,4
2073,207,4,4
2074,313,96,5
2075,21,299,1
2076,215,144,4
2077,279,1376,4
2078,234,1015,2
2079,296,248,5
2080,270,83,4
2081,210,161,5
2082,201,79,4
2083,5,376,2
2084,184,181,4
2085,104,411,1
2086,275,449,3
2087,185,269,5
2088,276,550,4
2089,279,1182,3
2090,216,69,5
2091,21,457,1
2092,16,471,3
2093,147,292,5
2094,291,250,4
2095,28,95,3
2096,29,539,2
2097,291,471,4
2098,7,580,3
2099,181,16,1
2100,297,218,3
2101,308,559,4
2102,87,211,5
2103,97,89,5
2104,21,596,3
2105,59,710,3
2106,238,756,3
2107,178,209,4
2108,186,470,5
2109,299,615,4
2110,10,504,5
2111,110,682,4
2112,109,101,1
2113,157,250,1
2114,267,386,3
2115,181,327,3
2116,207,87,4
2117,47,995,3
2118,148,114,5
2119,94,9,5
2120,60,222,4
2121,244,409,4
2122,276,246,4
2123,90,906,2
2124,234,20,4
2125,106,107,4
2126,216,697,4
2127,294,1199,2
2128,323,257,2
2129,140,268,4
2130,220,303,4
2131,67,64,5
2132,170,299,3
2133,230,142,4
2134,299,641,4
2135,7,581,5
2136,275,501,3
2137,44,250,5
2138,291,214,4
2139,11,741,5
2140,59,286,3
2141,174,395,1
2142,194,234,3
2143,57,204,4
2144,314,417,4
2145,201,197,4
2146,184,155,3
2147,194,792,4
2148,159,1037,2
2149,186,983,3
2150,181,979,2
2151,68,7,3
2152,286,721,3
2153,316,306,4
2154,280,781,4
2155,13,14,4
2156,211,127,4
2157,187,215,3
2158,71,134,3
2159,306,242,5
2160,64,684,4
2161,303,277,3
2162,198,135,5
2163,232,91,5
2164,98,47,4
2165,53,24,3
2166,299,971,2
2167,254,1116,3
2168,7,106,4
2169,12,300,4
2170,239,10,5
2171,238,111,4
2172,130,267,5
2173,90,662,5
2174,63,20,3
2175,40,268,4
2176,181,221,1
2177,298,152,3
2178,104,327,2
2179,42,185,4
2180,181,995,1
2181,258,288,1
2182,291,578,4
2183,148,70,5
2184,305,187,4
2185,184,71,4
2186,94,556,3
2187,158,1011,4
2188,7,528,5
2189,174,237,4
2190,158,190,5
2191,201,853,4
2192,276,43,1
2193,278,311,4
2194,229,347,1
2195,101,252,3
2196,63,1028,3
2197,275,520,4
2198,275,173,3
2199,62,1073,4
2200,230,234,4
2201,109,975,3
2202,73,357,5
2203,83,118,3
2204,4,361,5
2205,130,245,1
2206,64,778,5
2207,15,473,1
2208,244,89,5
2209,7,643,4
2210,219,347,1
2211,295,704,5
2212,293,288,3
2213,125,997,2
2214,279,487,3
2215,76,582,3
2216,272,48,4
2217,269,285,5
2218,244,380,4
2219,271,220,3
2220,321,287,3
2221,306,864,3
2222,224,332,3
2223,57,1047,4
2224,145,591,4
2225,85,277,2
2226,116,7,2
2227,52,95,4
2228,209,688,1
2229,145,260,4
2230,208,202,4
2231,160,187,5
2232,141,274,5
2233,260,990,5
2234,177,299,4
2235,82,231,2
2236,223,969,5
2237,107,271,2
2238,26,25,3
2239,297,1016,3
2240,244,167,3
2241,15,678,1
2242,286,709,4
2243,82,411,3
2244,167,364,3
2245,99,181,5
2246,56,196,2
2247,293,346,3
2248,7,650,3
2249,90,425,4
2250,228,475,3
2251,82,919,3
2252,43,151,4
2253,10,289,4
2254,197,515,5
2255,57,756,3
2256,246,82,2
2257,62,24,4
2258,323,223,4
2259,13,320,1
2260,268,63,1
2261,18,863,3
2262,271,410,2
2263,307,509,3
2264,54,298,4
2265,295,47,5
2266,194,237,3
2267,194,82,2
2268,311,385,5
2269,287,257,4
2270,290,82,4
2271,262,96,4
2272,279,491,5
2273,290,393,3
2274,145,393,5
2275,305,61,4
2276,269,156,5
2277,276,180,5
2278,323,298,4
2279,296,258,5
2280,18,965,4
2281,72,528,4
2282,224,949,3
2283,125,239,5
2284,244,652,5
2285,135,431,2
2286,138,211,4
2287,59,604,3
2288,221,1059,4
2289,13,451,1
2290,42,69,4
2291,10,340,4
2292,219,882,3
2293,60,604,4
2294,125,152,1
2295,63,50,4
2296,255,448,3
2297,311,172,5
2298,7,582,5
2299,7,127,5
2300,189,203,3
2301,59,470,3
2302,313,148,2
2303,234,161,3
2304,6,143,2
2305,305,960,1
2306,226,147,3
2307,204,340,5
2308,13,493,5
2309,186,281,4
2310,6,275,4
2311,269,82,2
2312,69,300,3
2313,259,959,4
2314,5,62,4
2315,181,1164,3
2316,135,449,3
2317,222,1207,2
2318,5,231,2
2319,286,258,4
2320,104,249,3
2321,303,65,4
2322,295,73,4
2323,201,686,2
2324,13,289,2
2325,184,100,5
2326,262,786,3
2327,234,614,3
2328,1,64,5
2329,325,485,3
2330,312,641,5
2331,207,810,2
2332,262,509,3
2333,239,478,5
2334,142,181,5
2335,296,242,4
2336,291,571,2
2337,13,488,3
2338,294,676,3
2339,69,174,5
2340,195,265,4
2341,121,509,5
2342,279,509,3
2343,49,17,2
2344,7,196,5
2345,280,472,2
2346,221,780,3
2347,175,96,3
2348,180,431,4
2349,311,1222,3
2350,44,120,4
2351,318,257,5
2352,59,588,2
2353,320,117,4
2354,256,939,5
2355,310,24,4
2356,236,265,2
2357,83,139,3
2358,280,128,3
2359,43,52,4
2360,18,494,3
2361,303,87,3
2362,91,427,4
2363,318,631,4
2364,275,258,3
2365,97,482,5
2366,174,160,5
2367,268,470,3
2368,188,769,2
2369,94,89,3
2370,7,44,5
2371,158,85,4
2372,256,765,4
2373,221,69,4
2374,196,67,5
2375,232,175,5
2376,159,685,4
2377,99,182,4
2378,175,71,4
2379,254,624,2
2380,326,22,4
2381,303,291,3
2382,270,53,4
2383,181,1001,1
2384,254,418,3
2385,56,235,1
2386,11,190,3
2387,162,181,4
2388,117,829,3
2389,268,52,3
2390,320,177,5
2391,6,294,2
2392,210,380,4
2393,151,969,5
2394,42,684,4
2395,62,365,2
2396,207,121,3
2397,59,70,3
2398,26,455,3
2399,234,705,5
2400,270,466,5
2401,97,484,3
2402,11,660,3
2403,5,377,1
2404,56,797,4
2405,305,923,5
2406,173,286,5
2407,67,1095,4
2408,213,12,5
2409,268,684,3
2410,36,883,5
2411,100,321,1
2412,269,729,2
2413,131,100,5
2414,308,298,5
2415,14,709,5
2416,284,305,4
2417,191,752,3
2418,222,29,3
2419,201,421,2
2420,207,864,3
2421,303,1315,3
2422,52,1086,4
2423,305,529,5
2424,223,318,4
2425,22,79,4
2426,137,546,5
2427,292,328,3
2428,249,11,5
2429,269,616,4
2430,197,294,4
2431,42,603,4
2432,26,1016,3
2433,7,560,3
2434,193,435,4
2435,7,559,5
2436,299,186,3
2437,115,127,5
2438,59,433,5
2439,217,22,5
2440,279,709,4
2441,257,345,4
2442,279,789,4
2443,279,919,3
2444,63,222,3
2445,178,73,5
2446,90,1194,4
2447,111,313,4
2448,13,848,5
2449,94,625,4
2450,59,496,4
2451,179,905,4
2452,303,302,4
2453,299,516,4
2454,10,505,4
2455,62,464,4
2456,56,69,4
2457,92,289,3
2458,308,378,3
2459,13,144,4
2460,181,1348,1
2461,15,932,1
2462,244,155,3
2463,234,233,2
2464,15,127,2
2465,110,1179,2
2466,181,302,2
2467,236,313,4
2468,310,536,4
2469,37,55,3
2470,234,617,3
2471,303,369,1
2472,75,409,3
2473,197,518,1
2474,314,692,5
2475,187,523,3
2476,151,402,3
2477,268,264,3
2478,224,215,4
2479,292,195,5
2480,16,191,5
2481,99,597,4
2482,234,482,4
2483,303,323,1
2484,233,99,3
2485,66,249,4
2486,280,204,3
2487,301,174,5
2488,92,1142,4
2489,99,410,5
2490,221,1250,2
2491,97,98,4
2492,313,673,4
2493,58,109,4
2494,270,781,5
2495,13,476,2
2496,189,1,5
2497,67,147,3
2498,234,50,4
2499,40,880,3
2500,294,222,4
2501,293,629,3
2502,7,241,4
2503,87,775,2
2504,314,1289,2
2505,131,750,5
2506,296,48,5
2507,81,3,4
2508,151,186,4
2509,57,926,3
2510,234,134,5
2511,53,174,5
2512,280,544,4
2513,123,135,5
2514,109,797,3
2515,96,479,4
2516,236,286,5
2517,201,313,5
2518,174,471,5
2519,130,931,2
2520,151,15,4
2521,90,529,5
2522,59,12,5
2523,3,343,3
2524,310,845,5
2525,224,658,1
2526,4,357,4
2527,25,615,5
2528,11,517,2
2529,298,91,2
2530,59,170,4
2531,147,305,4
2532,314,1518,4
2533,256,413,4
2534,234,618,3
2535,246,8,3
2536,255,678,2
2537,92,106,3
2538,272,127,5
2539,104,269,5
2540,276,406,2
2541,276,34,2
2542,97,50,5
2543,150,121,2
2544,14,530,5
2545,23,170,4
2546,13,97,4
2547,165,325,4
2548,244,7,4
2549,95,416,4
2550,28,98,5
2551,259,269,3
2552,82,596,3
2553,28,173,3
2554,94,455,3
2555,276,384,3
2556,298,8,5
2557,151,210,4
2558,77,238,5
2559,200,241,4
2560,201,405,4
2561,193,332,3
2562,38,139,2
2563,291,226,5
2564,113,326,5
2565,313,191,5
2566,207,531,4
2567,214,151,5
2568,44,123,4
2569,18,154,4
2570,297,628,4
2571,279,116,1
2572,7,28,5
2573,115,92,4
2574,308,581,4
2575,62,138,1
2576,81,824,3
2577,293,1161,2
2578,13,781,3
2579,13,338,1
2580,41,28,4
2581,280,554,1
2582,287,249,5
2583,117,50,5
2584,178,106,2
2585,201,117,2
2586,256,1057,2
2587,221,204,4
2588,318,659,4
2589,262,11,4
2590,154,488,4
2591,186,385,4
2592,303,1095,2
2593,302,323,2
2594,198,179,4
2595,99,168,5
2596,229,313,2
2597,126,262,4
2598,72,226,4
2599,109,31,4
2600,34,242,5
2601,173,323,5
2602,156,276,3
2603,122,215,4
2604,276,583,3
2605,224,528,3
2606,208,88,5
2607,295,483,5
2608,279,65,1
2609,43,64,5
2610,89,197,5
2611,308,435,4
2612,315,305,5
2613,42,1041,4
2614,164,299,4
2615,7,153,5
2616,93,412,2
2617,125,1180,3
2618,70,50,4
2619,177,960,3
2620,75,476,1
2621,62,401,3
2622,130,366,5
2623,312,228,3
2624,158,414,4
2625,279,42,4
2626,210,58,4
2627,43,66,4
2628,151,490,5
2629,293,665,2
2630,293,36,1
2631,102,405,2
2632,276,291,3
2633,21,839,1
2634,194,663,4
2635,38,432,1
2636,92,453,1
2637,311,180,4
2638,198,214,4
2639,82,661,4
2640,267,238,4
2641,291,466,5
2642,151,692,3
2643,60,47,4
2644,92,79,4
2645,97,115,5
2646,314,1218,4
2647,319,338,2
2648,5,407,3
2649,15,685,4
2650,99,204,4
2651,123,192,5
2652,47,340,5
2653,222,135,5
2654,224,149,1
2655,58,284,4
2656,320,294,4
2657,268,135,4
2658,83,640,2
2659,106,692,3
2660,287,11,5
2661,305,186,4
2662,181,1320,1
2663,49,49,2
2664,6,221,4
2665,85,647,4
2666,128,736,5
2667,279,827,1
2668,271,630,2
2669,303,748,2
2670,249,124,5
2671,280,693,3
2672,207,827,3
2673,60,616,3
2674,21,184,4
2675,286,628,4
2676,145,183,5
2677,311,28,5
2678,25,228,4
2679,76,92,4
2680,246,406,3
2681,201,292,3
2682,235,647,4
2683,286,133,4
2684,48,174,5
2685,144,685,3
2686,5,24,4
2687,85,272,4
2688,286,7,4
2689,64,93,2
2690,151,429,5
2691,191,301,4
2692,287,56,5
2693,96,153,4
2694,125,615,3
2695,150,100,2
2696,93,15,5
2697,84,528,5
2698,318,50,2
2699,13,167,4
2700,213,471,3
2701,178,234,4
2702,128,418,4
2703,195,496,4
2704,13,570,5
2705,276,843,4
2706,54,268,5
2707,305,347,3
2708,14,474,4
2709,18,58,4
2710,263,921,3
2711,289,849,4
2712,194,321,3
2713,11,746,4
2714,298,842,4
2715,56,215,5
2716,13,844,1
2717,38,465,5
2718,308,165,3
2719,214,652,4
2720,102,300,3
2721,7,420,5
2722,61,328,5
2723,307,100,3
2724,21,590,1
2725,311,68,1
2726,95,1230,1
2727,303,182,5
2728,145,13,5
2729,50,253,5
2730,194,530,4
2731,145,1,3
2732,222,157,4
2733,7,188,5
2734,109,100,4
2735,90,631,5
2736,7,78,3
2737,181,1324,1
2738,201,332,2
2739,13,685,5
2740,82,73,4
2741,267,423,3
2742,194,1206,1
2743,269,106,1
2744,99,895,3
2745,235,1149,4
2746,200,665,4
2747,312,188,3
2748,145,50,5
2749,234,71,3
2750,213,48,5
2751,244,216,4
2752,316,588,1
2753,85,175,4
2754,124,50,3
2755,137,237,4
2756,13,567,1
2757,151,162,5
2758,187,116,5
2759,193,554,3
2760,49,741,4
2761,291,54,4
2762,316,292,4
2763,271,514,4
2764,194,404,3
2765,268,721,3
2766,277,1197,4
2767,301,606,3
2768,89,1048,3
2769,253,50,4
2770,102,732,3
2771,311,662,4
2772,201,943,3
2773,246,816,4
2774,172,488,3
2775,280,38,3
2776,43,1057,2
2777,311,661,3
2778,59,287,5
2779,268,83,4
2780,315,651,3
2781,145,299,4
2782,248,174,3
2783,327,191,4
2784,268,672,2
2785,297,286,5
2786,295,151,4
2787,13,877,2
2788,70,584,3
2789,145,460,1
2790,275,176,4
2791,48,259,4
2792,235,419,5
2793,83,413,1
2794,147,258,4
2795,92,521,4
2796,246,728,1
2797,43,284,5
2798,207,203,3
2799,234,485,3
2800,201,587,4
2801,286,689,5
2802,69,12,5
2803,237,494,4
2804,85,133,4
2805,276,85,3
2806,311,366,5
2807,320,399,3
2808,114,175,5
2809,42,121,4
2810,7,680,4
2811,154,302,4
2812,106,660,4
2813,313,71,4
2814,90,526,5
2815,94,186,4
2816,224,43,3
2817,44,230,2
2818,229,315,1
2819,151,480,5
2820,311,505,4
2821,320,202,4
2822,113,329,3
2823,255,859,3
2824,193,827,2
2825,276,789,3
2826,259,750,4
2827,204,172,3
2828,78,412,4
2829,85,98,4
2830,279,393,1
2831,222,323,3
2832,288,127,5
2833,42,606,3
2834,25,729,4
2835,119,213,5
2836,116,185,3
2837,123,13,3
2838,315,657,4
2839,142,243,1
2840,13,480,3
2841,201,326,2
2842,43,631,2
2843,195,387,4
2844,95,174,5
2845,130,332,4
2846,233,482,4
2847,44,530,5
2848,292,86,4
2849,176,294,2
2850,157,405,3
2851,207,787,3
2852,239,204,3
2853,251,144,5
2854,269,923,4
2855,178,148,4
2856,138,121,4
2857,30,82,4
2858,302,245,2
2859,34,690,4
2860,292,276,5
2861,271,11,4
2862,69,175,3
2863,42,456,3
2864,311,568,5
2865,183,241,4
2866,269,411,1
2867,288,196,5
2868,268,42,4
2869,308,634,4
2870,308,166,3
2871,57,831,1
2872,207,410,3
2873,271,211,5
2874,16,144,5
2875,90,603,5
2876,209,408,4
2877,299,238,4
2878,279,1228,4
2879,128,140,4
2880,307,173,5
2881,167,392,1
2882,22,791,1
2883,291,159,4
2884,194,705,2
2885,10,489,4
2886,95,128,3
2887,10,657,4
2888,59,855,4
2889,124,11,5
2890,7,133,5
2891,256,692,5
2892,85,629,3
2893,271,1266,2
2894,276,1416,3
2895,155,988,2
2896,318,476,4
2897,307,258,5
2898,28,7,5
2899,236,729,5
2900,38,672,3
2901,7,93,5
2902,255,217,2
2903,184,729,3
2904,154,175,5
2905,311,403,4
2906,116,301,3
2907,94,229,3
2908,221,508,4
2909,95,636,1
2910,44,56,2
2911,305,203,4
2912,207,508,4
2913,130,161,4
2914,98,163,3
2915,328,9,4
2916,178,218,3
2917,293,293,4
2918,162,742,4
2919,128,79,4
2920,307,1411,4
2921,269,514,4
2922,195,186,3
2923,327,533,4
2924,189,91,3
2925,206,1394,1
2926,95,143,4
2927,31,682,2
2928,94,157,5
2929,73,588,2
2930,256,819,4
2931,291,366,3
2932,222,153,4
2933,207,98,4
2934,222,298,4
2935,286,151,5
2936,116,262,3
2937,7,174,5
2938,148,495,4
2939,311,495,4
2940,178,255,4
2941,181,597,3
2942,123,847,4
2943,291,77,4
2944,237,528,5
2945,140,301,3
2946,290,222,4
2947,177,79,4
2948,65,202,4
2949,311,181,4
2950,125,796,3
2951,77,168,4
2952,58,960,4
2953,117,405,5
2954,248,127,5
2955,5,423,4
2956,254,286,1
2957,289,7,4
2958,241,294,3
2959,213,690,3
2960,99,508,4
2961,275,523,4
2962,168,284,2
2963,28,380,4
2964,144,31,3
2965,198,651,4
2966,181,1093,1
2967,221,268,5
2968,267,739,4
2969,129,303,3
2970,301,496,5
2971,94,33,3
2972,318,64,4
2973,298,477,4
2974,290,476,3
2975,16,942,4
2976,130,815,3
2977,181,304,1
2978,178,125,4
2979,42,506,3
2980,320,284,4
2981,138,151,4
2982,197,849,3
2983,215,157,4
2984,94,1119,4
2985,293,724,3
2986,79,246,5
2987,279,1492,4
2988,189,30,4
2989,233,806,4
2990,198,24,2
2991,222,172,5
2992,276,301,4
2993,70,417,3
2994,305,15,1
2995,201,370,1
2996,57,409,4
2997,13,314,1
2998,206,245,1
2999,125,173,5
3000,128,143,5
3001,92,763,3
3002,65,56,3
3003,236,506,5
3004,262,77,2
3005,90,958,4
3006,144,91,2
3007,63,841,1
3008,323,117,3
3009,197,176,5
3010,277,273,5
3011,176,288,3
3012,38,838,2
3013,99,546,4
3014,326,186,4
3015,59,663,4
3016,59,702,5
3017,26,15,4
3018,7,182,4
3019,112,354,3
3020,109,154,2
3021,121,405,2
3022,293,167,3
3023,297,198,3
3024,276,11,5
3025,222,210,4
3026,287,92,4
3027,62,443,3
3028,106,703,4
3029,276,1218,4
3030,230,210,5
3031,246,184,4
3032,22,511,4
3033,165,258,5
3034,161,174,2
3035,109,89,4
3036,305,87,1
3037,195,181,5
3038,7,193,5
3039,326,480,4
3040,77,125,3
3041,85,58,4
3042,186,588,4
3043,256,280,5
3044,84,529,5
3045,74,288,3
3046,102,432,3
3047,194,770,4
3048,267,114,5
3049,1,92,3
3050,16,504,5
3051,211,300,2
3052,90,31,4
3053,234,657,4
3054,60,1020,4
3055,92,947,4
3056,158,1,4
3057,87,1000,3
3058,276,104,1
3059,1,228,5
3060,42,143,4
3061,43,26,5
3062,299,1322,3
3063,130,200,5
3064,307,71,5
3065,147,339,5
3066,311,229,5
3067,296,286,5
3068,217,82,5
3069,80,886,4
3070,314,9,4
3071,64,527,4
3072,249,79,5
3073,21,298,5
3074,68,118,2
3075,215,151,5
3076,305,238,3
3077,308,417,3
3078,102,118,3
3079,189,120,1
3080,112,750,4
3081,130,622,3
3082,188,474,4
3083,56,585,3
3084,56,230,5
3085,20,11,2
3086,20,176,2
3087,222,25,3
3088,49,148,1
3089,307,431,4
3090,144,313,5
3091,23,404,4
3092,144,961,3
3093,160,3,3
3094,22,227,4
3095,79,508,3
3096,18,647,4
3097,151,481,3
3098,312,480,5
3099,256,29,4
3100,158,568,4
3101,311,141,4
3102,303,179,5
3103,25,478,5
3104,195,407,2
3105,152,147,3
3106,145,1001,4
3107,151,260,1
3108,194,576,2
3109,271,624,2
3110,162,121,4
3111,313,65,2
3112,6,532,3
3113,22,433,3
3114,13,915,5
3115,327,461,3
3116,200,402,4
3117,271,22,5
3118,269,478,4
3119,315,431,2
3120,178,121,5
3121,210,502,3
3122,76,135,5
3123,318,648,5
3124,279,1291,4
3125,75,121,4
3126,90,618,5
3127,44,174,5
3128,293,729,2
3129,217,195,5
3130,224,708,2
3131,246,121,4
3132,284,906,3
3133,301,172,5
3134,244,31,4
3135,95,395,3
3136,303,330,3
3137,198,640,3
3138,256,802,3
3139,46,690,5
3140,305,209,5
3141,83,364,1
3142,224,1208,1
3143,295,67,4
3144,116,248,3
3145,201,37,2
3146,155,748,2
3147,318,508,4
3148,274,288,4
3149,263,333,2
3150,145,172,5
3151,188,191,3
3152,119,313,5
3153,270,306,5
3154,262,91,3
3155,131,845,4
3156,250,260,4
3157,33,307,3
3158,37,183,4
3159,6,211,5
3160,85,517,5
3161,308,164,4
3162,42,746,3
3163,102,1025,2
3164,311,70,4
3165,181,1322,1
3166,17,508,3
3167,174,396,1
3168,125,150,1
3169,181,1364,1
3170,235,511,5
3171,1,266,1
3172,295,727,5
3173,56,194,5
3174,83,1035,4
3175,100,355,4
3176,106,828,2
3177,270,327,5
3178,181,680,1
3179,115,228,4
3180,286,771,2
3181,234,151,3
3182,16,92,4
3183,130,410,5
3184,271,121,2
3185,320,1157,4
3186,189,462,5
3187,313,31,4
3188,49,238,4
3189,60,79,4
3190,13,226,4
3191,1,121,4
3192,150,246,5
3193,13,548,3
3194,179,751,1
3195,222,426,1
3196,7,614,5
3197,157,1132,3
3198,193,368,1
3199,130,993,5
3200,166,322,5
3201,62,4,4
3202,253,183,5
3203,261,117,4
3204,269,1020,4
3205,269,136,4
3206,322,197,5
3207,7,647,5
3208,112,748,3
3209,170,245,5
3210,271,823,3
3211,294,288,5
3212,151,522,5
3213,311,213,4
3214,26,257,3
3215,291,627,4
3216,26,7,3
3217,221,468,3
3218,318,204,5
3219,87,996,3
3220,279,88,1
3221,279,562,3
3222,207,14,4
3223,279,163,5
3224,230,238,1
3225,94,235,4
3226,293,931,1
3227,121,86,5
3228,198,180,3
3229,292,653,4
3230,92,781,3
3231,291,572,3
3232,48,690,4
3233,102,264,2
3234,1,114,5
3235,180,79,3
3236,255,879,3
3237,250,2,4
3238,119,716,5
3239,101,282,3
3240,244,220,2
3241,67,1,3
3242,291,99,4
3243,59,238,5
3244,311,73,4
3245,177,919,4
3246,1,132,4
3247,144,778,4
3248,1,74,1
3249,268,68,4
3250,232,705,5
3251,49,758,1
3252,102,313,3
3253,279,1093,4
3254,279,1493,1
3255,22,173,5
3256,122,715,5
3257,145,315,5
3258,119,1101,5
3259,261,259,4
3260,1,134,4
3261,94,45,5
3262,330,11,4
3263,291,741,5
3264,6,180,4
3265,188,88,4
3266,299,921,3
3267,253,203,4
3268,215,194,4
3269,291,273,3
3270,303,867,3
3271,6,477,1
3272,307,1110,4
3273,130,876,4
3274,95,483,3
3275,74,326,4
3276,13,305,4
3277,4,260,4
3278,261,294,4
3279,159,259,4
3280,137,55,5
3281,174,699,5
3282,286,158,3
3283,87,1183,3
3284,270,230,3
3285,91,172,4
3286,296,272,5
3287,125,483,4
3288,62,1118,3
3289,328,200,4
3290,296,510,5
3291,234,500,3
3292,237,100,5
3293,150,13,4
3294,301,610,3
3295,151,25,4
3296,271,8,4
3297,87,303,3
3298,293,1220,2
3299,113,294,4
3300,311,518,3
3301,181,123,2
3302,328,905,3
3303,110,301,2
3304,288,742,3
3305,111,887,3
3306,194,196,3
3307,239,605,4
3308,109,5,3
3309,291,824,4
3310,16,168,4
3311,14,357,2
3312,22,687,1
3313,207,746,4
3314,312,1299,4
3315,268,250,4
3316,68,411,1
3317,195,887,4
3318,271,50,5
3319,74,9,4
3320,308,802,3
3321,144,66,4
3322,195,14,4
3323,18,199,3
3324,13,918,3
3325,174,41,1
3326,109,159,4
3327,227,293,5
3328,233,357,5
3329,264,475,5
3330,205,678,1
3331,275,1066,3
3332,56,68,3
3333,78,1160,5
3334,130,682,4
3335,127,380,5
3336,130,568,5
3337,58,1100,2
3338,49,473,3
3339,13,273,3
3340,203,336,3
3341,330,136,5
3342,109,195,5
3343,186,406,1
3344,293,148,1
3345,280,1028,5
3346,143,331,5
3347,183,96,3
3348,60,699,4
3349,178,131,4
3350,297,216,4
3351,59,1117,4
3352,276,429,5
3353,179,258,5
3354,87,386,2
3355,198,1169,4
3356,119,54,4
3357,297,20,4
3358,1,98,4
3359,268,205,5
3360,279,174,4
3361,64,187,5
3362,119,1262,3
3363,75,1017,5
3364,27,742,3
3365,307,21,4
3366,37,685,3
3367,82,15,3
3368,244,238,5
3369,271,274,3
3370,174,1014,3
3371,210,135,5
3372,262,258,4
3373,320,68,5
3374,85,660,4
3375,311,348,4
3376,82,208,3
3377,1,186,4
3378,145,368,3
3379,276,401,3
3380,23,213,3
3381,64,515,5
3382,63,237,3
3383,293,227,2
3384,322,32,5
3385,74,285,3
3386,297,202,3
3387,82,216,4
3388,280,145,3
3389,200,227,5
3390,290,21,3
3391,43,820,2
3392,95,573,1
3393,181,20,1
3394,178,926,4
3395,81,476,2
3396,194,410,3
3397,325,402,2
3398,276,347,4
3399,207,133,4
3400,87,135,5
3401,331,7,4
3402,315,8,3
3403,106,435,3
3404,286,83,5
3405,87,157,3
3406,87,163,4
3407,286,655,3
3408,232,8,2
3409,254,380,4
3410,96,91,5
3411,232,1,4
3412,315,98,4
3413,43,553,4
3414,305,679,3
3415,61,690,2
3416,44,665,1
3417,92,1016,2
3418,168,255,1
3419,276,270,4
3420,328,568,3
3421,222,1053,3
3422,93,222,4
3423,330,235,5
3424,82,504,4
3425,2,314,1
3426,89,732,5
3427,38,216,5
3428,308,85,4
3429,24,153,4
3430,235,1464,4
3431,1,221,5
3432,222,715,2
3433,222,69,5
3434,43,114,5
3435,331,486,3
3436,223,322,4
3437,201,452,1
3438,158,271,4
3439,32,249,4
3440,314,90,2
3441,313,245,3
3442,102,576,2
3443,211,526,4
3444,268,425,4
3445,332,770,3
3446,38,508,2
3447,280,975,4
3448,10,463,4
3449,92,386,3
3450,268,374,2
3451,69,258,4
3452,210,96,4
3453,213,144,5
3454,254,50,5
3455,58,272,5
3456,327,210,3
3457,291,385,4
3458,291,324,1
3459,246,596,3
3460,11,714,4
3461,329,100,4
3462,86,258,5
3463,7,621,5
3464,246,80,2
3465,308,481,4
3466,54,820,3
3467,177,651,3
3468,10,655,5
3469,83,631,2
3470,145,993,3
3471,255,185,4
3472,18,607,3
3473,226,180,4
3474,234,616,2
3475,274,25,5
3476,293,156,4
3477,83,476,3
3478,295,173,5
3479,286,1039,5
3480,42,48,5
3481,208,204,3
3482,232,275,2
3483,267,94,3
3484,271,242,4
3485,125,97,3
3486,323,333,4
3487,305,56,1
3488,145,250,5
3489,38,1030,5
3490,202,515,1
3491,181,975,2
3492,332,566,4
3493,108,13,3
3494,194,520,5
3495,144,62,2
3496,194,1183,2
3497,148,172,5
3498,144,1147,4
3499,269,961,5
3500,290,71,5
3501,249,597,2
3502,65,676,5
3503,301,395,1
3504,267,546,3
3505,207,754,4
3506,201,777,1
3507,314,1095,3
3508,210,631,5
3509,22,456,1
3510,59,931,2
3511,92,715,4
3512,50,475,5
3513,188,159,3
3514,303,700,3
3515,197,288,3
3516,244,676,4
3517,44,88,2
3518,164,597,4
3519,11,230,4
3520,6,297,3
3521,186,925,5
3522,190,147,4
3523,184,1137,5
3524,85,269,3
3525,185,127,5
3526,44,257,4
3527,293,484,5
3528,150,1,4
3529,60,179,4
3530,75,147,3
3531,269,640,5
3532,138,493,4
3533,299,271,3
3534,92,928,3
3535,299,24,3
3536,292,183,5
3537,5,394,2
3538,62,559,3
3539,198,549,3
3540,288,1039,2
3541,152,272,5
3542,42,999,4
3543,64,333,3
3544,99,682,2
3545,59,121,4
3546,135,233,3
3547,7,22,5
3548,24,427,5
3549,144,747,5
3550,261,322,4
3551,201,475,4
3552,133,258,5
3553,110,245,3
3554,5,384,3
3555,139,268,4
3556,112,322,4
3557,234,596,2
3558,301,184,4
3559,291,1471,3
3560,285,216,3
3561,85,53,3
3562,275,183,3
3563,296,275,4
3564,271,197,4
3565,29,748,2
3566,221,172,5
3567,323,9,4
3568,111,340,4
3569,95,176,3
3570,207,170,4
3571,136,276,5
3572,124,616,4
3573,185,528,4
3574,167,404,3
3575,286,341,5
3576,84,322,3
3577,151,529,5
3578,264,401,5
3579,289,1,3
3580,144,64,5
3581,56,29,3
3582,23,528,4
3583,328,742,4
3584,125,785,3
3585,200,72,4
3586,249,23,4
3587,130,56,5
3588,140,319,4
3589,49,102,2
3590,158,483,5
3591,222,58,3
3592,194,213,2
3593,177,89,5
3594,7,268,3
3595,59,549,4
3596,145,411,2
3597,265,7,2
3598,248,282,2
3599,239,47,2
3600,319,879,5
3601,42,102,5
3602,301,1035,4
3603,326,69,2
3604,180,67,1
3605,280,99,2
3606,145,682,3
3607,214,79,4
3608,259,210,4
3609,57,864,3
3610,261,597,4
3611,136,298,4
3612,293,705,5
3613,194,470,3
3614,75,496,5
3615,202,172,3
3616,23,183,3
3617,38,403,1
3618,52,1009,5
3619,95,720,2
3620,65,97,5
3621,207,290,2
3622,201,2,2
3623,190,751,4
3624,162,685,3
3625,221,250,5
3626,92,134,4
3627,49,695,3
3628,102,391,2
3629,6,500,4
3630,152,25,3
3631,145,278,4
3632,328,271,3
3633,116,750,4
3634,90,237,4
3635,221,318,5
3636,128,283,5
3637,94,467,4
3638,221,1218,3
3639,281,332,4
3640,294,539,4
3641,300,948,4
3642,326,153,4
3643,62,28,3
3644,159,249,4
3645,76,811,4
3646,74,237,4
3647,81,411,2
3648,280,227,3
3649,224,22,5
3650,64,77,3
3651,194,756,1
3652,15,20,3
3653,43,328,4
3654,244,100,4
3655,327,805,4
3656,21,928,3
3657,83,254,2
3658,14,22,3
3659,318,610,5
3660,92,756,3
3661,222,1078,2
3662,62,157,3
3663,13,840,3
3664,271,300,2
3665,59,13,5
3666,208,514,4
3667,289,815,3
3668,279,249,3
3669,326,50,5
3670,73,12,5
3671,28,234,4
3672,6,95,2
3673,90,354,3
3674,96,519,4
3675,7,627,3
3676,254,649,1
3677,328,519,5
3678,247,751,3
3679,45,472,3
3680,323,127,5
3681,268,566,3
3682,291,816,3
3683,59,405,3
3684,200,409,2
3685,332,975,3
3686,239,612,5
3687,22,399,4
3688,267,147,3
3689,235,319,4
3690,87,70,5
3691,216,143,2
3692,268,121,2
3693,239,317,5
3694,269,922,5
3695,207,468,4
3696,270,148,4
3697,184,559,3
3698,304,271,4
3699,331,479,2
3700,157,283,4
3701,239,183,5
3702,261,339,5
3703,301,58,4
3704,145,339,3
3705,10,321,4
3706,48,308,5
3707,321,631,4
3708,32,591,3
3709,125,1036,2
3710,1,84,4
3711,21,742,3
3712,22,186,5
3713,292,324,3
3714,72,129,4
3715,256,642,4
3716,92,1095,2
3717,73,475,4
3718,290,274,4
3719,83,543,2
3720,56,597,3
3721,83,216,4
3722,215,22,3
3723,101,369,2
3724,328,521,4
3725,307,175,4
3726,201,23,4
3727,197,570,4
3728,26,286,3
3729,90,489,5
3730,98,517,5
3731,57,250,3
3732,163,288,3
3733,1,31,3
3734,104,324,1
3735,333,894,3
3736,311,22,4
3737,237,211,4
3738,44,603,4
3739,22,96,5
3740,213,546,4
3741,257,258,3
3742,327,300,2
3743,279,1017,3
3744,53,845,3
3745,85,97,2
3746,43,286,4
3747,181,7,4
3748,297,574,1
3749,201,651,4
3750,320,99,4
3751,94,180,5
3752,235,85,4
3753,305,131,3
3754,234,229,4
3755,328,591,3
3756,328,754,4
3757,258,323,4
3758,3,323,2
3759,16,70,4
3760,286,425,2
3761,327,702,2
3762,200,265,5
3763,207,131,3
3764,292,10,5
3765,214,179,5
3766,155,321,4
3767,106,213,4
3768,200,586,4
3769,305,216,5
3770,279,1113,3
3771,178,984,2
3772,331,133,3
3773,58,45,5
3774,167,1306,5
3775,151,191,3
3776,326,168,3
3777,297,443,2
3778,191,288,3
3779,81,471,3
3780,284,258,4
3781,5,267,4
3782,150,325,1
3783,257,59,5
3784,145,443,3
3785,271,191,5
3786,176,297,3
3787,158,38,4
3788,152,716,5
3789,232,638,5
3790,109,930,3
3791,243,660,4
3792,57,744,5
3793,145,1057,1
3794,235,275,5
3795,181,124,1
3796,145,182,5
3797,249,476,3
3798,44,11,3
3799,194,566,4
3800,109,218,4
3801,49,10,3
3802,269,210,1
3803,87,233,4
3804,314,791,4
3805,292,132,4
3806,7,300,4
3807,291,460,5
3808,292,176,5
3809,290,1028,3
3810,122,427,3
3811,17,151,4
3812,59,47,5
3813,29,689,2
3814,274,411,3
3815,190,340,1
3816,213,50,5
3817,14,111,3
3818,321,131,4
3819,221,1314,3
3820,195,100,5
3821,236,187,3
3822,92,619,4
3823,303,576,3
3824,42,210,5
3825,246,423,3
3826,181,823,2
3827,197,231,3
3828,181,369,3
3829,130,172,5
3830,276,1131,3
3831,252,742,4
3832,221,1067,3
3833,292,488,5
3834,177,124,3
3835,42,785,4
3836,1,70,3
3837,13,178,4
3838,76,276,5
3839,269,72,2
3840,3,331,4
3841,290,429,4
3842,159,815,3
3843,248,474,2
3844,214,1065,5
3845,30,181,4
3846,8,182,5
3847,238,118,3
3848,249,176,4
3849,264,1069,5
3850,98,655,3
3851,123,275,4
3852,181,688,1
3853,7,162,5
3854,119,269,3
3855,181,457,1
3856,138,483,5
3857,56,63,3
3858,291,122,3
3859,326,468,3
3860,92,175,4
3861,293,654,5
3862,162,1047,5
3863,303,549,3
3864,325,504,3
3865,267,654,5
3866,130,546,4
3867,216,577,1
3868,301,53,1
3869,91,423,5
3870,301,384,5
3871,291,672,3
3872,18,196,3
3873,195,1084,4
3874,222,939,3
3875,327,274,2
3876,254,577,1
3877,332,693,5
3878,267,55,4
3879,16,443,5
3880,158,79,4
3881,305,14,4
3882,87,67,4
3883,313,175,4
3884,43,498,5
3885,234,1035,3
3886,90,11,4
3887,230,196,5
3888,1,60,5
3889,262,185,3
3890,221,1407,3
3891,279,382,4
3892,211,678,3
3893,287,1016,5
3894,167,603,4
3895,119,154,5
3896,126,878,5
3897,60,474,5
3898,296,427,5
3899,300,243,4
3900,194,971,3
3901,83,186,4
3902,207,1242,5
3903,311,1116,3
3904,181,406,1
3905,130,550,5
3906,245,222,4
3907,168,235,2
3908,256,756,4
3909,1,177,5
3910,59,10,4
3911,223,258,1
3912,243,225,3
3913,148,1149,5
3914,10,48,4
3915,178,549,4
3916,295,4,4
3917,99,124,2
3918,334,117,3
3919,263,523,5
3920,230,402,5
3921,152,132,5
3922,189,45,3
3923,130,231,3
3924,334,282,4
3925,91,193,3
3926,244,97,2
3927,83,866,3
3928,222,217,3
3929,10,203,4
3930,173,300,4
3931,269,168,4
3932,292,100,5
3933,60,508,4
3934,197,431,3
3935,313,265,4
3936,234,506,4
3937,234,959,2
3938,154,484,4
3939,14,56,5
3940,201,1211,3
3941,181,359,1
3942,52,748,4
3943,308,579,3
3944,212,515,4
3945,13,42,4
3946,268,99,3
3947,119,245,4
3948,44,202,4
3949,126,884,5
3950,159,111,4
3951,90,301,4
3952,320,42,4
3953,301,25,3
3954,114,269,4
3955,9,691,5
3956,315,17,1
3957,137,195,5
3958,183,562,3
3959,297,301,4
3960,334,603,5
3961,18,954,3
3962,152,97,5
3963,184,498,5
3964,325,430,5
3965,39,315,4
3966,231,127,3
3967,302,309,2
3968,63,150,4
3969,201,375,3
3970,200,103,2
3971,13,94,3
3972,297,22,4
3973,201,844,2
3974,14,93,3
3975,240,343,3
3976,184,716,3
3977,216,12,5
3978,38,122,1
3979,257,276,5
3980,256,778,4
3981,200,229,5
3982,148,177,2
3983,249,22,5
3984,184,47,4
3985,276,58,4
3986,268,432,3
3987,224,258,3
3988,145,25,2
3989,298,261,4
3990,244,743,5
3991,289,410,2
3992,59,132,5
3993,301,1112,4
3994,56,1090,3
3995,327,192,5
3996,285,288,5
3997,133,328,3
3998,71,346,4
3999,293,1132,3
4000,13,908,1
4001,1,27,2
4002,271,172,5
4003,286,269,5
4004,49,926,1
4005,290,153,3
4006,226,270,4
4007,104,122,3
4008,311,233,4
4009,60,178,5
4010,200,191,5
4011,128,276,4
4012,157,748,2
4013,303,460,4
4014,5,445,3
4015,268,540,1
4016,290,218,2
4017,181,1346,1
4018,189,276,3
4019,90,659,4
4020,321,134,3
4021,279,108,4
4022,197,770,3
4023,217,566,4
4024,193,682,1
4025,34,310,4
4026,293,157,5
4027,297,300,3
4028,24,742,4
4029,259,405,3
4030,303,1007,5
4031,326,282,2
4032,10,218,4
4033,334,635,2
4034,272,8,4
4035,76,1129,5
4036,13,300,1
4037,194,431,4
4038,256,291,5
4039,148,185,1
4040,276,318,5
4041,227,126,4
4042,311,553,3
4043,198,427,4
4044,13,180,5
4045,286,100,3
4046,271,451,3
4047,59,318,5
4048,328,655,4
4049,25,174,5
4050,90,971,4
4051,157,150,5
4052,106,69,4
4053,173,322,4
4054,276,1135,4
4055,276,76,4
4056,49,546,1
4057,115,234,5
4058,307,22,3
4059,82,218,3
4060,116,1082,3
4061,80,50,3
4062,59,381,5
4063,236,143,4
4064,56,174,5
4065,82,413,1
4066,82,69,4
4067,144,727,3
4068,7,526,5
4069,49,531,3
4070,1,260,1
4071,243,129,2
4072,313,488,5
4073,207,273,4
4074,334,222,4
4075,83,95,4
4076,162,230,2
4077,326,496,5
4078,236,686,3
4079,17,9,3
4080,92,1215,2
4081,82,147,3
4082,201,242,4
4083,223,237,5
4084,168,295,4
4085,186,977,3
4086,246,356,2
4087,62,135,4
4088,320,456,3
4089,48,603,4
4090,209,269,2
4091,236,1328,4
4092,92,673,4
4093,71,285,3
4094,5,167,2
4095,67,240,5
4096,188,554,2
4097,326,54,3
4098,234,462,4
4099,31,302,4
4100,228,886,1
4101,172,603,3
4102,314,1139,5
4103,297,652,3
4104,264,659,5
4105,118,174,5
4106,216,286,4
4107,290,1013,2
4108,256,278,5
4109,200,820,3
4110,49,312,3
4111,118,433,5
4112,293,195,3
4113,13,29,2
4114,42,405,4
4115,293,566,3
4116,125,158,4
4117,315,230,4
4118,296,83,5
4119,188,204,4
4120,201,4,4
4121,253,747,3
4122,315,531,5
4123,210,134,5
4124,119,1170,3
4125,151,509,4
4126,81,273,4
4127,324,748,5
4128,43,15,5
4129,298,432,4
4130,250,127,4
4131,286,1265,5
4132,203,294,2
4133,267,226,3
4134,194,735,4
4135,303,99,4
4136,193,195,1
4137,57,588,4
4138,92,672,3
4139,207,269,4
4140,325,154,3
4141,280,86,4
4142,197,449,5
4143,39,352,5
4144,197,510,5
4145,117,1,4
4146,132,922,5
4147,271,180,5
4148,222,433,4
4149,103,117,4
4150,201,26,4
4151,270,387,5
4152,104,100,4
4153,95,96,4
4154,130,204,5
4155,290,239,2
4156,314,833,4
4157,313,969,4
4158,295,722,4
4159,269,412,3
4160,49,1,2
4161,332,228,5
4162,301,11,4
4163,125,434,4
4164,336,66,3
4165,1,145,2
4166,327,230,4
4167,262,292,4
4168,313,205,5
4169,321,523,3
4170,248,185,3
4171,38,384,5
4172,224,778,1
4173,217,1222,1
4174,6,475,5
4175,331,47,5
4176,38,423,5
4177,1,174,5
4178,308,60,3
4179,207,642,3
4180,215,1039,5
4181,56,239,4
4182,109,1011,3
4183,10,124,5
4184,320,210,5
4185,269,180,3
4186,290,380,3
4187,311,205,5
4188,129,270,3
4189,109,281,2
4190,235,898,3
4191,335,328,3
4192,13,508,3
4193,201,558,2
4194,276,801,3
4195,81,118,2
4196,288,200,4
4197,263,97,4
4198,293,87,4
4199,136,117,4
4200,318,660,3
4201,295,405,5
4202,201,480,4
4203,232,708,4
4204,197,566,4
4205,313,180,5
4206,109,230,5
4207,168,596,4
4208,201,980,3
4209,222,554,2
4210,115,11,4
4211,334,224,2
4212,119,697,5
4213,198,385,3
4214,91,507,4
4215,62,281,3
4216,239,98,5
4217,324,1033,4
4218,201,823,3
4219,322,50,5
4220,107,305,4
4221,64,2,3
4222,28,50,4
4223,246,202,3
4224,168,1197,5
4225,34,259,2
4226,286,465,5
4227,184,521,4
4228,106,286,4
4229,198,1117,3
4230,291,53,5
4231,25,477,4
4232,1,159,3
4233,181,1393,1
4234,169,301,4
4235,60,172,4
4236,178,427,5
4237,149,327,2
4238,280,96,4
4239,205,984,1
4240,92,431,4
4241,244,369,4
4242,308,291,3
4243,235,684,4
4244,218,194,3
4245,307,313,5
4246,18,69,3
4247,23,215,2
4248,184,132,5
4249,244,237,5
4250,211,181,1
4251,236,696,2
4252,145,672,3
4253,235,648,4
4254,116,1016,2
4255,178,358,1
4256,11,561,2
4257,329,512,4
4258,183,405,4
4259,308,467,4
4260,207,576,3
4261,198,249,2
4262,100,750,4
4263,291,168,5
4264,115,762,4
4265,151,169,5
4266,305,403,2
4267,338,494,3
4268,292,525,5
4269,234,671,3
4270,234,584,3
4271,279,275,3
4272,234,638,4
4273,110,79,4
4274,106,273,3
4275,128,111,3
4276,298,151,3
4277,42,845,5
4278,128,747,3
4279,190,717,3
4280,1,82,5
4281,99,421,3
4282,313,208,3
4283,13,45,3
4284,305,302,4
4285,94,185,5
4286,271,204,4
4287,128,83,5
4288,267,50,5
4289,142,189,4
4290,1,56,4
4291,18,214,4
4292,188,234,4
4293,235,100,4
4294,303,408,4
4295,100,266,2
4296,178,302,4
4297,42,781,4
4298,18,488,3
4299,184,14,4
4300,293,521,3
4301,293,849,2
4302,198,156,3
4303,234,966,4
4304,181,1351,1
4305,194,153,3
4306,1,272,3
4307,265,279,2
4308,159,323,4
4309,332,229,5
4310,334,229,2
4311,126,258,4
4312,200,225,4
4313,63,246,3
4314,271,134,3
4315,179,316,5
4316,308,959,3
4317,270,70,5
4318,181,1198,1
4319,21,445,3
4320,326,675,4
4321,268,823,2
4322,109,845,4
4323,339,132,5
4324,244,95,4
4325,62,702,2
4326,321,615,5
4327,254,141,3
4328,295,423,4
4329,271,241,3
4330,7,519,4
4331,334,52,4
4332,136,14,5
4333,192,1160,4
4334,259,176,4
4335,244,509,5
4336,238,815,2
4337,73,127,5
4338,249,455,4
4339,320,291,4
4340,13,820,4
4341,10,283,4
4342,321,207,3
4343,201,991,4
4344,102,559,3
4345,190,742,3
4346,311,99,5
4347,309,333,3
4348,62,685,2
4349,116,187,5
4350,295,966,5
4351,234,72,3
4352,255,984,1
4353,161,582,1
4354,87,550,4
4355,59,559,5
4356,140,322,3
4357,224,301,3
4358,90,486,5
4359,14,792,5
4360,194,216,3
4361,222,501,2
4362,90,311,4
4363,328,43,3
4364,7,633,5
4365,151,228,5
4366,297,223,5
4367,207,529,4
4368,130,930,3
4369,314,743,1
4370,181,926,1
4371,13,509,5
4372,232,523,4
4373,201,87,3
4374,223,470,4
4375,18,602,3
4376,82,495,3
4377,144,403,3
4378,186,322,5
4379,250,174,3
4380,321,194,3
4381,28,12,4
4382,28,895,4
4383,151,405,3
4384,207,1102,3
4385,201,164,3
4386,6,509,4
4387,42,380,4
4388,221,895,2
4389,328,10,4
4390,270,159,4
4391,269,340,5
4392,216,249,3
4393,201,1424,3
4394,85,86,4
4395,95,843,4
4396,306,275,4
4397,256,235,3
4398,85,692,3
4399,11,312,4
4400,305,210,3
4401,181,321,2
4402,151,7,4
4403,296,961,5
4404,119,595,3
4405,314,929,3
4406,279,363,5
4407,188,357,4
4408,214,872,2
4409,234,209,4
4410,5,426,3
4411,1,80,4
4412,246,578,2
4413,294,979,3
4414,314,73,4
4415,312,98,4
4416,208,662,4
4417,43,382,5
4418,254,596,4
4419,3,294,2
4420,44,153,4
4421,25,742,4
4422,94,79,4
4423,262,406,3
4424,35,1025,3
4425,148,501,4
4426,70,423,5
4427,83,265,5
4428,5,222,4
4429,308,1028,2
4430,109,62,3
4431,49,173,3
4432,314,468,4
4433,334,1163,4
4434,269,205,3
4435,38,318,3
4436,102,222,3
4437,329,297,4
4438,305,1411,3
4439,236,289,4
4440,313,131,4
4441,332,284,5
4442,121,121,2
4443,60,183,5
4444,339,1030,1
4445,296,544,4
4446,11,720,1
4447,263,272,5
4448,303,203,5
4449,288,182,4
4450,291,17,4
4451,308,628,3
4452,13,755,3
4453,64,231,3
4454,277,24,4
4455,130,572,3
4456,293,386,2
4457,279,368,1
4458,189,253,4
4459,296,32,4
4460,305,169,5
4461,303,262,5
4462,95,211,3
4463,207,1098,4
4464,110,1248,3
4465,312,408,4
4466,279,1413,5
4467,15,301,4
4468,116,484,4
4469,198,51,3
4470,13,2,3
4471,332,232,5
4472,44,55,4
4473,62,716,4
4474,148,529,5
4475,303,421,4
4476,276,56,5
4477,311,484,4
4478,58,475,5
4479,85,488,4
4480,330,584,3
4481,181,1067,1
4482,301,515,3
4483,13,830,1
4484,127,268,1
4485,37,56,5
4486,314,924,5
4487,201,210,2
4488,198,511,4
4489,94,742,3
4490,209,258,2
4491,305,610,3
4492,67,405,5
4493,294,120,2
4494,246,98,4
4495,194,162,3
4496,307,393,3
4497,95,976,2
4498,268,252,3
4499,216,298,5
4500,5,453,1
4501,223,845,4
4502,293,124,4
4503,224,1119,3
4504,299,176,4
4505,130,71,5
4506,130,50,5
4507,54,313,4
4508,62,473,4
4509,312,495,4
4510,125,22,5
4511,318,357,4
4512,204,748,1
4513,182,293,3
4514,49,569,3
4515,69,56,5
4516,64,959,4
4517,325,179,5
4518,286,272,5
4519,116,880,3
4520,215,89,4
4521,46,333,5
4522,246,294,2
4523,213,25,4
4524,90,213,5
4525,110,188,4
4526,212,511,4
4527,57,1059,3
4528,57,825,1
4529,297,282,3
4530,276,176,5
4531,106,45,3
4532,151,66,4
4533,276,66,3
4534,269,76,3
4535,154,286,4
4536,210,219,3
4537,306,319,4
4538,324,471,5
4539,265,472,3
4540,85,389,3
4541,54,325,3
4542,18,498,4
4543,271,345,3
4544,123,22,4
4545,87,1189,5
4546,217,810,3
4547,198,148,3
4548,116,257,3
4549,131,274,3
4550,297,692,3
4551,266,874,2
4552,109,796,3
4553,189,480,5
4554,22,294,1
4555,234,471,3
4556,328,679,2
4557,56,79,4
4558,178,978,2
4559,216,226,3
4560,38,444,1
4561,219,179,5
4562,43,944,2
4563,279,1484,3
4564,236,507,3
4565,296,1009,3
4566,271,490,4
4567,206,903,2
4568,21,295,3
4569,318,47,2
4570,59,230,4
4571,151,175,5
4572,263,86,4
4573,308,193,3
4574,152,125,5
4575,123,165,5
4576,169,174,4
4577,294,10,3
4578,197,651,5
4579,263,892,3
4580,63,109,4
4581,206,362,1
4582,52,498,5
4583,316,213,5
4584,72,89,3
4585,189,705,4
4586,80,87,4
4587,198,746,4
4588,85,56,4
4589,194,56,5
4590,110,82,4
4591,99,741,3
4592,7,195,5
4593,323,546,2
4594,21,982,1
4595,334,93,4
4596,12,82,4
4597,43,235,3
4598,228,288,4
4599,109,90,3
4600,13,64,5
4601,178,288,5
4602,181,887,1
4603,123,606,3
4604,82,64,5
4605,138,285,4
4606,87,1182,3
4607,201,304,2
4608,70,202,4
4609,178,655,4
4610,327,558,4
4611,315,654,5
4612,251,55,3
4613,42,70,3
4614,311,482,4
4615,129,272,4
4616,307,193,3
4617,10,4,4
4618,338,211,4
4619,95,514,2
4620,342,1047,2
4621,342,792,3
4622,201,213,4
4623,32,276,4
4624,257,289,4
4625,14,175,5
4626,299,174,4
4627,6,134,5
4628,320,433,4
4629,305,257,2
4630,28,153,3
4631,308,609,4
4632,287,218,5
4633,62,421,5
4634,269,172,3
4635,119,628,4
4636,279,1142,1
4637,224,1442,3
4638,308,528,3
4639,151,435,4
4640,328,216,3
4641,295,493,5
4642,62,96,4
4643,59,1109,3
4644,255,258,4
4645,102,195,4
4646,128,660,2
4647,8,79,4
4648,197,1419,2
4649,217,578,5
4650,313,204,4
4651,162,298,4
4652,30,289,2
4653,260,319,2
4654,57,294,4
4655,334,86,4
4656,308,54,2
4657,210,255,4
4658,213,447,4
4659,189,1021,5
4660,220,306,4
4661,104,1241,1
4662,339,582,4
4663,28,184,4
4664,51,148,3
4665,244,157,4
4666,234,491,4
4667,275,588,3
4668,186,53,1
4669,99,1052,1
4670,269,131,5
4671,311,720,3
4672,270,1119,5
4673,286,1035,3
4674,311,94,3
4675,211,257,5
4676,239,671,5
4677,201,98,4
4678,43,403,4
4679,315,216,4
4680,53,924,3
4681,308,452,2
4682,338,613,3
4683,90,357,5
4684,303,327,1
4685,247,271,2
4686,144,303,4
4687,102,1030,1
4688,90,739,5
4689,72,527,4
4690,286,248,5
4691,201,32,3
4692,327,497,4
4693,141,125,5
4694,167,675,1
4695,262,217,3
4696,151,813,4
4697,13,859,1
4698,276,207,4
4699,246,1073,4
4700,298,98,4
4701,23,88,3
4702,94,700,2
4703,130,772,4
4704,5,403,3
4705,297,176,4
4706,178,250,4
4707,128,417,4
4708,270,281,5
4709,63,251,4
4710,42,357,5
4711,100,288,2
4712,334,100,5
4713,162,222,4
4714,184,1020,4
4715,13,625,2
4716,72,79,4
4717,213,8,3
4718,82,13,2
4719,314,735,5
4720,59,488,3
4721,14,313,2
4722,236,200,3
4723,325,240,1
4724,286,164,3
4725,268,768,3
4726,83,77,4
4727,313,230,3
4728,21,218,4
4729,325,656,4
4730,283,83,4
4731,223,323,2
4732,130,418,5
4733,28,282,4
4734,43,7,4
4735,293,559,2
4736,286,432,3
4737,176,272,5
4738,237,499,2
4739,332,451,5
4740,303,273,3
4741,286,13,2
4742,327,169,2
4743,262,50,2
4744,312,631,5
4745,102,734,2
4746,16,655,5
4747,23,90,2
4748,249,182,5
4749,18,209,4
4750,293,216,4
4751,308,607,3
4752,164,689,5
4753,306,1009,4
4754,327,655,4
4755,280,756,4
4756,106,97,5
4757,109,147,4
4758,156,58,4
4759,133,260,1
4760,23,511,5
4761,112,689,4
4762,116,313,5
4763,271,13,4
4764,313,136,5
4765,240,898,5
4766,52,405,4
4767,280,202,3
4768,262,1278,4
4769,275,252,2
4770,187,732,3
4771,13,428,5
4772,268,946,3
4773,234,283,3
4774,16,151,5
4775,336,108,3
4776,235,435,5
4777,216,274,3
4778,246,215,2
4779,13,913,1
4780,21,439,1
4781,94,99,3
4782,82,275,2
4783,339,55,3
4784,59,1116,3
4785,217,685,5
4786,295,736,5
4787,170,328,3
4788,151,826,1
4789,13,212,5
4790,223,1,4
4791,246,196,3
4792,154,137,3
4793,158,144,4
4794,11,120,2
4795,18,630,3
4796,197,181,5
4797,235,433,4
4798,331,69,5
4799,244,278,3
4800,217,540,1
4801,312,134,5
4802,299,168,4
4803,234,1172,3
4804,224,632,2
4805,327,474,3
4806,184,780,4
4807,62,1107,1
4808,65,70,1
4809,101,928,2
4810,210,465,4
4811,144,237,4
4812,320,250,4
4813,311,692,4
4814,159,328,3
4815,128,77,3
4816,167,48,1
4817,291,558,4
4818,56,143,3
4819,38,392,5
4820,293,264,3
4821,115,69,1
4822,276,250,4
4823,280,225,4
4824,295,588,4
4825,26,321,3
4826,302,328,3
4827,145,109,4
4828,201,380,1
4829,57,252,2
4830,280,100,3
4831,310,258,3
4832,26,269,4
4833,308,4,5
4834,269,174,1
4835,262,71,4
4836,221,684,4
4837,263,521,3
4838,256,276,3
4839,1,229,4
4840,266,508,4
4841,59,127,5
4842,325,505,4
4843,327,133,4
4844,282,269,4
4845,151,300,4
4846,104,283,4
4847,291,1017,4
4848,276,770,4
4849,334,1108,4
4850,224,879,3
4851,64,1133,4
4852,58,42,4
4853,106,584,4
4854,159,258,4
4855,268,248,3
4856,318,286,3
4857,6,525,5
4858,327,431,3
4859,77,23,4
4860,95,15,4
4861,255,452,3
4862,144,328,3
4863,102,307,4
4864,269,1014,3
4865,184,172,4
4866,306,306,5
4867,49,732,3
4868,181,1347,1
4869,293,514,4
4870,330,121,4
4871,125,1074,3
4872,291,147,4
4873,269,214,3
4874,13,168,4
4875,305,76,1
4876,313,435,5
4877,307,229,5
4878,314,54,4
4879,269,529,5
4880,283,186,5
4881,158,8,5
4882,92,87,3
4883,85,842,3
4884,20,118,4
4885,193,393,4
4886,167,222,4
4887,201,1187,3
4888,125,346,1
4889,144,880,5
4890,234,628,2
4891,291,574,1
4892,224,977,2
4893,152,780,5
4894,71,462,5
4895,151,755,3
4896,135,229,2
4897,92,931,1
4898,95,33,3
4899,130,125,5
4900,269,405,1
4901,297,277,3
4902,62,527,4
4903,221,17,4
4904,11,743,2
4905,230,50,5
4906,159,930,4
4907,174,107,5
4908,97,7,5
4909,84,289,5
4910,63,948,3
4911,125,143,5
4912,160,126,3
4913,316,483,4
4914,32,117,3
4915,327,93,4
4916,13,856,5
4917,216,202,4
4918,92,1212,3
4919,1,140,1
4920,263,183,4
4921,5,173,4
4922,85,372,4
4923,194,519,4
4924,109,550,5
4925,201,198,4
4926,340,172,4
4927,49,117,1
4928,7,642,3
4929,239,286,1
4930,198,568,3
4931,237,23,4
4932,239,135,5
4933,5,241,1
4934,72,382,4
4935,297,480,4
4936,249,826,1
4937,25,127,3
4938,94,227,3
4939,195,591,4
4940,92,85,3
4941,85,709,5
4942,308,502,5
4943,311,117,4
4944,247,251,4
4945,235,792,4
4946,329,326,3
4947,338,79,4
4948,244,428,4
4949,187,70,4
4950,253,483,5
4951,194,62,2
4952,70,71,3
4953,203,332,5
4954,49,72,2
4955,308,673,4
4956,246,426,3
4957,280,231,3
4958,180,433,5
4959,110,1250,3
4960,327,811,4
4961,339,47,4
4962,194,132,3
4963,1,225,2
4964,36,319,2
4965,342,746,4
4966,260,1105,5
4967,40,754,4
4968,175,31,4
4969,62,827,2
4970,138,100,5
4971,252,9,5
4972,59,421,5
4973,110,540,3
4974,1,235,5
4975,334,269,3
4976,301,95,5
4977,63,6,3
4978,269,805,2
4979,151,357,5
4980,268,404,4
4981,199,473,4
4982,22,780,1
4983,28,441,2
4984,299,210,4
4985,317,326,3
4986,254,384,1
4987,178,245,3
4988,297,194,3
4989,90,966,5
4990,11,734,3
4991,325,514,4
4992,249,411,3
4993,18,964,3
4994,311,118,3
4995,334,293,3
4996,294,483,4
4997,297,86,5
4998,293,647,5
4999,294,876,3
5000,286,142,4
5001,308,569,3
5002,222,164,4
5003,49,721,2
5004,303,1090,1
5005,73,474,5
5006,93,845,4
5007,85,1101,4
5008,223,216,5
5009,42,1043,2
5010,234,212,2
5011,16,288,3
5012,13,319,4
5013,135,294,4
5014,168,411,1
5015,72,204,4
5016,144,523,5
5017,303,398,1
5018,128,215,3
5019,320,11,4
5020,267,684,4
5021,60,490,4
5022,189,694,4
5023,116,905,2
5024,249,240,4
5025,110,300,3
5026,201,1063,3
5027,180,121,5
5028,87,1072,3
5029,6,209,4
5030,63,301,5
5031,179,895,5
5032,148,98,3
5033,13,312,1
5034,15,278,1
5035,176,305,5
5036,102,66,3
5037,293,251,4
5038,42,204,5
5039,328,523,5
5040,206,333,4
5041,279,67,4
5042,158,42,3
5043,70,151,3
5044,271,661,4
5045,37,222,3
5046,279,1095,1
5047,250,200,5
5048,103,144,4
5049,50,1084,5
5050,128,1141,4
5051,336,577,1
5052,275,191,4
5053,95,173,5
5054,87,651,4
5055,21,678,2
5056,145,1217,2
5057,13,860,1
5058,312,676,3
5059,200,431,5
5060,102,67,1
5061,325,506,5
5062,221,1073,4
5063,2,297,4
5064,305,733,3
5065,275,969,2
5066,11,215,3
5067,341,876,4
5068,231,126,5
5069,269,474,4
5070,13,540,3
5071,102,809,3
5072,254,240,1
5073,234,486,3
5074,256,932,3
5075,249,58,5
5076,305,947,4
5077,262,15,3
5078,325,187,3
5079,184,836,4
5080,11,428,4
5081,40,258,3
5082,313,740,2
5083,276,1314,3
5084,101,1051,2
5085,236,699,4
5086,207,134,4
5087,215,82,3
5088,125,945,5
5089,120,282,4
5090,293,461,2
5091,160,93,5
5092,298,418,4
5093,326,444,4
5094,246,849,1
5095,278,301,2
5096,166,288,3
5097,328,4,3
5098,70,265,4
5099,298,465,4
5100,343,186,4
5101,205,313,3
5102,201,461,4
5103,276,1478,3
5104,91,264,4
5105,250,294,1
5106,68,405,3
5107,246,99,3
5108,10,704,3
5109,97,435,4
5110,99,118,2
5111,102,302,3
5112,70,152,4
5113,41,31,3
5114,178,179,2
5115,6,19,4
5116,89,246,5
5117,254,257,3
5118,94,402,4
5119,42,404,5
5120,130,566,4
5121,13,614,4
5122,286,642,3
5123,291,410,5
5124,214,121,4
5125,246,284,1
5126,130,413,3
5127,320,1210,4
5128,60,810,4
5129,141,744,5
5130,288,97,4
5131,145,750,4
5132,189,496,5
5133,130,55,5
5134,328,431,2
5135,177,1039,3
5136,201,281,2
5137,301,456,3
5138,136,56,4
5139,74,15,4
5140,169,429,3
5141,1,120,1
5142,100,302,4
5143,303,716,2
5144,216,498,3
5145,6,476,1
5146,329,98,4
5147,230,511,2
5148,113,321,3
5149,64,100,4
5150,13,876,2
5151,269,771,1
5152,6,154,3
5153,327,962,3
5154,179,345,1
5155,60,152,4
5156,222,250,2
5157,83,252,4
5158,330,51,5
5159,125,290,4
5160,181,286,1
5161,327,451,4
5162,161,14,4
5163,18,82,3
5164,24,372,4
5165,200,286,4
5166,73,202,2
5167,22,29,1
5168,96,8,5
5169,343,1107,3
5170,297,12,5
5171,279,1411,3
5172,110,202,2
5173,94,257,4
5174,72,176,2
5175,102,89,4
5176,119,684,4
5177,60,151,5
5178,295,404,4
5179,308,447,4
5180,312,1203,5
5181,343,55,3
5182,284,259,2
5183,276,563,3
5184,280,736,2
5185,311,310,4
5186,18,739,3
5187,87,209,5
5188,13,90,3
5189,58,1097,5
5190,224,243,2
5191,279,780,4
5192,56,568,4
5193,330,215,5
5194,7,92,5
5195,179,315,5
5196,64,239,3
5197,297,699,4
5198,21,424,1
5199,188,792,2
5200,91,195,5
5201,293,194,4
5202,94,727,5
5203,274,148,2
5204,57,282,5
5205,276,780,3
5206,216,651,5
5207,151,241,3
5208,62,8,5
5209,197,68,2
5210,59,385,4
5211,119,275,5
5212,118,324,4
5213,304,298,5
5214,26,9,4
5215,312,847,3
5216,308,965,4
5217,270,707,5
5218,297,31,3
5219,221,100,5
5220,116,760,3
5221,119,193,4
5222,177,300,2
5223,161,654,3
5224,303,235,4
5225,117,174,4
5226,327,216,3
5227,327,1098,4
5228,23,516,4
5229,181,1051,2
5230,48,661,5
5231,76,531,4
5232,189,129,3
5233,1,125,3
5234,312,144,1
5235,301,410,4
5236,306,476,3
5237,38,616,3
5238,223,298,5
5239,145,1292,1
5240,328,528,5
5241,174,458,4
5242,303,31,3
5243,23,83,4
5244,6,175,4
5245,173,938,3
5246,313,239,3
5247,38,780,4
5248,184,89,4
5249,44,155,3
5250,244,13,4
5251,13,263,5
5252,344,479,4
5253,40,340,2
5254,141,222,4
5255,144,286,4
5256,324,597,4
5257,222,700,3
5258,96,484,5
5259,90,199,5
5260,1,215,3
5261,270,379,5
5262,251,257,3
5263,246,109,5
5264,130,90,4
5265,326,318,5
5266,9,521,4
5267,221,32,4
5268,20,186,3
5269,37,79,4
5270,279,871,4
5271,163,56,4
5272,84,284,3
5273,201,676,2
5274,46,1062,5
5275,72,82,3
5276,117,176,5
5277,269,608,4
5278,148,214,5
5279,294,1067,4
5280,121,174,3
5281,20,172,3
5282,59,724,5
5283,108,125,3
5284,49,53,4
5285,294,678,2
5286,240,301,5
5287,299,602,3
5288,246,802,1
5289,13,788,1
5290,303,1508,1
5291,207,1283,4
5292,255,271,4
5293,195,477,2
5294,312,557,5
5295,144,302,3
5296,102,399,2
5297,297,515,5
5298,106,165,5
5299,291,421,4
5300,145,552,5
5301,89,936,5
5302,85,71,4
5303,282,271,3
5304,339,856,5
5305,135,227,3
5306,151,91,2
5307,221,467,4
5308,286,196,4
5309,116,195,4
5310,94,738,2
5311,144,172,4
5312,214,208,5
5313,234,519,5
5314,244,596,4
5315,222,739,4
5316,74,126,3
5317,45,127,5
5318,344,306,5
5319,116,887,3
5320,181,1362,1
5321,144,461,4
5322,189,1099,5
5323,53,228,3
5324,2,290,3
5325,299,739,3
5326,313,139,3
5327,274,275,5
5328,321,521,2
5329,134,539,4
5330,269,486,3
5331,94,655,4
5332,262,1220,4
5333,181,1265,1
5334,109,4,2
5335,12,96,4
5336,109,42,1
5337,90,307,5
5338,77,498,5
5339,314,620,3
5340,48,210,3
5341,305,1101,4
5342,198,357,5
5343,222,293,3
5344,207,186,4
5345,158,580,4
5346,255,551,1
5347,87,1047,3
5348,301,9,3
5349,279,1498,4
5350,299,343,3
5351,339,288,3
5352,13,782,3
5353,210,722,4
5354,200,528,4
5355,193,693,4
5356,297,678,3
5357,128,216,5
5358,311,38,3
5359,169,879,5
5360,174,82,1
5361,13,440,1
5362,95,378,4
5363,321,224,3
5364,180,83,5
5365,150,127,5
5366,332,233,4
5367,102,83,3
5368,263,678,2
5369,128,97,3
5370,239,288,2
5371,275,202,3
5372,311,471,4
5373,267,145,4
5374,253,210,4
5375,250,64,5
5376,284,339,3
5377,327,849,2
5378,11,90,2
5379,222,93,2
5380,299,26,4
5381,276,748,3
5382,274,496,5
5383,252,129,4
5384,244,1225,2
5385,75,820,3
5386,194,52,4
5387,328,627,3
5388,201,955,3
5389,253,198,5
5390,221,39,4
5391,334,317,3
5392,271,414,4
5393,158,525,5
5394,64,705,5
5395,294,24,4
5396,28,480,5
5397,269,959,5
5398,299,270,4
5399,151,655,4
5400,177,87,4
5401,269,15,2
5402,279,740,3
5403,332,673,5
5404,269,483,4
5405,91,682,2
5406,246,17,2
5407,290,418,3
5408,9,487,5
5409,217,797,4
5410,234,14,3
5411,292,1050,4
5412,65,1129,4
5413,222,231,2
5414,299,32,3
5415,279,685,3
5416,15,620,4
5417,68,178,5
5418,293,210,3
5419,43,931,1
5420,344,278,3
5421,56,368,3
5422,339,30,3
5423,144,518,3
5424,125,734,3
5425,12,735,5
5426,269,484,3
5427,90,179,5
5428,185,237,4
5429,243,275,3
5430,269,1091,2
5431,11,429,5
5432,13,88,4
5433,120,25,5
5434,198,402,3
5435,165,304,3
5436,138,98,5
5437,94,561,3
5438,293,188,3
5439,39,258,4
5440,159,237,3
5441,344,39,3
5442,69,1017,5
5443,230,673,3
5444,160,124,4
5445,44,228,5
5446,298,1142,4
5447,345,1160,3
5448,94,133,4
5449,121,122,2
5450,325,109,2
5451,160,1019,5
5452,205,333,4
5453,343,44,3
5454,321,1028,2
5455,102,986,1
5456,268,123,3
5457,19,153,4
5458,125,511,5
5459,332,1188,5
5460,90,132,5
5461,16,657,5
5462,316,50,1
5463,272,11,4
5464,85,380,4
5465,279,1118,3
5466,269,761,2
5467,75,696,4
5468,249,469,4
5469,311,671,3
5470,58,222,4
5471,254,99,3
5472,308,632,3
5473,125,1272,1
5474,49,40,1
5475,83,1101,2
5476,16,294,4
5477,94,214,5
5478,295,624,5
5479,152,866,5
5480,128,227,2
5481,119,235,5
5482,122,1268,2
5483,276,561,2
5484,251,109,4
5485,7,90,3
5486,184,275,5
5487,262,628,2
5488,279,13,3
5489,181,764,1
5490,21,56,5
5491,298,660,3
5492,98,321,3
5493,145,949,4
5494,164,458,4
5495,232,64,4
5496,184,126,3
5497,269,209,4
5498,26,100,5
5499,57,1093,3
5500,117,338,3
5501,297,97,5
5502,276,969,4
5503,119,1263,3
5504,345,722,3
5505,318,72,4
5506,246,410,1
5507,158,809,3
5508,178,651,4
5509,254,625,3
5510,21,106,2
5511,225,136,5
5512,41,486,4
5513,234,191,4
5514,78,289,4
5515,90,9,4
5516,313,415,2
5517,180,716,1
5518,344,462,2
5519,268,810,2
5520,195,227,3
5521,72,603,4
5522,31,135,4
5523,303,1267,3
5524,64,731,3
5525,62,89,5
5526,151,662,4
5527,189,1372,4
5528,213,79,5
5529,219,13,1
5530,345,708,3
5531,244,712,3
5532,220,288,5
5533,1,6,5
5534,239,923,5
5535,290,202,4
5536,194,523,5
5537,200,831,4
5538,346,213,3
5539,267,214,4
5540,100,340,3
5541,42,521,2
5542,214,45,4
5543,264,320,4
5544,145,1102,1
5545,10,22,5
5546,299,71,3
5547,313,608,4
5548,209,242,4
5549,221,92,4
5550,293,646,3
5551,184,1012,3
5552,70,260,2
5553,90,30,5
5554,144,1169,4
5555,1,104,1
5556,21,288,3
5557,6,523,5
5558,248,181,4
5559,168,409,4
5560,234,878,2
5561,44,238,4
5562,296,1073,5
5563,296,96,5
5564,206,288,5
5565,76,100,5
5566,327,50,3
5567,308,811,4
5568,338,168,3
5569,125,238,3
5570,299,1074,3
5571,85,203,5
5572,77,431,5
5573,18,367,4
5574,293,572,2
5575,286,228,3
5576,246,568,4
5577,174,902,3
5578,268,163,2
5579,291,555,1
5580,151,478,5
5581,269,63,1
5582,11,97,4
5583,83,748,2
5584,83,125,5
5585,145,717,3
5586,56,426,4
5587,339,435,4
5588,35,242,2
5589,18,462,3
5590,194,708,3
5591,14,514,4
5592,345,651,4
5593,279,415,3
5594,12,471,5
5595,126,332,2
5596,16,22,5
5597,116,758,1
5598,220,325,1
5599,151,328,3
5600,280,11,5
5601,10,155,4
5602,73,1149,4
5603,180,213,5
5604,13,831,3
5605,181,1291,1
5606,92,132,3
5607,345,202,3
5608,269,482,3
5609,59,241,4
5610,322,508,4
5611,18,25,3
5612,343,135,5
5613,62,856,4
5614,144,528,4
5615,24,662,5
5616,108,282,3
5617,95,518,4
5618,276,383,2
5619,187,427,5
5620,13,315,5
5621,332,98,5
5622,12,172,4
5623,347,22,5
5624,201,8,3
5625,90,855,5
5626,193,1132,3
5627,99,203,4
5628,122,708,5
5629,15,742,2
5630,222,1239,2
5631,57,56,3
5632,332,595,4
5633,6,498,4
5634,339,58,3
5635,268,154,4
5636,102,202,4
5637,213,474,2
5638,73,196,4
5639,283,70,4
5640,122,212,5
5641,201,454,2
5642,298,652,3
5643,7,10,4
5644,314,29,5
5645,130,1277,4
5646,201,275,4
5647,304,681,2
5648,130,748,4
5649,118,176,5
5650,182,237,3
5651,13,794,4
5652,242,934,5
5653,69,1134,5
5654,77,153,5
5655,151,196,4
5656,279,202,4
5657,233,958,5
5658,284,682,3
5659,181,301,2
5660,286,419,5
5661,327,14,4
5662,256,195,5
5663,331,1100,2
5664,102,186,4
5665,119,338,1
5666,234,316,4
5667,295,378,4
5668,14,100,5
5669,184,1006,3
5670,216,721,4
5671,130,148,4
5672,130,229,4
5673,158,100,5
5674,222,972,2
5675,122,792,3
5676,59,14,5
5677,31,705,5
5678,254,501,3
5679,297,475,5
5680,193,328,3
5681,292,28,4
5682,1,49,3
5683,242,1152,5
5684,267,559,3
5685,82,705,3
5686,292,1039,4
5687,14,455,4
5688,308,511,5
5689,236,170,5
5690,334,4,3
5691,130,1215,2
5692,145,203,5
5693,156,205,3
5694,340,435,4
5695,94,385,2
5696,94,109,4
5697,168,988,2
5698,313,151,1
5699,96,645,5
5700,308,109,3
5701,94,393,3
5702,21,995,2
5703,5,234,2
5704,317,350,5
5705,102,62,3
5706,118,156,5
5707,276,786,3
5708,116,259,4
5709,81,93,3
5710,92,595,3
5711,250,111,4
5712,344,215,3
5713,320,148,4
5714,79,124,5
5715,94,313,4
5716,1,206,4
5717,128,966,4
5718,269,664,5
5719,318,795,2
5720,16,940,2
5721,54,276,5
5722,291,1109,4
5723,298,172,4
5724,234,292,4
5725,106,15,3
5726,114,1104,5
5727,299,137,4
5728,301,771,2
5729,73,7,4
5730,332,44,3
5731,308,1019,4
5732,187,28,4
5733,94,783,2
5734,15,137,4
5735,286,56,2
5736,222,756,4
5737,18,699,5
5738,68,245,3
5739,134,748,5
5740,334,1207,2
5741,243,223,4
5742,322,479,5
5743,334,481,5
5744,243,13,4
5745,268,16,3
5746,90,241,5
5747,267,484,5
5748,233,48,5
5749,77,4,3
5750,184,92,3
5751,148,596,5
5752,59,664,4
5753,110,734,2
5754,285,628,2
5755,244,101,5
5756,314,366,4
5757,303,654,5
5758,186,333,3
5759,92,785,3
5760,151,486,5
5761,6,188,3
5762,293,125,2
5763,194,51,4
5764,291,552,3
5765,87,790,4
5766,299,50,4
5767,56,1,4
5768,277,9,4
5769,174,823,4
5770,92,1047,1
5771,177,182,5
5772,41,751,4
5773,1,76,4
5774,113,262,2
5775,271,657,4
5776,323,7,2
5777,303,373,2
5778,138,238,5
5779,325,98,4
5780,106,64,4
5781,222,155,4
5782,345,367,4
5783,273,328,3
5784,144,1039,4
5785,157,127,5
5786,211,310,3
5787,56,31,4
5788,168,1016,5
5789,303,129,5
5790,76,258,3
5791,223,249,2
5792,60,28,5
5793,321,507,3
5794,141,932,3
5795,73,286,4
5796,226,480,4
5797,90,713,4
5798,272,172,4
5799,19,313,2
5800,145,286,3
5801,342,764,1
5802,224,322,2
5803,328,1126,3
5804,268,552,2
5805,179,354,4
5806,308,526,3
5807,267,693,4
5808,345,402,4
5809,6,213,4
5810,12,143,5
5811,210,160,4
5812,290,546,2
5813,293,300,2
5814,58,248,4
5815,303,181,5
5816,298,498,5
5817,347,501,4
5818,236,172,3
5819,102,121,3
5820,290,404,3
5821,92,123,2
5822,151,274,5
5823,6,432,4
5824,256,1289,4
5825,43,216,5
5826,189,632,5
5827,263,514,3
5828,22,117,4
5829,250,44,4
5830,269,188,2
5831,278,98,4
5832,155,294,3
5833,140,334,2
5834,18,190,4
5835,239,198,5
5836,104,342,3
5837,251,258,3
5838,72,64,5
5839,305,338,3
5840,72,566,4
5841,339,226,2
5842,1,72,4
5843,194,511,4
5844,316,549,5
5845,201,150,4
5846,206,1127,4
5847,48,187,5
5848,279,418,3
5849,94,153,5
5850,217,53,1
5851,94,765,3
5852,250,485,4
5853,79,288,3
5854,230,393,3
5855,128,64,5
5856,311,367,3
5857,76,518,3
5858,62,153,4
5859,6,515,4
5860,215,11,2
5861,145,569,4
5862,213,715,5
5863,94,1199,3
5864,10,294,3
5865,344,181,3
5866,53,100,5
5867,20,678,4
5868,207,294,3
5869,123,285,5
5870,256,1028,4
5871,174,94,2
5872,5,154,3
5873,308,488,4
5874,222,436,4
5875,200,7,4
5876,65,121,4
5877,7,485,5
5878,295,843,4
5879,63,111,3
5880,7,511,5
5881,198,11,4
5882,295,1503,2
5883,267,28,4
5884,91,99,2
5885,151,321,4
5886,13,302,5
5887,293,1098,2
5888,42,131,2
5889,328,1135,1
5890,14,519,5
5891,234,142,2
5892,230,154,4
5893,152,98,2
5894,164,313,5
5895,55,144,5
5896,318,1014,2
5897,3,332,1
5898,290,818,3
5899,125,175,2
5900,243,93,2
5901,21,670,3
5902,268,228,4
5903,7,654,5
5904,82,178,4
5905,318,524,3
5906,89,381,4
5907,301,123,4
5908,193,673,4
5909,1,185,4
5910,323,79,4
5911,21,219,5
5912,197,328,4
5913,184,15,3
5914,313,482,5
5915,109,823,3
5916,152,167,5
5917,297,629,3
5918,167,1147,4
5919,264,524,3
5920,280,571,3
5921,222,577,1
5922,21,591,3
5923,210,501,4
5924,280,230,3
5925,86,286,3
5926,320,174,4
5927,144,50,5
5928,256,97,4
5929,65,427,5
5930,198,429,4
5931,184,217,3
5932,151,709,5
5933,18,530,4
5934,43,724,4
5935,86,319,3
5936,242,305,5
5937,97,28,5
5938,114,195,4
5939,188,69,4
5940,301,230,4
5941,85,241,3
5942,129,313,3
5943,106,77,4
5944,261,748,3
5945,188,7,5
5946,13,208,5
5947,342,288,5
5948,299,286,4
5949,311,204,5
5950,125,813,1
5951,276,463,4
5952,13,421,2
5953,141,472,5
5954,222,550,3
5955,191,896,3
5956,144,516,2
5957,216,1047,3
5958,151,213,5
5959,144,845,4
5960,4,356,3
5961,96,64,5
5962,160,79,4
5963,49,369,1
5964,110,332,3
5965,209,351,2
5966,178,1004,4
5967,344,97,3
5968,11,203,4
5969,241,307,4
5970,239,312,2
5971,276,719,3
5972,18,191,4
5973,141,535,5
5974,18,971,4
5975,162,42,3
5976,342,591,3
5977,278,525,5
5978,102,217,2
5979,16,447,5
5980,343,82,5
5981,109,357,2
5982,301,732,4
5983,303,202,5
5984,250,378,4
5985,234,507,4
5986,217,68,3
5987,87,523,5
5988,95,26,3
5989,245,94,2
5990,95,289,2
5991,334,1008,4
5992,201,896,3
5993,126,323,3
5994,150,475,5
5995,59,871,2
5996,227,9,3
5997,169,603,5
5998,293,553,3
5999,201,190,4
6000,58,8,4
6001,303,840,2
6002,328,1106,2
6003,58,850,5
6004,299,101,2
6005,339,573,3
6006,235,198,3
6007,58,347,3
6008,291,455,5
6009,178,275,5
6010,99,1119,4
6011,296,292,5
6012,343,569,3
6013,18,513,4
6014,312,238,3
6015,62,294,1
6016,97,428,4
6017,215,64,4
6018,343,47,4
6019,334,223,5
6020,349,411,4
6021,311,433,3
6022,236,134,4
6023,27,596,2
6024,64,211,4
6025,144,713,4
6026,110,22,4
6027,109,665,5
6028,1,96,5
6029,267,597,3
6030,89,127,5
6031,59,258,3
6032,239,1245,5
6033,222,96,5
6034,8,294,3
6035,95,137,3
6036,280,566,4
6037,311,469,5
6038,11,521,2
6039,222,1226,4
6040,184,645,3
6041,17,1,4
6042,223,69,5
6043,64,429,4
6044,262,252,3
6045,87,154,4
6046,286,96,4
6047,207,53,1
6048,334,8,4
6049,79,937,2
6050,276,147,4
6051,314,328,4
6052,127,286,1
6053,94,203,5
6054,348,628,4
6055,348,370,4
6056,206,896,4
6057,85,508,2
6058,312,639,5
6059,59,1009,4
6060,344,1283,2
6061,188,211,4
6062,343,371,2
6063,184,972,3
6064,308,746,4
6065,62,298,4
6066,244,1017,4
6067,135,54,3
6068,14,151,5
6069,327,469,4
6070,148,71,5
6071,6,156,3
6072,52,257,3
6073,130,58,2
6074,222,413,3
6075,76,12,3
6076,44,317,4
6077,293,172,5
6078,95,32,1
6079,130,47,3
6080,12,97,5
6081,38,99,5
6082,13,409,3
6083,198,188,5
6084,328,144,4
6085,12,204,5
6086,241,750,5
6087,216,628,4
6088,201,357,4
6089,194,582,1
6090,72,45,5
6091,308,736,3
6092,128,427,5
6093,346,582,3
6094,178,546,3
6095,128,422,4
6096,44,82,4
6097,280,419,3
6098,13,910,2
6099,312,1021,3
6100,85,639,3
6101,222,313,4
6102,107,321,2
6103,5,436,5
6104,102,418,3
6105,309,326,5
6106,198,97,3
6107,339,97,4
6108,280,316,5
6109,303,325,1
6110,189,60,3
6111,279,1209,4
6112,293,68,3
6113,222,234,2
6114,184,855,4
6115,292,657,5
6116,323,1017,3
6117,303,450,3
6118,276,1210,2
6119,300,322,4
6120,59,972,4
6121,286,704,2
6122,249,13,4
6123,234,521,3
6124,83,294,3
6125,8,457,1
6126,279,1500,5
6127,200,218,5
6128,150,268,5
6129,257,305,4
6130,8,385,1
6131,28,100,5
6132,119,86,4
6133,155,328,2
6134,246,368,1
6135,273,345,3
6136,174,117,5
6137,230,125,5
6138,232,921,4
6139,198,323,2
6140,14,13,4
6141,276,448,4
6142,95,742,4
6143,103,126,5
6144,94,101,2
6145,234,1463,5
6146,267,187,5
6147,244,324,4
6148,279,577,1
6149,238,476,3
6150,158,228,5
6151,286,815,3
6152,195,298,4
6153,190,282,3
6154,92,42,4
6155,269,211,4
6156,188,628,5
6157,343,712,4
6158,343,375,2
6159,321,483,5
6160,45,121,4
6161,279,397,4
6162,23,483,4
6163,322,192,5
6164,13,318,3
6165,175,56,2
6166,91,331,5
6167,159,1002,3
6168,185,196,4
6169,244,179,5
6170,348,405,4
6171,296,950,4
6172,43,371,4
6173,16,230,5
6174,262,275,4
6175,102,686,3
6176,214,408,4
6177,277,151,3
6178,3,328,5
6179,119,526,2
6180,49,168,5
6181,63,288,3
6182,320,118,1
6183,92,825,4
6184,72,68,3
6185,271,133,4
6186,194,317,4
6187,13,898,1
6188,279,1495,4
6189,308,656,3
6190,253,568,4
6191,267,1401,4
6192,244,226,1
6193,295,401,3
6194,268,141,3
6195,344,119,5
6196,33,328,4
6197,344,619,4
6198,347,1035,3
6199,235,22,4
6200,313,114,4
6201,90,613,4
6202,72,12,5
6203,320,173,5
6204,271,435,4
6205,94,644,5
6206,194,648,4
6207,130,276,4
6208,340,1,5
6209,49,56,5
6210,307,143,3
6211,263,486,4
6212,1,213,2
6213,308,826,3
6214,151,464,4
6215,345,88,4
6216,265,328,4
6217,240,300,3
6218,82,191,4
6219,25,498,4
6220,151,100,3
6221,222,40,1
6222,197,385,2
6223,293,655,3
6224,280,404,3
6225,210,404,5
6226,234,213,3
6227,318,248,3
6228,104,544,3
6229,336,619,3
6230,308,475,4
6231,23,228,4
6232,234,850,2
6233,94,232,3
6234,1,233,2
6235,144,304,4
6236,295,1040,2
6237,130,228,4
6238,275,630,3
6239,63,250,5
6240,20,194,3
6241,354,462,3
6242,308,322,2
6243,145,185,4
6244,110,1206,3
6245,303,410,4
6246,317,300,4
6247,180,631,5
6248,343,76,4
6249,345,48,5
6250,301,89,2
6251,181,1312,1
6252,102,233,3
6253,64,222,4
6254,303,233,4
6255,41,313,3
6256,229,260,1
6257,144,855,4
6258,59,569,4
6259,191,313,5
6260,305,212,3
6261,14,408,5
6262,279,216,3
6263,316,735,4
6264,193,288,1
6265,216,231,2
6266,201,537,3
6267,348,240,3
6268,22,683,1
6269,104,823,1
6270,341,294,3
6271,169,172,5
6272,213,509,4
6273,101,840,3
6274,90,313,5
6275,159,831,2
6276,65,191,4
6277,114,204,3
6278,215,205,3
6279,184,259,3
6280,121,125,2
6281,279,992,4
6282,94,1074,2
6283,59,229,3
6284,73,479,5
6285,59,7,4
6286,254,472,3
6287,29,358,2
6288,145,553,3
6289,230,199,3
6290,234,731,2
6291,52,116,4
6292,218,33,4
6293,203,117,4
6294,99,346,4
6295,146,307,3
6296,59,100,5
6297,298,144,4
6298,343,655,5
6299,297,98,5
6300,119,866,3
6301,24,129,3
6302,181,824,1
6303,334,250,3
6304,32,250,4
6305,181,1384,1
6306,92,48,4
6307,197,748,3
6308,116,840,1
6309,251,121,4
6310,2,312,3
6311,158,68,3
6312,275,304,3
6313,145,174,5
6314,279,1487,1
6315,234,8,5
6316,193,234,3
6317,339,270,2
6318,64,8,4
6319,354,133,3
6320,215,239,3
6321,184,531,4
6322,233,174,5
6323,222,182,4
6324,7,168,5
6325,90,435,5
6326,140,289,4
6327,315,223,5
6328,293,781,2
6329,240,288,5
6330,222,829,3
6331,311,378,5
6332,201,271,4
6333,161,56,3
6334,181,882,1
6335,311,951,3
6336,7,269,3
6337,43,241,4
6338,59,208,5
6339,323,246,4
6340,224,325,1
6341,318,197,5
6342,178,1012,4
6343,214,531,4
6344,49,313,3
6345,95,737,3
6346,345,174,4
6347,333,66,5
6348,174,255,5
6349,21,569,3
6350,328,402,3
6351,280,323,2
6352,308,233,3
6353,314,623,5
6354,292,510,4
6355,276,684,4
6356,237,1192,5
6357,7,285,5
6358,58,340,4
6359,62,1060,1
6360,151,224,5
6361,96,100,5
6362,354,242,5
6363,79,269,5
6364,91,131,2
6365,299,645,4
6366,344,283,4
6367,62,1136,3
6368,152,220,5
6369,92,1041,3
6370,342,723,3
6371,268,949,2
6372,234,501,4
6373,178,135,2
6374,267,470,4
6375,159,871,4
6376,236,79,4
6377,254,183,4
6378,238,181,3
6379,329,129,3
6380,293,282,2
6381,135,176,4
6382,204,258,2
6383,294,547,3
6384,151,494,4
6385,311,258,4
6386,244,1178,3
6387,270,596,5
6388,83,892,2
6389,296,1142,5
6390,301,483,4
6391,130,222,4
6392,102,173,3
6393,299,1227,1
6394,16,228,5
6395,334,461,3
6396,343,187,4
6397,256,1119,3
6398,21,217,3
6399,276,22,5
6400,315,234,3
6401,194,30,3
6402,244,54,2
6403,87,629,4
6404,49,213,3
6405,255,249,5
6406,325,865,3
6407,178,210,5
6408,279,167,3
6409,11,47,4
6410,311,82,5
6411,292,405,3
6412,58,1106,4
6413,57,866,3
6414,162,174,4
6415,310,832,1
6416,345,473,2
6417,354,257,3
6418,164,322,4
6419,117,421,5
6420,330,447,4
6421,339,475,5
6422,5,42,5
6423,82,11,4
6424,209,898,3
6425,214,285,5
6426,60,751,2
6427,220,301,4
6428,214,1039,4
6429,133,315,4
6430,13,764,2
6431,338,204,3
6432,178,193,4
6433,11,204,3
6434,186,591,4
6435,193,117,4
6436,264,516,5
6437,248,100,4
6438,178,284,4
6439,117,168,5
6440,224,569,3
6441,223,248,1
6442,162,50,5
6443,129,339,2
6444,7,432,4
6445,77,181,3
6446,279,662,2
6447,287,39,5
6448,157,273,5
6449,331,190,3
6450,177,1,3
6451,286,234,3
6452,10,656,5
6453,89,117,5
6454,327,143,4
6455,116,806,4
6456,207,313,4
6457,87,519,4
6458,28,174,5
6459,181,1128,1
6460,297,56,5
6461,246,100,4
6462,188,173,5
6463,119,486,4
6464,283,588,4
6465,188,210,4
6466,291,770,4
6467,109,278,3
6468,11,402,4
6469,248,928,3
6470,258,313,5
6471,256,576,3
6472,187,792,5
6473,291,175,2
6474,189,652,5
6475,313,163,2
6476,181,1371,1
6477,239,479,5
6478,119,546,4
6479,144,521,4
6480,305,298,4
6481,343,823,3
6482,326,732,5
6483,95,675,2
6484,279,408,5
6485,276,456,2
6486,345,151,5
6487,184,604,4
6488,277,129,4
6489,197,720,2
6490,253,294,4
6491,303,9,5
6492,296,654,5
6493,32,246,4
6494,279,530,3
6495,49,590,1
6496,95,474,4
6497,318,1032,3
6498,318,194,5
6499,286,683,5
6500,191,307,3
6501,48,50,4
6502,298,195,4
6503,171,245,3
6504,339,82,4
6505,81,926,3
6506,207,42,4
6507,269,153,3
6508,303,1071,2
6509,7,54,3
6510,339,198,5
6511,11,435,4
6512,23,421,5
6513,188,511,2
6514,137,327,4
6515,76,690,2
6516,38,720,5
6517,221,1035,3
6518,59,928,4
6519,13,814,5
6520,318,315,5
6521,342,607,3
6522,200,121,5
6523,269,654,4
6524,7,89,5
6525,136,847,4
6526,254,243,2
6527,183,483,5
6528,84,265,5
6529,151,193,4
6530,70,751,4
6531,314,938,3
6532,291,1239,2
6533,234,192,3
6534,38,67,4
6535,156,12,3
6536,56,228,3
6537,354,463,4
6538,311,178,5
6539,122,214,2
6540,314,591,5
6541,1,258,5
6542,230,209,1
6543,42,142,4
6544,328,750,4
6545,130,357,5
6546,267,464,5
6547,267,324,3
6548,190,300,4
6549,276,853,5
6550,193,465,3
6551,59,126,5
6552,347,416,3
6553,109,69,4
6554,296,948,1
6555,28,143,4
6556,351,340,1
6557,59,760,2
6558,318,503,4
6559,181,335,1
6560,48,654,5
6561,94,693,4
6562,215,450,2
6563,82,518,4
6564,155,325,2
6565,303,318,5
6566,23,28,3
6567,1,81,5
6568,303,416,3
6569,320,472,3
6570,57,410,3
6571,305,192,2
6572,293,144,4
6573,13,387,3
6574,327,215,4
6575,327,886,2
6576,299,367,4
6577,9,286,5
6578,111,326,3
6579,246,451,2
6580,260,1025,5
6581,293,239,3
6582,305,151,4
6583,116,1253,2
6584,124,166,5
6585,161,213,2
6586,198,15,3
6587,313,132,5
6588,268,717,1
6589,113,100,4
6590,42,281,3
6591,234,709,4
6592,128,609,4
6593,293,1101,3
6594,156,64,3
6595,194,808,2
6596,25,455,4
6597,282,258,5
6598,327,82,2
6599,64,56,5
6600,201,276,5
6601,314,126,2
6602,325,177,5
6603,136,747,4
6604,181,1318,1
6605,280,265,4
6606,271,283,4
6607,262,405,2
6608,6,205,3
6609,308,283,3
6610,6,133,4
6611,130,158,5
6612,85,289,3
6613,239,530,5
6614,122,553,3
6615,7,530,5
6616,334,59,5
6617,18,14,5
6618,95,132,3
6619,313,670,3
6620,279,412,3
6621,184,462,4
6622,102,685,3
6623,271,732,4
6624,10,64,4
6625,164,125,5
6626,276,230,4
6627,216,367,3
6628,49,628,4
6629,141,50,4
6630,114,191,3
6631,82,127,2
6632,207,1378,3
6633,55,56,4
6634,89,221,1
6635,334,474,3
6636,160,21,1
6637,311,326,2
6638,286,191,4
6639,23,177,4
6640,32,100,3
6641,332,156,4
6642,236,478,3
6643,251,50,5
6644,7,489,3
6645,59,134,5
6646,43,117,4
6647,99,258,5
6648,295,153,5
6649,1,78,1
6650,6,70,3
6651,13,894,1
6652,279,753,2
6653,11,735,3
6654,92,778,4
6655,257,151,4
6656,23,705,4
6657,320,411,3
6658,288,202,5
6659,234,921,4
6660,358,469,4
6661,13,341,2
6662,343,275,5
6663,326,646,2
6664,256,172,3
6665,90,272,5
6666,294,118,3
6667,321,30,4
6668,339,133,4
6669,205,289,4
6670,236,307,4
6671,244,747,4
6672,303,194,5
6673,6,481,5
6674,236,204,3
6675,90,269,5
6676,181,319,3
6677,193,268,3
6678,159,451,5
6679,312,675,5
6680,234,79,3
6681,214,7,5
6682,303,480,4
6683,7,657,4
6684,305,806,3
6685,18,89,3
6686,181,676,3
6687,180,421,5
6688,119,272,5
6689,160,432,3
6690,227,244,3
6691,189,1098,4
6692,291,1253,3
6693,54,327,5
6694,95,417,3
6695,318,239,4
6696,303,506,4
6697,340,405,5
6698,62,306,4
6699,279,702,4
6700,181,742,4
6701,197,187,5
6702,10,702,3
6703,296,279,4
6704,269,179,4
6705,5,422,4
6706,58,663,2
6707,343,20,5
6708,270,441,5
6709,312,1124,4
6710,310,748,3
6711,236,735,5
6712,13,452,3
6713,291,470,3
6714,92,281,3
6715,295,412,2
6716,346,245,4
6717,46,127,5
6718,62,100,4
6719,343,12,5
6720,103,300,3
6721,174,369,1
6722,85,566,3
6723,217,554,3
6724,31,504,5
6725,82,476,3
6726,91,265,5
6727,48,202,4
6728,130,3,5
6729,83,22,5
6730,59,188,4
6731,236,661,3
6732,152,255,5
6733,352,55,1
6734,262,790,3
6735,326,503,3
6736,145,200,4
6737,216,172,4
6738,233,57,5
6739,314,1520,3
6740,131,313,5
6741,307,427,3
6742,360,334,4
6743,292,124,4
6744,152,1028,5
6745,314,268,5
6746,160,175,4
6747,277,117,4
6748,318,49,3
6749,354,694,5
6750,294,250,5
6751,264,1270,2
6752,276,249,4
6753,222,1089,1
6754,218,504,3
6755,56,623,3
6756,13,25,1
6757,13,632,3
6758,292,151,5
6759,130,374,4
6760,24,508,4
6761,318,384,3
6762,93,275,4
6763,7,142,3
6764,144,293,4
6765,308,1046,4
6766,78,269,3
6767,276,228,4
6768,142,895,4
6769,234,294,3
6770,234,1123,3
6771,87,1190,4
6772,286,790,1
6773,318,934,4
6774,215,474,4
6775,68,1047,1
6776,7,423,5
6777,110,204,3
6778,346,62,3
6779,72,181,1
6780,303,160,4
6781,200,357,5
6782,262,845,4
6783,235,474,5
6784,326,526,5
6785,125,949,3
6786,7,156,5
6787,347,79,5
6788,13,416,3
6789,127,227,4
6790,13,502,5
6791,308,490,4
6792,222,672,1
6793,251,132,5
6794,109,742,5
6795,97,655,5
6796,222,94,3
6797,303,234,5
6798,295,1459,5
6799,325,143,1
6800,186,742,3
6801,68,1028,4
6802,15,696,2
6803,256,662,2
6804,28,271,4
6805,49,129,2
6806,127,300,5
6807,102,326,3
6808,144,900,4
6809,314,204,5
6810,293,153,4
6811,79,286,5
6812,315,302,5
6813,181,1202,1
6814,23,188,3
6815,83,323,4
6816,59,48,5
6817,294,7,4
6818,257,307,4
6819,49,3,3
6820,56,98,4
6821,43,225,2
6822,280,125,2
6823,346,4,4
6824,292,429,5
6825,151,1065,3
6826,178,849,3
6827,145,281,4
6828,327,90,3
6829,130,183,5
6830,213,11,4
6831,42,451,2
6832,268,1059,3
6833,279,727,3
6834,18,194,3
6835,312,57,5
6836,69,109,3
6837,112,306,5
6838,308,170,3
6839,325,474,5
6840,314,785,3
6841,327,949,4
6842,94,829,2
6843,222,419,2
6844,42,25,3
6845,296,685,4
6846,189,274,4
6847,280,381,3
6848,144,22,5
6849,109,245,3
6850,119,658,5
6851,172,697,3
6852,18,515,5
6853,222,364,1
6854,87,393,4
6855,244,208,5
6856,363,391,2
6857,332,148,5
6858,272,474,5
6859,95,523,4
6860,102,183,4
6861,294,299,3
6862,27,925,3
6863,164,984,4
6864,121,9,5
6865,340,204,4
6866,115,530,5
6867,334,72,3
6868,268,31,4
6869,60,514,4
6870,145,637,3
6871,90,6,4
6872,344,508,4
6873,98,70,3
6874,279,1000,4
6875,279,390,3
6876,157,407,4
6877,334,289,3
6878,307,527,5
6879,327,237,4
6880,308,116,4
6881,211,687,2
6882,189,173,5
6883,271,200,5
6884,342,1007,4
6885,328,188,5
6886,144,204,2
6887,43,298,4
6888,268,826,1
6889,149,269,5
6890,92,252,4
6891,339,214,3
6892,18,286,5
6893,169,181,5
6894,189,281,2
6895,254,238,3
6896,250,1014,4
6897,130,946,4
6898,172,657,3
6899,10,615,4
6900,216,95,3
6901,95,24,3
6902,360,116,3
6903,301,692,3
6904,345,121,3
6905,164,245,5
6906,323,744,5
6907,264,558,5
6908,197,340,2
6909,237,28,4
6910,196,306,4
6911,179,305,4
6912,342,132,5
6913,56,82,4
6914,346,187,3
6915,118,547,5
6916,332,1150,3
6917,250,742,3
6918,193,871,3
6919,293,447,4
6920,348,928,5
6921,339,12,5
6922,292,343,2
6923,209,349,2
6924,23,99,4
6925,49,258,2
6926,234,490,4
6927,201,447,5
6928,43,501,4
6929,290,550,3
6930,276,290,4
6931,346,322,3
6932,292,252,3
6933,363,405,4
6934,355,300,4
6935,351,879,5
6936,211,263,3
6937,332,696,3
6938,118,185,5
6939,308,483,3
6940,100,689,3
6941,241,880,5
6942,253,566,4
6943,292,919,5
6944,334,207,4
6945,223,255,4
6946,313,174,4
6947,244,1098,5
6948,299,501,3
6949,328,284,3
6950,18,71,4
6951,232,471,3
6952,311,174,5
6953,7,608,4
6954,201,708,4
6955,345,285,5
6956,184,1136,4
6957,130,49,4
6958,232,22,3
6959,46,288,2
6960,213,151,5
6961,210,216,4
6962,75,475,5
6963,90,323,3
6964,14,7,5
6965,1,212,4
6966,272,772,2
6967,332,1016,5
6968,117,597,4
6969,184,287,4
6970,79,813,5
6971,10,200,5
6972,119,144,4
6973,158,277,4
6974,59,570,4
6975,322,185,5
6976,129,995,2
6977,42,692,4
6978,298,496,5
6979,318,481,4
6980,293,134,5
6981,60,1126,4
6982,285,538,5
6983,345,919,2
6984,72,70,4
6985,342,25,2
6986,94,31,4
6987,223,717,1
6988,339,190,4
6989,130,346,4
6990,218,265,3
6991,362,333,5
6992,334,450,1
6993,176,751,1
6994,145,1212,2
6995,189,815,3
6996,60,485,4
6997,293,257,2
6998,306,100,4
6999,308,319,4
7000,130,53,3
7001,320,501,3
7002,321,1194,5
7003,155,319,3
7004,338,310,3
7005,214,325,3
7006,49,418,3
7007,57,1028,3
7008,236,185,5
7009,138,617,4
7010,232,173,4
7011,331,100,4
7012,297,157,2
7013,95,88,4
7014,268,333,4
7015,58,156,5
7016,299,378,3
7017,294,327,3
7018,286,1091,4
7019,234,601,3
7020,207,156,2
7021,269,492,4
7022,357,284,4
7023,255,53,3
7024,92,717,3
7025,13,161,5
7026,65,197,5
7027,17,237,2
7028,167,698,4
7029,313,609,3
7030,42,99,5
7031,65,210,4
7032,303,366,3
7033,233,98,5
7034,354,86,5
7035,268,1090,2
7036,7,226,5
7037,81,7,4
7038,323,886,3
7039,119,87,5
7040,299,418,4
7041,174,456,1
7042,8,89,4
7043,79,900,4
7044,232,215,3
7045,271,338,1
7046,356,313,5
7047,177,271,2
7048,181,458,3
7049,6,151,3
7050,363,1495,5
7051,117,751,5
7052,306,744,4
7053,90,494,5
7054,117,368,3
7055,181,1386,1
7056,233,418,4
7057,44,542,3
7058,13,303,4
7059,127,243,5
7060,92,561,3
7061,236,864,2
7062,234,660,4
7063,363,1168,2
7064,177,150,4
7065,117,121,4
7066,301,514,3
7067,194,1,4
7068,276,496,4
7069,221,1210,3
7070,363,673,2
7071,218,516,5
7072,85,414,4
7073,60,498,5
7074,188,233,3
7075,144,960,2
7076,184,88,3
7077,83,412,1
7078,194,631,2
7079,11,751,2
7080,178,1051,3
7081,318,1023,2
7082,328,132,5
7083,142,28,4
7084,293,657,4
7085,13,437,1
7086,246,231,1
7087,346,727,1
7088,323,199,4
7089,194,510,4
7090,99,123,3
7091,280,483,4
7092,314,1276,4
7093,305,943,2
7094,106,923,4
7095,174,383,1
7096,62,955,4
7097,10,223,5
7098,234,526,3
7099,92,660,4
7100,361,273,3
7101,1,143,1
7102,332,258,5
7103,286,559,4
7104,308,805,4
7105,326,448,3
7106,323,22,5
7107,365,301,5
7108,23,315,3
7109,256,783,4
7110,3,334,3
7111,195,99,3
7112,236,223,5
7113,38,389,5
7114,95,505,3
7115,351,873,3
7116,271,83,4
7117,297,250,1
7118,91,351,4
7119,119,472,4
7120,42,1051,4
7121,270,703,4
7122,311,526,5
7123,94,562,3
7124,352,746,4
7125,350,174,5
7126,233,286,3
7127,250,1,4
7128,154,806,4
7129,255,569,1
7130,229,875,1
7131,332,1013,3
7132,58,237,4
7133,320,976,2
7134,307,169,5
7135,110,794,3
7136,244,818,2
7137,330,596,5
7138,343,474,5
7139,59,25,4
7140,64,173,5
7141,280,934,2
7142,283,627,4
7143,314,120,3
7144,336,13,3
7145,312,587,3
7146,222,411,3
7147,181,933,1
7148,270,741,5
7149,59,65,4
7150,174,63,4
7151,313,44,3
7152,264,208,5
7153,59,382,4
7154,301,511,4
7155,341,877,3
7156,60,1124,4
7157,303,849,3
7158,1,151,4
7159,13,786,3
7160,56,94,4
7161,59,175,4
7162,58,246,5
7163,234,95,3
7164,365,15,3
7165,164,148,5
7166,194,202,3
7167,151,425,4
7168,83,1043,3
7169,116,180,5
7170,49,347,3
7171,233,644,5
7172,102,271,2
7173,144,285,4
7174,71,475,5
7175,145,1077,3
7176,299,742,4
7177,263,79,4
7178,276,631,3
7179,308,968,4
7180,1,51,4
7181,269,435,3
7182,95,736,4
7183,311,708,5
7184,244,90,4
7185,313,318,4
7186,258,310,5
7187,123,485,5
7188,334,183,4
7189,130,743,2
7190,269,64,4
7191,328,451,4
7192,43,300,5
7193,130,12,4
7194,90,185,5
7195,12,132,5
7196,189,216,5
7197,207,135,2
7198,315,55,5
7199,5,139,3
7200,195,469,3
7201,88,302,3
7202,153,678,2
7203,148,1012,4
7204,270,155,5
7205,218,273,4
7206,145,674,4
7207,223,369,1
7208,222,4,3
7209,128,785,2
7210,192,127,4
7211,228,651,4
7212,354,191,4
7213,328,82,4
7214,344,716,3
7215,38,450,1
7216,269,137,4
7217,248,55,4
7218,310,304,5
7219,13,612,4
7220,130,335,3
7221,62,774,1
7222,135,77,4
7223,294,264,2
7224,89,813,5
7225,194,433,3
7226,94,39,3
7227,318,396,1
7228,151,223,5
7229,181,1120,1
7230,312,234,5
7231,177,175,5
7232,297,50,5
7233,313,162,3
7234,275,89,3
7235,293,202,3
7236,330,465,5
7237,323,100,4
7238,135,566,3
7239,229,358,1
7240,288,900,5
7241,295,1221,5
7242,162,151,3
7243,87,55,4
7244,128,378,5
7245,268,267,3
7246,282,302,5
7247,361,222,2
7248,280,286,4
7249,334,276,4
7250,361,387,3
7251,87,385,5
7252,344,175,5
7253,312,481,5
7254,130,1047,5
7255,357,222,5
7256,190,118,3
7257,308,192,5
7258,106,8,4
7259,357,928,4
7260,320,678,3
7261,217,117,4
7262,216,764,2
7263,230,633,4
7264,263,82,4
7265,233,495,4
7266,314,672,5
7267,204,310,1
7268,279,240,4
7269,188,195,3
7270,177,179,5
7271,181,330,1
7272,184,458,3
7273,86,872,3
7274,79,313,2
7275,53,181,4
7276,125,204,5
7277,326,528,3
7278,276,747,4
7279,238,300,4
7280,39,333,4
7281,201,175,2
7282,276,746,4
7283,13,334,1
7284,117,12,5
7285,301,651,5
7286,280,790,4
7287,3,350,3
7288,345,956,4
7289,174,393,4
7290,181,866,1
7291,290,158,5
7292,360,238,4
7293,247,257,4
7294,162,117,4
7295,43,336,4
7296,258,311,4
7297,348,819,4
7298,191,328,3
7299,215,483,4
7300,184,665,2
7301,114,157,2
7302,184,52,4
7303,49,821,1
7304,233,212,5
7305,345,173,5
7306,55,1089,1
7307,293,99,3
7308,13,353,4
7309,99,196,4
7310,49,325,3
7311,367,1012,4
7312,123,127,5
7313,194,383,1
7314,141,825,4
7315,323,150,4
7316,279,1180,2
7317,330,575,4
7318,109,1244,3
7319,177,318,4
7320,85,792,4
7321,248,249,4
7322,298,237,5
7323,276,139,4
7324,23,257,3
7325,52,657,5
7326,201,1194,4
7327,330,8,5
7328,268,403,4
7329,70,176,4
7330,280,53,5
7331,234,152,4
7332,13,759,2
7333,325,181,4
7334,268,269,4
7335,154,202,3
7336,222,689,4
7337,354,269,4
7338,42,222,4
7339,99,232,4
7340,96,170,5
7341,111,1024,3
7342,87,300,3
7343,328,349,2
7344,13,190,4
7345,347,227,4
7346,117,258,4
7347,229,286,4
7348,329,591,2
7349,345,508,4
7350,291,396,4
7351,320,1188,4
7352,94,34,1
7353,72,515,4
7354,218,695,3
7355,18,12,5
7356,346,1110,1
7357,218,762,4
7358,178,58,5
7359,334,302,5
7360,303,49,2
7361,145,1208,4
7362,42,925,4
7363,329,79,4
7364,286,11,5
7365,33,343,4
7366,326,79,4
7367,339,183,4
7368,308,521,3
7369,264,1225,3
7370,130,672,5
7371,114,183,5
7372,276,229,3
7373,11,383,2
7374,256,202,3
7375,273,311,4
7376,116,661,4
7377,13,137,5
7378,332,82,5
7379,6,479,5
7380,91,689,5
7381,79,137,4
7382,308,265,3
7383,10,651,4
7384,295,1401,5
7385,18,181,3
7386,49,299,2
7387,343,423,5
7388,92,423,3
7389,244,762,3
7390,363,288,4
7391,43,423,4
7392,201,1425,3
7393,84,31,4
7394,59,1047,2
7395,234,157,2
7396,300,328,3
7397,345,1082,2
7398,191,269,3
7399,268,114,5
7400,147,269,4
7401,71,222,3
7402,76,59,4
7403,232,462,4
7404,102,248,3
7405,205,326,4
7406,200,25,4
7407,311,431,4
7408,197,195,5
7409,356,937,2
7410,303,1016,3
7411,101,815,3
7412,119,1259,3
7413,264,56,5
7414,210,447,5
7415,276,63,3
7416,308,178,4
7417,64,181,4
7418,303,1014,3
7419,271,284,3
7420,201,513,3
7421,92,628,4
7422,54,333,5
7423,301,187,4
7424,81,410,4
7425,31,498,4
7426,21,234,5
7427,311,212,3
7428,264,792,5
7429,132,137,4
7430,307,463,5
7431,311,275,4
7432,22,403,5
7433,43,318,5
7434,201,61,2
7435,186,770,2
7436,125,475,1
7437,339,73,3
7438,145,120,2
7439,51,132,4
7440,130,84,4
7441,347,144,5
7442,110,715,2
7443,100,905,3
7444,311,470,3
7445,189,248,4
7446,365,1017,4
7447,44,227,4
7448,201,1098,2
7449,295,25,5
7450,193,276,4
7451,125,1093,1
7452,10,711,4
7453,276,272,5
7454,43,1053,3
7455,342,427,4
7456,14,211,4
7457,8,190,4
7458,280,144,2
7459,333,739,5
7460,11,721,3
7461,94,380,3
7462,8,686,3
7463,115,462,4
7464,264,559,5
7465,299,297,3
7466,299,1021,3
7467,268,483,5
7468,95,202,4
7469,24,25,4
7470,159,546,4
7471,174,312,5
7472,368,379,4
7473,293,943,2
7474,186,550,4
7475,250,582,4
7476,185,638,4
7477,234,566,2
7478,221,257,4
7479,187,659,5
7480,313,187,4
7481,116,199,4
7482,109,9,3
7483,174,412,1
7484,7,208,5
7485,371,97,5
7486,296,255,2
7487,280,82,2
7488,271,275,4
7489,110,791,2
7490,59,926,1
7491,217,576,1
7492,145,665,5
7493,334,204,4
7494,42,568,4
7495,200,143,5
7496,89,387,5
7497,311,588,4
7498,235,269,4
7499,287,156,5
7500,344,204,4
7501,43,289,4
7502,99,11,5
7503,145,159,4
7504,200,82,5
7505,269,316,4
7506,13,517,5
7507,184,208,4
7508,327,144,4
7509,218,517,3
7510,6,487,5
7511,279,792,3
7512,268,161,3
7513,85,124,5
7514,75,472,4
7515,18,483,4
7516,234,291,3
7517,196,238,4
7518,318,750,4
7519,2,281,3
7520,295,102,4
7521,276,81,4
7522,194,1409,2
7523,291,1078,4
7524,145,896,2
7525,160,762,3
7526,290,216,4
7527,174,1254,1
7528,327,435,4
7529,145,471,4
7530,83,465,4
7531,277,591,4
7532,214,56,5
7533,345,1315,3
7534,330,44,5
7535,328,1277,3
7536,6,131,5
7537,334,693,3
7538,156,192,4
7539,91,479,4
7540,130,22,5
7541,75,271,5
7542,328,265,5
7543,291,379,3
7544,222,815,2
7545,347,168,5
7546,328,510,5
7547,290,423,5
7548,12,157,5
7549,151,114,5
7550,294,603,5
7551,244,232,4
7552,130,63,4
7553,259,762,2
7554,58,425,5
7555,245,112,4
7556,184,1232,3
7557,122,727,4
7558,144,129,4
7559,305,357,5
7560,16,96,5
7561,1,175,5
7562,7,618,4
7563,16,546,4
7564,80,45,4
7565,173,294,5
7566,104,1017,1
7567,161,523,3
7568,179,1316,3
7569,12,71,4
7570,59,141,4
7571,339,636,4
7572,321,485,4
7573,201,204,4
7574,59,516,4
7575,56,118,4
7576,191,332,2
7577,65,318,5
7578,249,993,3
7579,145,229,3
7580,262,336,3
7581,235,52,4
7582,116,604,3
7583,49,476,1
7584,286,325,1
7585,221,588,3
7586,197,344,4
7587,198,23,4
7588,207,28,4
7589,345,251,5
7590,145,760,2
7591,316,1084,4
7592,77,179,5
7593,83,575,4
7594,328,55,4
7595,178,1035,4
7596,346,33,5
7597,89,26,3
7598,334,1315,4
7599,263,69,5
7600,53,199,5
7601,312,498,5
7602,213,1,2
7603,270,173,5
7604,85,690,2
7605,85,404,3
7606,184,949,3
7607,330,823,3
7608,230,1050,3
7609,184,255,3
7610,312,132,5
7611,322,179,5
7612,32,118,3
7613,184,1010,4
7614,18,180,4
7615,55,89,5
7616,373,588,3
7617,274,546,3
7618,363,97,2
7619,177,197,4
7620,87,796,4
7621,24,477,5
7622,137,261,5
7623,253,237,4
7624,298,200,3
7625,344,597,2
7626,305,638,5
7627,85,499,4
7628,44,168,5
7629,33,258,4
7630,293,8,3
7631,365,109,2
7632,90,42,4
7633,99,963,3
7634,176,250,4
7635,234,414,4
7636,308,515,3
7637,314,983,4
7638,85,1168,3
7639,137,50,5
7640,130,1016,4
7641,117,1057,2
7642,225,64,4
7643,109,117,5
7644,85,199,5
7645,15,924,3
7646,179,269,3
7647,154,333,3
7648,170,333,4
7649,49,202,3
7650,62,183,4
7651,343,1132,4
7652,43,866,4
7653,95,471,5
7654,116,294,2
7655,95,2,2
7656,223,120,2
7657,151,419,3
7658,291,1098,4
7659,303,79,5
7660,15,289,3
7661,308,443,3
7662,43,316,5
7663,334,77,3
7664,26,864,2
7665,130,779,4
7666,138,514,5
7667,234,237,3
7668,297,79,3
7669,335,324,1
7670,334,620,2
7671,276,597,3
7672,69,689,3
7673,297,864,3
7674,153,64,5
7675,184,699,5
7676,58,568,4
7677,178,480,3
7678,348,288,5
7679,62,173,5
7680,307,428,4
7681,222,946,2
7682,117,240,3
7683,10,705,4
7684,94,1032,2
7685,326,185,5
7686,59,739,4
7687,307,189,4
7688,339,431,4
7689,318,182,4
7690,321,494,4
7691,217,185,3
7692,72,435,5
7693,249,431,5
7694,299,1141,4
7695,13,888,2
7696,151,972,4
7697,235,705,5
7698,160,4,4
7699,12,15,5
7700,62,78,2
7701,314,42,5
7702,89,151,5
7703,230,582,4
7704,120,9,4
7705,316,614,2
7706,331,454,3
7707,40,271,2
7708,345,172,4
7709,55,1016,1
7710,92,1213,2
7711,73,28,3
7712,373,694,5
7713,373,707,4
7714,336,405,3
7715,325,484,5
7716,8,301,4
7717,141,237,4
7718,141,1258,4
7719,345,216,5
7720,87,88,5
7721,209,1105,2
7722,7,587,4
7723,290,98,4
7724,16,692,4
7725,175,176,3
7726,185,197,5
7727,328,331,4
7728,244,20,4
7729,181,1048,2
7730,246,840,4
7731,269,293,3
7732,246,385,1
7733,221,789,4
7734,130,150,5
7735,109,176,5
7736,174,332,5
7737,94,28,4
7738,85,1098,4
7739,48,522,2
7740,237,98,4
7741,293,23,4
7742,313,494,3
7743,178,70,4
7744,293,322,2
7745,6,528,4
7746,236,15,5
7747,38,393,5
7748,276,737,4
7749,143,328,4
7750,276,854,4
7751,90,693,3
7752,18,960,4
7753,251,222,4
7754,7,172,4
7755,44,106,2
7756,85,382,4
7757,184,13,3
7758,286,20,4
7759,56,219,5
7760,345,403,3
7761,45,1061,2
7762,73,156,4
7763,254,125,3
7764,184,202,3
7765,360,309,2
7766,214,236,5
7767,18,179,4
7768,57,1094,2
7769,363,616,3
7770,200,29,4
7771,148,228,4
7772,63,323,1
7773,270,66,4
7774,6,28,2
7775,291,834,3
7776,314,143,5
7777,82,520,3
7778,346,218,3
7779,103,222,3
7780,189,657,5
7781,154,182,5
7782,13,384,2
7783,291,1083,3
7784,148,473,5
7785,271,1091,4
7786,264,219,5
7787,154,50,5
7788,370,56,2
7789,27,298,4
7790,268,395,2
7791,82,480,4
7792,94,118,3
7793,342,1368,5
7794,299,889,3
7795,177,245,3
7796,44,185,4
7797,371,175,1
7798,186,237,2
7799,102,176,3
7800,43,238,2
7801,326,134,3
7802,243,713,3
7803,349,105,2
7804,82,25,2
7805,257,50,5
7806,14,70,1
7807,346,17,1
7808,6,467,4
7809,227,276,4
7810,157,298,4
7811,290,1336,3
7812,189,847,4
7813,86,889,5
7814,249,333,4
7815,42,211,4
7816,152,790,5
7817,328,1248,3
7818,193,485,5
7819,59,709,5
7820,293,228,3
7821,346,977,3
7822,207,183,2
7823,239,1020,3
7824,301,77,3
7825,248,183,5
7826,288,12,4
7827,303,451,5
7828,255,436,4
7829,210,202,5
7830,363,102,4
7831,299,479,4
7832,92,834,1
7833,323,327,4
7834,374,1047,3
7835,249,628,3
7836,222,401,2
7837,122,70,5
7838,122,511,5
7839,23,32,3
7840,10,696,4
7841,144,298,3
7842,196,663,5
7843,152,966,5
7844,157,740,2
7845,18,610,4
7846,107,258,4
7847,125,999,4
7848,334,475,4
7849,207,171,3
7850,85,480,4
7851,111,269,5
7852,12,191,5
7853,304,322,4
7854,342,544,1
7855,201,482,4
7856,333,748,4
7857,167,1126,5
7858,303,1224,2
7859,222,62,4
7860,6,136,5
7861,223,276,4
7862,340,1133,5
7863,70,546,2
7864,244,764,5
7865,355,310,4
7866,230,185,4
7867,295,210,4
7868,308,98,3
7869,210,49,3
7870,130,1228,3
7871,249,456,3
7872,215,230,3
7873,207,1118,3
7874,136,313,2
7875,276,117,4
7876,216,824,3
7877,269,50,3
7878,293,466,3
7879,275,142,2
7880,136,1142,4
7881,112,347,1
7882,292,1014,3
7883,77,176,4
7884,314,941,3
7885,181,829,1
7886,200,33,4
7887,291,551,2
7888,301,152,3
7889,291,237,4
7890,334,716,3
7891,216,218,4
7892,358,482,2
7893,13,243,3
7894,100,289,3
7895,119,12,3
7896,268,558,3
7897,94,273,4
7898,200,205,4
7899,333,98,4
7900,256,161,5
7901,265,409,3
7902,268,108,3
7903,320,3,4
7904,90,178,5
7905,347,609,4
7906,286,405,3
7907,136,223,4
7908,344,537,4
7909,244,22,4
7910,350,1,4
7911,299,127,5
7912,221,129,5
7913,328,403,3
7914,181,21,1
7915,254,174,5
7916,158,566,3
7917,262,419,3
7918,243,1466,3
7919,230,7,3
7920,301,411,1
7921,104,347,2
7922,348,1,4
7923,208,302,1
7924,151,675,2
7925,105,258,5
7926,72,210,4
7927,322,89,3
7928,280,180,4
7929,10,367,4
7930,156,137,4
7931,372,159,5
7932,363,316,3
7933,178,866,4
7934,181,112,1
7935,346,232,3
7936,114,507,3
7937,14,14,3
7938,271,248,4
7939,354,847,3
7940,263,328,4
7941,258,893,1
7942,100,691,4
7943,259,12,5
7944,90,604,5
7945,130,367,4
7946,327,293,3
7947,57,173,5
7948,239,493,5
7949,318,305,2
7950,13,776,2
7951,339,32,5
7952,253,188,4
7953,311,199,4
7954,311,226,4
7955,283,42,5
7956,125,386,3
7957,361,26,3
7958,283,24,4
7959,334,210,3
7960,181,1390,1
7961,336,202,1
7962,254,222,4
7963,276,544,3
7964,89,83,4
7965,268,265,3
7966,311,748,4
7967,270,17,2
7968,344,196,4
7969,58,480,3
7970,328,31,4
7971,234,221,2
7972,60,633,4
7973,2,13,4
7974,321,180,4
7975,131,1,4
7976,307,91,4
7977,264,709,5
7978,181,1282,1
7979,102,403,3
7980,197,808,3
7981,308,487,4
7982,374,126,3
7983,6,117,2
7984,367,250,5
7985,299,257,2
7986,25,480,4
7987,87,208,5
7988,277,748,3
7989,332,655,5
7990,16,735,3
7991,236,419,5
7992,11,736,4
7993,1,107,4
7994,6,32,4
7995,72,124,4
7996,214,952,3
7997,305,52,2
7998,345,297,4
7999,269,902,5
8000,336,864,1
8001,314,402,4
8002,33,313,5
8003,345,1017,2
8004,346,392,3
8005,123,50,3
8006,161,286,2
8007,330,204,5
8008,234,781,2
8009,181,148,2
8010,262,238,4
8011,233,492,5
8012,200,294,4
8013,213,135,5
8014,130,596,4
8015,346,167,2
8016,142,362,3
8017,325,135,5
8018,83,28,4
8019,90,521,4
8020,13,530,5
8021,314,765,3
8022,361,275,4
8023,334,436,3
8024,314,147,4
8025,363,906,2
8026,92,183,4
8027,247,272,4
8028,230,51,4
8029,44,755,3
8030,98,209,2
8031,326,674,3
8032,303,96,5
8033,92,318,2
8034,12,196,5
8035,94,64,5
8036,327,288,4
8037,288,317,4
8038,373,724,5
8039,337,106,2
8040,179,301,4
8041,267,7,5
8042,241,332,3
8043,87,182,4
8044,311,679,4
8045,58,20,1
8046,276,77,3
8047,194,450,1
8048,236,51,5
8049,44,9,5
8050,354,480,4
8051,303,62,2
8052,134,300,3
8053,92,692,4
8054,338,604,4
8055,224,86,3
8056,341,880,5
8057,194,218,4
8058,94,1206,3
8059,332,300,5
8060,180,111,5
8061,321,709,4
8062,108,181,3
8063,199,242,5
8064,46,313,5
8065,85,855,3
8066,188,504,3
8067,174,333,4
8068,153,22,2
8069,119,188,4
8070,45,476,3
8071,287,346,5
8072,14,498,5
8073,189,21,2
8074,363,189,5
8075,367,246,4
8076,268,82,3
8077,14,181,5
8078,200,570,4
8079,91,529,4
8080,195,258,4
8081,194,559,2
8082,301,281,4
8083,60,272,4
8084,278,347,4
8085,181,1370,1
8086,344,477,3
8087,44,209,5
8088,38,225,5
8089,18,276,5
8090,91,82,5
8091,336,395,2
8092,305,156,4
8093,102,810,2
8094,181,1272,1
8095,156,317,4
8096,365,258,4
8097,32,122,2
8098,6,15,3
8099,236,756,1
8100,234,965,3
8101,232,498,4
8102,130,625,5
8103,291,41,4
8104,344,25,4
8105,222,232,4
8106,13,907,1
8107,378,554,3
8108,214,327,5
8109,279,762,3
8110,363,1007,5
8111,297,135,4
8112,13,232,3
8113,13,861,3
8114,87,79,5
8115,195,61,3
8116,158,11,4
8117,13,48,5
8118,189,121,2
8119,344,663,5
8120,14,922,4
8121,181,840,1
8122,181,1259,1
8123,94,50,5
8124,206,904,1
8125,89,707,5
8126,62,1128,2
8127,288,340,5
8128,329,515,4
8129,354,882,4
8130,291,101,4
8131,153,127,3
8132,285,168,4
8133,303,153,5
8134,13,505,3
8135,246,675,4
8136,93,476,4
8137,268,129,2
8138,325,1411,4
8139,226,7,4
8140,297,175,4
8141,344,451,4
8142,233,69,5
8143,87,684,5
8144,70,472,3
8145,181,1378,1
8146,260,300,3
8147,200,45,3
8148,246,720,1
8149,92,527,3
8150,330,50,5
8151,82,103,2
8152,299,496,3
8153,28,218,3
8154,64,83,3
8155,262,1054,2
8156,59,102,2
8157,294,325,3
8158,294,471,4
8159,344,58,3
8160,276,46,3
8161,21,974,3
8162,43,993,3
8163,72,644,4
8164,273,902,5
8165,54,1016,4
8166,276,265,4
8167,328,162,4
8168,90,813,4
8169,161,127,3
8170,305,245,1
8171,69,9,4
8172,273,900,3
8173,95,14,5
8174,177,289,2
8175,334,922,4
8176,64,420,3
8177,119,562,4
8178,23,419,3
8179,154,480,5
8180,271,25,3
8181,276,231,3
8182,60,671,4
8183,279,464,4
8184,42,12,4
8185,320,576,3
8186,279,226,4
8187,378,63,3
8188,347,465,3
8189,15,508,2
8190,328,370,3
8191,204,292,5
8192,378,367,3
8193,295,485,4
8194,255,763,5
8195,67,121,4
8196,328,443,4
8197,57,237,4
8198,20,405,3
8199,243,28,4
8200,94,1210,3
8201,328,371,4
8202,188,148,4
8203,308,204,4
8204,344,568,5
8205,130,685,3
8206,206,258,4
8207,119,111,5
8208,347,208,2
8209,151,514,4
8210,13,21,3
8211,373,598,3
8212,210,186,4
8213,144,274,3
8214,58,813,5
8215,76,474,5
8216,294,147,4
8217,184,77,3
8218,137,222,5
8219,311,527,4
8220,259,235,2
8221,43,597,3
8222,92,196,4
8223,254,162,3
8224,95,83,5
8225,104,475,4
8226,214,248,4
8227,128,790,4
8228,293,55,4
8229,195,1013,3
8230,11,135,4
8231,178,178,4
8232,270,156,5
8233,269,1480,1
8234,151,234,4
8235,174,1001,1
8236,151,428,5
8237,276,164,4
8238,130,333,5
8239,332,288,5
8240,189,143,5
8241,43,847,5
8242,188,13,4
8243,172,485,3
8244,262,44,2
8245,135,802,2
8246,304,275,4
8247,308,393,4
8248,342,1071,4
8249,76,333,3
8250,345,988,2
8251,303,257,4
8252,293,679,2
8253,2,280,3
8254,368,50,4
8255,344,707,4
8256,92,552,3
8257,40,303,4
8258,288,157,4
8259,233,117,3
8260,90,478,5
8261,112,325,1
8262,45,276,5
8263,3,341,1
8264,159,877,3
8265,59,501,1
8266,117,358,4
8267,207,150,3
8268,318,401,3
8269,22,999,4
8270,267,384,3
8271,124,157,2
8272,6,135,5
8273,69,48,5
8274,263,1444,3
8275,82,1001,1
8276,57,7,4
8277,13,869,3
8278,286,89,4
8279,151,1297,1
8280,262,270,3
8281,218,410,3
8282,372,219,5
8283,213,204,5
8284,77,276,2
8285,7,8,5
8286,299,582,2
8287,145,752,4
8288,205,258,3
8289,106,1,4
8290,314,138,5
8291,346,237,4
8292,286,1503,3
8293,339,101,3
8294,293,31,2
8295,180,69,4
8296,347,317,1
8297,237,153,3
8298,295,154,5
8299,216,204,4
8300,291,1046,4
8301,334,1172,3
8302,329,258,3
8303,146,262,4
8304,144,194,5
8305,92,531,4
8306,313,487,3
8307,315,46,4
8308,344,106,2
8309,270,1014,4
8310,230,969,4
8311,90,1101,4
8312,276,234,5
8313,325,168,3
8314,15,754,5
8315,324,298,5
8316,73,48,2
8317,232,315,5
8318,328,98,4
8319,128,588,5
8320,43,315,4
8321,27,281,3
8322,189,100,4
8323,296,15,3
8324,342,518,3
8325,332,332,4
8326,339,693,5
8327,297,448,3
8328,303,260,3
8329,181,324,1
8330,244,287,3
8331,151,506,4
8332,251,183,5
8333,159,225,4
8334,342,156,4
8335,194,117,3
8336,85,1167,3
8337,244,122,4
8338,251,237,5
8339,180,216,5
8340,363,71,3
8341,233,269,5
8342,297,238,5
8343,223,1300,1
8344,185,318,4
8345,308,87,4
8346,262,145,1
8347,297,235,2
8348,209,304,2
8349,295,1446,4
8350,224,212,1
8351,279,739,1
8352,361,652,4
8353,42,82,4
8354,293,27,3
8355,234,603,4
8356,350,228,4
8357,280,159,4
8358,174,49,4
8359,296,455,1
8360,374,685,4
8361,256,12,5
8362,106,223,4
8363,181,269,1
8364,314,693,3
8365,87,1074,3
8366,366,853,5
8367,75,108,4
8368,85,498,4
8369,270,286,5
8370,128,423,4
8371,299,485,4
8372,378,202,3
8373,290,473,1
8374,233,97,5
8375,293,405,1
8376,92,295,2
8377,299,715,4
8378,130,678,4
8379,184,258,3
8380,183,225,1
8381,280,7,4
8382,374,231,2
8383,254,259,2
8384,149,305,4
8385,291,1213,3
8386,181,276,2
8387,251,265,3
8388,276,1013,3
8389,67,1093,5
8390,269,919,4
8391,276,1172,4
8392,41,170,4
8393,276,1253,1
8394,95,878,1
8395,298,473,3
8396,289,473,1
8397,6,286,2
8398,327,1067,4
8399,234,604,5
8400,345,197,4
8401,197,779,2
8402,120,257,2
8403,293,616,3
8404,174,196,5
8405,178,682,3
8406,137,172,5
8407,128,300,5
8408,253,127,5
8409,88,321,1
8410,222,449,4
8411,247,111,5
8412,60,176,4
8413,92,313,5
8414,256,385,5
8415,343,25,2
8416,314,215,4
8417,115,172,4
8418,263,210,3
8419,305,249,3
8420,244,62,2
8421,267,568,4
8422,87,810,3
8423,330,181,5
8424,134,258,4
8425,13,61,4
8426,346,133,5
8427,108,121,3
8428,368,637,2
8429,305,660,4
8430,298,286,4
8431,256,49,4
8432,286,277,4
8433,286,107,1
8434,327,32,4
8435,201,128,2
8436,288,15,4
8437,308,610,4
8438,334,387,4
8439,204,315,4
8440,257,165,4
8441,347,435,5
8442,181,827,2
8443,13,784,1
8444,26,508,3
8445,118,511,5
8446,239,114,3
8447,339,589,5
8448,171,327,4
8449,378,8,4
8450,14,509,5
8451,62,33,1
8452,64,284,4
8453,269,177,5
8454,200,151,3
8455,370,265,5
8456,327,478,4
8457,10,509,4
8458,108,275,5
8459,311,365,4
8460,199,324,1
8461,363,55,5
8462,180,56,5
8463,60,194,4
8464,14,121,3
8465,18,136,5
8466,270,222,5
8467,268,17,3
8468,323,203,5
8469,334,502,3
8470,354,716,3
8471,336,571,1
8472,144,33,5
8473,226,169,5
8474,301,168,4
8475,99,685,3
8476,181,1289,1
8477,197,271,2
8478,312,357,5
8479,54,1012,2
8480,200,38,3
8481,69,1143,5
8482,5,40,4
8483,181,766,1
8484,303,80,4
8485,110,575,3
8486,299,208,4
8487,275,423,4
8488,210,200,5
8489,327,1097,4
8490,99,7,4
8491,64,240,1
8492,101,1034,2
8493,18,778,2
8494,301,159,3
8495,90,166,4
8496,213,2,4
8497,251,520,5
8498,295,99,4
8499,279,175,5
8500,64,636,4
8501,303,231,4
8502,184,196,4
8503,197,92,1
8504,315,156,5
8505,23,662,3
8506,291,56,5
8507,5,90,3
8508,146,1294,4
8509,254,90,1
8510,326,559,3
8511,290,91,2
8512,94,472,3
8513,189,484,5
8514,292,479,4
8515,194,425,2
8516,326,633,4
8517,16,761,2
8518,304,288,3
8519,221,721,5
8520,160,209,4
8521,80,58,4
8522,178,76,3
8523,62,147,3
8524,158,550,3
8525,344,313,3
8526,291,365,3
8527,112,302,4
8528,207,188,3
8529,13,457,1
8530,234,1,3
8531,260,272,3
8532,63,13,4
8533,325,640,3
8534,194,124,4
8535,71,56,5
8536,30,678,2
8537,291,4,4
8538,378,1267,3
8539,177,260,2
8540,21,292,3
8541,326,132,4
8542,244,508,4
8543,128,602,4
8544,276,779,2
8545,263,245,4
8546,323,255,4
8547,92,986,2
8548,276,282,4
8549,186,1277,4
8550,264,25,4
8551,161,274,2
8552,86,300,3
8553,303,91,5
8554,10,135,5
8555,301,407,2
8556,60,502,4
8557,377,443,4
8558,142,350,4
8559,374,591,4
8560,110,732,3
8561,352,182,5
8562,109,1013,3
8563,328,350,3
8564,181,283,3
8565,354,631,4
8566,334,1073,4
8567,181,1373,1
8568,54,121,4
8569,293,12,4
8570,279,1489,3
8571,138,111,4
8572,298,502,5
8573,318,66,4
8574,67,151,4
8575,301,160,2
8576,47,321,4
8577,304,682,3
8578,109,204,4
8579,189,505,5
8580,16,183,5
8581,269,645,4
8582,297,116,4
8583,373,139,3
8584,274,815,3
8585,123,511,5
8586,13,40,2
8587,61,342,2
8588,76,421,3
8589,284,313,3
8590,339,806,4
8591,5,153,5
8592,280,1047,3
8593,199,322,2
8594,343,143,4
8595,303,926,2
8596,232,276,5
8597,1,218,3
8598,151,417,3
8599,270,241,5
8600,269,272,3
8601,339,248,4
8602,46,328,4
8603,198,1014,2
8604,151,505,5
8605,184,478,4
8606,234,274,3
8607,348,742,4
8608,374,129,5
8609,221,53,4
8610,308,584,4
8611,268,746,3
8612,263,127,4
8613,83,795,3
8614,168,7,1
8615,284,344,4
8616,375,44,3
8617,91,435,4
8618,311,58,3
8619,204,191,4
8620,109,200,2
8621,201,70,3
8622,312,241,3
8623,215,183,5
8624,128,173,5
8625,13,351,1
8626,378,52,5
8627,345,949,3
8628,12,754,4
8629,54,406,2
8630,128,237,4
8631,223,1014,4
8632,197,33,2
8633,270,800,5
8634,373,154,5
8635,24,275,5
8636,214,1401,4
8637,16,27,2
8638,325,521,4
8639,243,221,5
8640,200,578,5
8641,343,702,4
8642,345,479,4
8643,327,645,4
8644,141,750,1
8645,13,73,3
8646,299,347,4
8647,181,922,1
8648,13,467,5
8649,276,227,4
8650,189,483,5
8651,135,228,4
8652,256,1040,3
8653,84,151,4
8654,207,245,3
8655,189,96,5
8656,135,642,4
8657,84,523,4
8658,269,213,5
8659,307,154,5
8660,117,288,3
8661,43,648,5
8662,359,250,4
8663,373,2,4
8664,327,173,4
8665,326,82,3
8666,190,294,3
8667,72,520,5
8668,378,356,4
8669,91,338,4
8670,363,1267,2
8671,128,591,4
8672,252,268,5
8673,214,512,5
8674,303,249,4
8675,313,135,5
8676,239,168,4
8677,361,148,1
8678,94,447,4
8679,109,931,2
8680,298,311,3
8681,329,269,4
8682,66,117,3
8683,291,790,4
8684,175,629,3
8685,347,423,4
8686,291,155,3
8687,7,203,5
8688,201,285,4
8689,374,356,3
8690,303,326,2
8691,131,275,2
8692,186,1253,4
8693,347,1088,1
8694,184,588,5
8695,234,328,2
8696,293,147,2
8697,276,1239,1
8698,101,118,3
8699,269,497,3
8700,256,982,3
8701,305,602,3
8702,94,63,3
8703,327,650,4
8704,43,118,4
8705,347,268,4
8706,194,517,3
8707,281,989,2
8708,232,81,5
8709,42,88,5
8710,18,526,4
8711,55,678,3
8712,158,182,5
8713,288,13,5
8714,102,689,3
8715,323,249,3
8716,294,544,4
8717,268,232,3
8718,94,646,5
8719,157,3,3
8720,279,147,4
8721,90,475,3
8722,276,1073,3
8723,301,684,3
8724,191,343,3
8725,201,324,5
8726,213,448,4
8727,145,831,1
8728,65,135,4
8729,291,154,4
8730,379,69,4
8731,345,559,1
8732,62,179,4
8733,331,277,4
8734,43,54,3
8735,244,240,3
8736,279,469,4
8737,1,209,4
8738,313,417,2
8739,151,1074,2
8740,329,124,5
8741,332,354,5
8742,303,159,3
8743,249,472,3
8744,6,513,4
8745,1,259,1
8746,308,144,3
8747,174,577,1
8748,327,188,5
8749,332,271,4
8750,59,660,4
8751,130,959,4
8752,94,144,3
8753,280,117,5
8754,151,47,3
8755,249,169,5
8756,184,34,2
8757,344,315,5
8758,339,139,3
8759,74,1084,3
8760,347,69,5
8761,293,761,2
8762,308,234,3
8763,268,421,3
8764,328,185,4
8765,365,908,3
8766,200,15,4
8767,5,94,3
8768,318,509,5
8769,234,423,4
8770,118,816,3
8771,354,297,4
8772,130,405,4
8773,279,4,4
8774,198,217,4
8775,342,237,4
8776,195,1228,1
8777,48,988,2
8778,7,281,3
8779,64,318,4
8780,253,647,3
8781,99,56,5
8782,13,443,4
8783,151,775,2
8784,91,510,3
8785,343,211,5
8786,279,92,4
8787,57,248,5
8788,94,428,5
8789,42,28,5
8790,343,792,5
8791,144,209,2
8792,290,243,3
8793,100,316,5
8794,374,977,1
8795,249,684,4
8796,145,346,5
8797,379,705,4
8798,184,70,4
8799,94,657,5
8800,178,520,5
8801,303,1088,2
8802,21,774,2
8803,328,1042,3
8804,276,276,4
8805,77,50,4
8806,237,183,5
8807,5,389,1
8808,234,54,2
8809,22,502,4
8810,226,283,2
8811,199,678,1
8812,148,357,5
8813,326,612,2
8814,59,562,4
8815,94,206,4
8816,109,520,5
8817,329,276,4
8818,321,50,4
8819,174,655,5
8820,144,73,3
8821,56,186,3
8822,87,568,5
8823,269,387,3
8824,201,340,5
8825,165,419,4
8826,191,270,3
8827,190,628,4
8828,5,411,1
8829,169,308,3
8830,303,288,4
8831,69,151,5
8832,145,1040,1
8833,279,490,3
8834,1,108,5
8835,253,173,5
8836,77,265,3
8837,283,216,4
8838,224,1085,1
8839,336,117,3
8840,378,1284,2
8841,174,118,2
8842,296,98,5
8843,130,210,5
8844,1,262,3
8845,89,949,3
8846,58,204,4
8847,263,1473,5
8848,92,273,4
8849,67,743,4
8850,311,627,4
8851,234,727,3
8852,351,1316,4
8853,90,433,3
8854,194,1220,3
8855,222,819,2
8856,311,510,4
8857,59,1065,5
8858,195,421,4
8859,145,44,5
8860,38,1014,5
8861,186,71,5
8862,82,109,1
8863,264,436,3
8864,361,949,4
8865,200,173,5
8866,279,405,3
8867,7,505,3
8868,121,235,1
8869,301,380,4
8870,380,176,3
8871,332,7,4
8872,316,71,1
8873,7,266,4
8874,293,2,3
8875,18,792,5
8876,166,258,4
8877,373,849,3
8878,177,195,4
8879,254,15,3
8880,328,100,5
8881,344,111,4
8882,223,118,2
8883,189,607,4
8884,183,250,2
8885,276,1110,3
8886,194,509,3
8887,267,1073,5
8888,313,182,4
8889,10,498,5
8890,276,69,4
8891,60,729,4
8892,264,203,2
8893,116,531,2
8894,62,121,4
8895,345,313,4
8896,126,322,3
8897,90,423,5
8898,227,117,2
8899,271,713,4
8900,25,269,4
8901,361,1041,2
8902,85,971,3
8903,346,780,2
8904,338,56,3
8905,363,433,4
8906,217,1303,2
8907,159,245,5
8908,141,748,3
8909,49,122,2
8910,365,813,5
8911,373,25,4
8912,301,67,2
8913,149,312,1
8914,21,773,3
8915,357,742,4
8916,373,81,2
8917,82,281,3
8918,90,96,4
8919,327,198,4
8920,268,1157,1
8921,374,173,3
8922,83,783,4
8923,318,655,4
8924,216,693,3
8925,381,582,5
8926,333,316,5
8927,21,325,4
8928,279,195,4
8929,279,24,5
8930,349,370,2
8931,127,748,5
8932,56,95,4
8933,38,71,5
8934,276,879,3
8935,374,476,2
8936,248,198,5
8937,321,8,4
8938,344,268,3
8939,151,602,4
8940,194,284,3
8941,375,583,2
8942,380,197,3
8943,381,50,5
8944,103,527,5
8945,268,153,5
8946,232,651,3
8947,88,881,5
8948,11,268,5
8949,249,68,5
8950,67,276,4
8951,177,276,5
8952,234,96,2
8953,135,33,3
8954,345,845,3
8955,332,181,5
8956,346,561,3
8957,11,739,3
8958,239,654,5
8959,276,432,5
8960,214,294,3
8961,330,603,5
8962,363,182,1
8963,337,631,4
8964,244,411,4
8965,182,172,5
8966,43,393,4
8967,64,447,4
8968,116,421,3
8969,257,288,3
8970,130,4,2
8971,54,237,4
8972,312,603,5
8973,198,629,4
8974,279,732,3
8975,320,431,5
8976,1,12,5
8977,59,568,5
8978,257,221,3
8979,329,855,4
8980,58,1104,2
8981,43,486,4
8982,339,42,4
8983,344,45,5
8984,92,471,4
8985,200,313,5
8986,347,879,3
8987,18,732,3
8988,92,596,2
8989,358,1529,3
8990,87,231,3
8991,13,118,4
8992,305,154,4
8993,212,191,3
8994,41,746,3
8995,192,301,4
8996,344,421,2
8997,360,511,5
8998,365,124,4
8999,10,164,4
9000,234,847,4
9001,271,582,3
9002,109,96,5
9003,76,150,5
9004,59,1113,4
9005,381,212,5
9006,5,109,5
9007,279,386,3
9008,64,898,2
9009,41,435,3
9010,308,843,3
9011,85,661,4
9012,339,516,4
9013,95,510,4
9014,38,404,5
9015,347,735,2
9016,125,270,4
9017,345,295,4
9018,82,1101,4
9019,11,722,3
9020,239,79,3
9021,3,318,4
9022,56,179,3
9023,59,195,5
9024,119,930,3
9025,295,1135,4
9026,347,323,1
9027,291,46,4
9028,347,216,3
9029,337,257,3
9030,87,679,3
9031,381,281,2
9032,215,451,3
9033,177,948,2
9034,292,226,4
9035,314,1054,1
9036,256,294,3
9037,90,86,5
9038,267,622,3
9039,315,211,4
9040,62,209,4
9041,125,485,5
9042,345,317,4
9043,312,96,5
9044,201,68,2
9045,253,175,2
9046,152,204,4
9047,271,224,4
9048,313,1066,2
9049,99,363,4
9050,326,144,5
9051,26,343,3
9052,270,553,1
9053,206,873,3
9054,379,202,5
9055,70,527,4
9056,181,978,1
9057,94,156,5
9058,86,1175,5
9059,68,288,4
9060,60,71,3
9061,151,393,2
9062,22,435,5
9063,198,172,4
9064,96,474,4
9065,305,239,3
9066,301,182,5
9067,32,866,3
9068,279,114,5
9069,10,191,5
9070,279,207,5
9071,321,143,3
9072,10,496,5
9073,130,134,5
9074,26,871,2
9075,13,539,1
9076,49,594,3
9077,56,692,4
9078,318,127,5
9079,159,881,1
9080,130,940,3
9081,348,147,5
9082,243,582,5
9083,15,18,1
9084,85,514,5
9085,135,379,2
9086,286,512,2
9087,276,1274,1
9088,102,239,3
9089,293,871,1
9090,43,161,4
9091,290,622,3
9092,176,100,5
9093,226,14,5
9094,361,238,4
9095,38,383,2
9096,329,924,3
9097,378,65,3
9098,26,315,3
9099,5,230,3
9100,269,142,1
9101,43,275,4
9102,297,7,4
9103,151,735,5
9104,124,79,3
9105,23,405,4
9106,373,1135,3
9107,327,1141,3
9108,188,98,5
9109,69,591,3
9110,345,282,3
9111,194,417,2
9112,311,187,4
9113,204,286,3
9114,215,8,2
9115,18,970,3
9116,85,283,3
9117,96,173,3
9118,277,302,4
9119,327,25,2
9120,301,8,4
9121,33,895,3
9122,118,23,5
9123,280,542,3
9124,280,1479,3
9125,201,333,2
9126,7,570,3
9127,303,164,4
9128,69,748,2
9129,73,507,3
9130,296,10,2
9131,209,321,4
9132,94,420,4
9133,179,310,4
9134,188,38,3
9135,286,1113,3
9136,354,208,4
9137,119,385,5
9138,188,77,4
9139,184,124,5
9140,268,781,3
9141,125,28,4
9142,60,489,5
9143,220,343,3
9144,177,196,3
9145,129,307,2
9146,339,550,2
9147,378,289,5
9148,279,173,5
9149,314,105,4
9150,295,68,4
9151,145,105,2
9152,246,541,3
9153,234,117,2
9154,58,182,4
9155,108,237,3
9156,16,164,5
9157,139,303,5
9158,316,265,3
9159,337,230,5
9160,116,332,3
9161,92,376,3
9162,152,241,4
9163,168,748,2
9164,255,841,1
9165,265,181,2
9166,236,222,4
9167,326,659,4
9168,217,258,1
9169,312,209,3
9170,1,14,5
9171,287,591,5
9172,294,689,3
9173,314,255,5
9174,189,1403,4
9175,107,300,1
9176,267,250,5
9177,344,190,5
9178,151,65,4
9179,343,367,4
9180,10,385,4
9181,70,383,2
9182,109,131,1
9183,373,399,3
9184,378,1478,3
9185,125,64,5
9186,378,274,3
9187,41,98,4
9188,54,147,5
9189,213,514,5
9190,254,843,2
9191,334,245,2
9192,224,518,1
9193,31,493,5
9194,10,519,5
9195,125,25,1
9196,92,88,3
9197,194,26,3
9198,13,265,4
9199,279,578,4
9200,301,216,4
9201,2,303,4
9202,326,451,2
9203,188,205,3
9204,338,511,4
9205,328,482,3
9206,269,506,5
9207,125,407,2
9208,85,275,3
9209,92,181,4
9210,15,286,2
9211,374,162,2
9212,148,169,5
9213,54,257,4
9214,276,1228,1
9215,268,679,4
9216,385,1367,5
9217,56,181,5
9218,271,15,3
9219,308,184,4
9220,64,7,4
9221,330,38,4
9222,263,886,2
9223,244,180,4
9224,1,97,3
9225,156,211,4
9226,62,155,1
9227,271,170,5
9228,250,480,5
9229,295,419,4
9230,314,869,4
9231,346,72,3
9232,5,388,2
9233,347,87,3
9234,166,343,4
9235,194,366,2
9236,90,197,5
9237,193,174,4
9238,54,127,4
9239,201,265,3
9240,128,56,3
9241,342,974,2
9242,12,276,4
9243,276,121,4
9244,49,151,5
9245,377,354,4
9246,59,735,5
9247,219,303,4
9248,276,238,5
9249,59,125,3
9250,385,209,4
9251,373,290,5
9252,313,73,5
9253,308,205,3
9254,182,864,4
9255,1,44,5
9256,236,420,4
9257,321,474,4
9258,380,530,5
9259,288,887,5
9260,232,56,5
9261,90,203,5
9262,8,172,5
9263,308,1006,4
9264,303,210,4
9265,139,458,4
9266,145,1090,2
9267,90,962,2
9268,43,321,3
9269,66,471,5
9270,277,286,5
9271,293,82,4
9272,201,462,1
9273,267,449,3
9274,267,175,5
9275,279,101,3
9276,363,336,4
9277,340,418,5
9278,59,448,4
9279,64,216,4
9280,355,882,4
9281,208,430,4
9282,56,96,5
9283,84,237,4
9284,373,230,4
9285,74,100,4
9286,291,1244,4
9287,128,294,4
9288,186,554,1
9289,330,213,5
9290,293,208,3
9291,92,32,3
9292,18,57,4
9293,119,451,5
9294,99,237,5
9295,168,258,4
9296,43,50,4
9297,119,274,4
9298,151,837,4
9299,59,136,3
9300,230,153,5
9301,23,504,4
9302,131,14,5
9303,95,117,4
9304,85,8,4
9305,379,637,2
9306,25,135,3
9307,1,53,3
9308,314,1221,3
9309,181,740,2
9310,253,527,5
9311,172,478,3
9312,249,100,5
9313,344,87,4
9314,308,183,4
9315,330,1016,3
9316,130,353,1
9317,232,313,3
9318,378,196,4
9319,49,52,2
9320,313,448,3
9321,42,265,3
9322,313,100,5
9323,94,806,4
9324,7,567,1
9325,97,168,4
9326,235,292,3
9327,58,240,4
9328,325,325,1
9329,84,64,5
9330,60,186,4
9331,292,475,5
9332,94,258,5
9333,316,19,5
9334,94,483,5
9335,43,1,5
9336,218,654,4
9337,102,746,2
9338,367,760,4
9339,224,387,4
9340,7,637,4
9341,357,294,4
9342,296,277,5
9343,292,511,5
9344,79,370,2
9345,184,693,3
9346,382,127,3
9347,70,228,5
9348,38,218,3
9349,197,321,3
9350,7,624,4
9351,373,151,4
9352,378,215,4
9353,307,450,2
9354,350,530,4
9355,271,52,4
9356,13,854,1
9357,188,419,5
9358,178,22,5
9359,104,25,3
9360,320,278,3
9361,345,451,5
9362,64,582,4
9363,167,1309,1
9364,232,181,4
9365,89,737,1
9366,328,234,4
9367,295,737,5
9368,233,654,4
9369,235,346,4
9370,214,221,5
9371,374,111,2
9372,279,1133,2
9373,378,542,4
9374,249,198,5
9375,21,820,3
9376,125,1183,2
9377,6,125,3
9378,137,183,5
9379,194,185,4
9380,332,1218,5
9381,347,85,5
9382,1,163,4
9383,286,50,4
9384,181,149,1
9385,21,844,4
9386,299,318,4
9387,18,195,3
9388,232,194,4
9389,279,556,3
9390,57,975,3
9391,125,940,2
9392,194,527,4
9393,163,64,4
9394,257,237,2
9395,22,121,3
9396,64,229,4
9397,173,260,4
9398,265,15,3
9399,210,176,4
9400,291,174,5
9401,281,538,4
9402,79,301,3
9403,244,191,5
9404,248,210,3
9405,342,175,5
9406,236,111,4
9407,297,1296,4
9408,159,678,5
9409,255,565,1
9410,286,309,5
9411,318,88,4
9412,77,174,5
9413,109,252,5
9414,244,1045,5
9415,264,4,4
9416,128,190,4
9417,158,163,4
9418,83,609,4
9419,23,380,5
9420,214,313,4
9421,110,783,3
9422,308,219,3
9423,159,286,1
9424,113,327,5
9425,178,83,4
9426,254,214,1
9427,30,1007,5
9428,109,322,2
9429,73,923,3
9430,291,567,5
9431,60,480,4
9432,296,238,4
9433,356,689,5
9434,362,258,4
9435,16,69,5
9436,318,501,4
9437,227,286,3
9438,271,54,3
9439,184,553,3
9440,256,1207,3
9441,210,73,5
9442,321,215,3
9443,221,623,3
9444,311,136,5
9445,130,254,2
9446,293,1147,4
9447,115,466,5
9448,207,187,5
9449,346,932,2
9450,168,123,3
9451,327,238,4
9452,31,321,4
9453,182,763,3
9454,224,724,3
9455,352,216,4
9456,105,272,4
9457,90,177,5
9458,311,161,4
9459,213,735,5
9460,60,660,4
9461,8,511,5
9462,126,289,3
9463,247,50,5
9464,217,174,3
9465,34,299,5
9466,109,223,4
9467,59,659,3
9468,177,403,5
9469,311,418,4
9470,181,256,1
9471,99,369,4
9472,3,300,2
9473,137,235,5
9474,20,1,3
9475,287,111,3
9476,224,751,3
9477,298,651,5
9478,287,240,2
9479,56,73,4
9480,345,866,3
9481,110,232,3
9482,83,720,4
9483,387,1166,3
9484,43,47,1
9485,363,183,4
9486,6,484,5
9487,347,288,5
9488,224,148,3
9489,299,959,2
9490,280,499,4
9491,256,728,4
9492,378,191,5
9493,262,22,4
9494,90,707,5
9495,363,802,2
9496,337,1133,4
9497,7,82,3
9498,28,228,5
9499,151,1197,5
9500,64,38,3
9501,25,151,4
9502,262,98,4
9503,181,125,3
9504,97,97,5
9505,385,606,4
9506,62,235,4
9507,271,192,5
9508,20,69,1
9509,81,274,3
9510,271,328,2
9511,261,1025,5
9512,363,134,2
9513,70,211,3
9514,201,406,1
9515,92,189,4
9516,92,191,4
9517,77,210,3
9518,95,204,5
9519,372,635,5
9520,239,497,4
9521,89,716,3
9522,13,514,5
9523,374,125,5
9524,332,97,5
9525,339,478,5
9526,249,121,3
9527,152,162,5
9528,222,7,5
9529,360,14,5
9530,374,1028,1
9531,85,1153,4
9532,145,928,3
9533,106,86,3
9534,298,993,4
9535,151,489,5
9536,102,358,3
9537,68,50,5
9538,374,292,4
9539,56,746,4
9540,151,231,1
9541,9,6,5
9542,113,976,5
9543,295,215,5
9544,347,300,5
9545,13,752,1
9546,303,582,4
9547,194,58,4
9548,168,25,5
9549,311,188,4
9550,330,275,5
9551,360,134,5
9552,11,744,4
9553,158,825,4
9554,215,210,4
9555,311,402,4
9556,142,89,3
9557,330,255,4
9558,280,420,3
9559,387,56,5
9560,260,326,5
9561,90,611,5
9562,263,318,5
9563,96,478,2
9564,303,476,3
9565,58,193,3
9566,1,210,4
9567,181,368,1
9568,59,692,3
9569,58,1069,2
9570,178,1283,3
9571,327,127,4
9572,253,282,4
9573,201,673,3
9574,201,1427,2
9575,145,924,2
9576,232,96,5
9577,77,69,3
9578,246,469,3
9579,342,191,5
9580,18,185,3
9581,174,29,2
9582,343,951,1
9583,318,12,4
9584,181,1385,1
9585,259,180,5
9586,328,483,5
9587,219,546,4
9588,54,273,4
9589,13,857,3
9590,296,485,5
9591,178,89,4
9592,364,690,4
9593,112,678,3
9594,292,484,5
9595,10,156,4
9596,265,742,5
9597,354,508,3
9598,308,822,4
9599,373,241,5
9600,276,941,3
9601,328,148,3
9602,6,458,1
9603,178,286,3
9604,82,310,4
9605,303,183,5
9606,339,231,2
9607,359,751,4
9608,200,174,5
9609,336,208,2
9610,378,151,3
9611,213,684,4
9612,381,647,4
9613,354,268,4
9614,36,882,5
9615,270,218,5
9616,62,118,2
9617,198,184,3
9618,363,237,2
9619,94,222,3
9620,151,736,4
9621,6,199,4
9622,378,793,3
9623,332,235,3
9624,294,826,1
9625,363,270,2
9626,150,50,5
9627,295,498,5
9628,366,448,5
9629,36,682,1
9630,311,515,4
9631,348,975,4
9632,118,436,5
9633,92,190,4
9634,280,449,3
9635,291,72,4
9636,13,615,4
9637,310,257,5
9638,5,227,4
9639,358,643,3
9640,303,67,5
9641,345,221,5
9642,276,366,3
9643,385,221,5
9644,174,66,5
9645,201,193,3
9646,56,51,3
9647,72,265,4
9648,342,56,5
9649,276,840,3
9650,361,498,4
9651,249,172,3
9652,293,158,2
9653,85,300,3
9654,21,121,1
9655,330,485,5
9656,328,231,2
9657,92,129,4
9658,369,948,2
9659,299,1039,4
9660,56,391,3
9661,322,318,4
9662,373,420,4
9663,316,289,2
9664,177,47,3
9665,276,751,4
9666,48,266,3
9667,385,524,5
9668,109,472,2
9669,69,333,3
9670,224,223,3
9671,49,101,3
9672,328,218,4
9673,56,383,2
9674,264,153,5
9675,10,703,5
9676,296,846,2
9677,215,238,2
9678,92,31,4
9679,270,13,4
9680,305,557,4
9681,59,169,4
9682,365,287,4
9683,387,218,3
9684,75,137,4
9685,178,367,4
9686,92,11,4
9687,208,381,3
9688,23,229,3
9689,58,275,5
9690,15,148,3
9691,18,186,4
9692,1,184,4
9693,87,96,5
9694,119,742,5
9695,13,720,4
9696,94,1044,4
9697,295,226,4
9698,169,260,1
9699,387,180,4
9700,339,673,5
9701,326,566,4
9702,357,7,3
9703,115,511,5
9704,151,503,3
9705,323,332,3
9706,110,779,3
9707,291,28,4
9708,360,195,3
9709,178,99,4
9710,158,176,4
9711,201,596,4
9712,22,176,5
9713,195,831,2
9714,6,183,4
9715,286,738,5
9716,184,231,3
9717,199,988,1
9718,263,294,2
9719,293,425,4
9720,13,887,5
9721,43,596,3
9722,1,157,4
9723,181,10,2
9724,366,672,5
9725,13,683,1
9726,230,607,3
9727,266,272,4
9728,323,245,2
9729,194,215,3
9730,168,472,3
9731,346,546,4
9732,99,676,4
9733,21,758,1
9734,303,186,4
9735,310,14,5
9736,268,139,2
9737,270,295,5
9738,263,134,5
9739,388,313,5
9740,207,1226,2
9741,267,552,3
9742,90,100,5
9743,11,9,5
9744,354,175,5
9745,43,49,4
9746,92,581,4
9747,321,135,4
9748,265,125,4
9749,80,269,3
9750,60,493,5
9751,79,6,4
9752,72,509,4
9753,373,427,4
9754,62,232,3
9755,327,233,3
9756,246,1101,5
9757,236,596,4
9758,269,139,1
9759,178,204,4
9760,387,514,3
9761,222,780,3
9762,37,24,4
9763,49,143,3
9764,235,135,4
9765,385,4,2
9766,89,694,5
9767,268,209,4
9768,13,269,2
9769,59,202,4
9770,378,272,4
9771,225,143,2
9772,386,455,3
9773,119,209,4
9774,272,22,5
9775,286,354,4
9776,190,269,4
9777,374,122,2
9778,178,465,3
9779,38,94,5
9780,374,581,4
9781,178,244,1
9782,29,1018,4
9783,359,831,3
9784,92,98,5
9785,244,168,5
9786,76,64,5
9787,344,1007,4
9788,387,199,4
9789,193,33,3
9790,292,628,3
9791,280,576,3
9792,238,1190,3
9793,290,164,4
9794,380,132,4
9795,83,768,4
9796,248,515,5
9797,178,183,4
9798,178,342,4
9799,373,89,5
9800,122,191,5
9801,174,862,1
9802,297,273,4
9803,378,1180,3
9804,299,1020,4
9805,184,511,4
9806,301,31,3
9807,178,1169,4
9808,276,1044,3
9809,321,276,3
9810,195,1089,4
9811,1,201,3
9812,239,1192,1
9813,149,308,2
9814,234,1149,3
9815,331,653,3
9816,344,244,3
9817,134,339,2
9818,128,322,2
9819,30,255,4
9820,178,566,4
9821,83,932,4
9822,200,685,4
9823,310,274,3
9824,389,955,4
9825,65,661,4
9826,330,208,5
9827,363,163,3
9828,208,211,5
9829,198,748,2
9830,179,272,5
9831,273,690,4
9832,85,492,4
9833,121,126,3
9834,14,813,2
9835,264,672,3
9836,340,265,5
9837,280,690,2
9838,314,1220,5
9839,67,827,3
9840,194,471,3
9841,18,463,4
9842,308,45,4
9843,89,93,2
9844,267,575,3
9845,222,125,5
9846,268,978,2
9847,210,25,4
9848,302,307,4
9849,207,540,3
9850,15,864,4
9851,125,116,4
9852,62,225,3
9853,260,682,4
9854,299,100,3
9855,351,313,5
9856,356,272,5
9857,297,143,5
9858,288,300,5
9859,249,174,4
9860,385,367,4
9861,373,625,4
9862,387,414,4
9863,381,191,5
9864,309,324,3
9865,45,15,4
9866,56,56,5
9867,55,254,2
9868,318,105,1
9869,95,554,3
9870,41,69,4
9871,379,520,5
9872,184,766,3
9873,201,544,2
9874,243,387,4
9875,293,401,1
9876,6,499,4
9877,321,124,3
9878,172,183,5
9879,76,1158,4
9880,197,690,3
9881,16,418,5
9882,299,216,5
9883,99,1067,4
9884,340,186,4
9885,64,1139,1
9886,181,834,3
9887,246,1,4
9888,80,194,3
9889,128,238,4
9890,201,684,3
9891,371,24,4
9892,95,403,1
9893,174,1053,5
9894,85,449,4
9895,387,692,1
9896,234,210,3
9897,21,860,2
9898,72,504,4
9899,13,124,5
9900,3,345,3
9901,344,288,4
9902,254,967,3
9903,326,399,4
9904,246,588,4
9905,272,498,4
9906,235,193,5
9907,237,83,4
9908,181,1017,1
9909,281,877,4
9910,99,100,5
9911,141,225,3
9912,296,172,5
9913,89,121,5
9914,259,313,5
9915,6,197,5
9916,128,151,3
9917,347,588,3
9918,7,177,4
9919,334,170,3
9920,234,928,2
9921,102,443,3
9922,7,471,4
9923,141,405,3
9924,31,514,5
9925,271,258,3
9926,254,610,2
9927,236,237,4
9928,52,287,5
9929,214,50,3
9930,315,504,3
9931,61,1127,4
9932,181,1057,2
9933,312,919,3
9934,87,39,3
9935,63,1008,3
9936,85,108,2
9937,256,181,4
9938,279,571,4
9939,26,117,3
9940,290,432,5
9941,236,1013,2
9942,387,520,4
9943,119,109,5
9944,346,809,3
9945,339,523,5
9946,222,529,2
9947,230,8,5
9948,329,338,2
9949,184,647,5
9950,292,855,5
9951,60,207,3
9952,246,895,5
9953,231,252,4
9954,144,762,3
9955,254,755,3
9956,5,397,2
9957,303,473,4
9958,151,203,3
9959,168,117,5
9960,323,151,4
9961,90,995,4
9962,354,657,4
9963,372,200,5
9964,339,67,3
9965,284,328,4
9966,349,847,4
9967,177,508,4
9968,289,24,4
9969,262,195,2
9970,318,419,5
9971,1,150,5
9972,380,177,3
9973,23,549,3
9974,65,173,3
9975,56,435,3
9976,210,403,4
9977,147,340,4
9978,339,28,4
9979,12,753,5
9980,2,308,3
9981,264,283,5
9982,345,315,5
9983,193,111,1
9984,301,7,4
9985,373,68,5
9986,94,38,2
9987,357,833,4
9988,26,237,3
9989,316,197,4
9990,293,164,4
9991,217,226,1
9992,145,413,3
9993,371,177,4
9994,286,477,3
9995,74,150,3
9996,178,195,4
9997,321,527,3
9998,337,742,5
9999,90,190,5
10000,56,189,4
10001,325,403,2
10002,336,845,1
10003,13,802,2
10004,64,202,4
10005,181,1087,1
10006,296,281,2
10007,387,58,4
10008,293,720,1
10009,183,1217,3
10010,204,1194,4
10011,329,300,4
10012,124,226,4
10013,43,516,5
10014,181,846,3
10015,308,755,3
10016,204,482,4
10017,196,111,4
10018,200,743,3
10019,94,942,4
10020,383,319,2
10021,49,1078,1
10022,268,357,4
10023,389,176,4
10024,343,118,2
10025,233,205,4
10026,328,693,2
10027,17,245,2
10028,178,8,4
10029,367,17,5
10030,7,450,4
10031,118,853,5
10032,28,222,5
10033,224,704,3
10034,290,755,4
10035,312,131,5
10036,389,109,3
10037,82,529,4
10038,301,686,4
10039,158,149,3
10040,270,747,5
10041,262,237,3
10042,190,222,4
10043,271,510,4
10044,207,328,2
10045,87,229,4
10046,293,845,2
10047,94,1,4
10048,11,185,4
10049,373,596,3
10050,334,1010,5
10051,385,79,3
10052,297,257,3
10053,330,97,5
10054,378,162,4
10055,222,368,1
10056,326,210,3
10057,49,406,2
10058,234,87,3
10059,233,568,5
10060,215,215,3
10061,109,393,4
10062,79,325,5
10063,271,866,4
10064,97,466,3
10065,169,133,4
10066,344,148,2
10067,253,742,4
10068,15,244,2
10069,330,58,5
10070,267,177,5
10071,342,257,2
10072,114,496,4
10073,87,318,4
10074,25,189,5
10075,113,322,3
10076,5,444,2
10077,94,588,4
10078,232,1128,2
10079,95,111,4
10080,65,526,4
10081,158,62,5
10082,201,325,5
10083,90,1197,4
10084,24,178,5
10085,311,965,3
10086,280,559,3
10087,73,100,4
10088,110,384,2
10089,178,257,5
10090,201,527,3
10091,210,484,4
10092,74,137,3
10093,271,1101,4
10094,380,1449,4
10095,360,303,3
10096,323,282,3
10097,381,495,4
10098,215,222,4
10099,328,661,5
10100,145,592,3
10101,293,76,3
10102,262,625,3
10103,213,678,4
10104,267,24,5
10105,159,748,3
10106,130,240,4
10107,318,160,3
10108,363,426,2
10109,102,797,2
10110,223,225,3
10111,339,154,4
10112,332,978,4
10113,158,229,3
10114,18,215,3
10115,134,259,2
10116,13,890,1
10117,236,148,4
10118,246,719,4
10119,11,652,4
10120,107,340,5
10121,312,482,5
10122,224,846,4
10123,106,285,4
10124,313,578,3
10125,94,537,4
10126,129,269,4
10127,314,406,3
10128,336,239,3
10129,192,252,1
10130,328,183,5
10131,224,287,3
10132,125,73,5
10133,178,500,4
10134,71,923,5
10135,130,1274,2
10136,186,257,4
10137,293,445,4
10138,312,269,5
10139,268,998,1
10140,168,257,5
10141,203,326,4
10142,347,328,4
10143,155,286,4
10144,43,946,4
10145,374,454,4
10146,164,926,2
10147,291,179,5
10148,320,1011,3
10149,313,405,3
10150,82,414,4
10151,181,819,3
10152,201,1039,3
10153,130,541,3
10154,237,479,5
10155,9,479,4
10156,295,1115,5
10157,279,432,3
10158,256,866,4
10159,305,178,4
10160,378,875,3
10161,269,985,3
10162,352,4,3
10163,50,286,2
10164,311,845,4
10165,60,98,4
10166,84,7,4
10167,308,514,4
10168,95,655,4
10169,165,69,3
10170,174,288,3
10171,343,483,5
10172,296,151,2
10173,276,141,4
10174,301,427,4
10175,181,928,3
10176,293,183,4
10177,5,402,1
10178,378,4,3
10179,279,1231,4
10180,244,953,4
10181,334,316,4
10182,279,1,3
10183,244,164,3
10184,294,248,5
10185,114,182,3
10186,178,271,4
10187,211,286,4
10188,387,942,4
10189,278,22,5
10190,110,806,3
10191,36,885,5
10192,135,443,4
10193,385,262,4
10194,91,181,5
10195,357,291,4
10196,254,504,3
10197,123,255,1
10198,327,294,3
10199,320,716,1
10200,308,582,3
10201,264,381,4
10202,342,574,1
10203,361,286,5
10204,268,7,4
10205,77,405,3
10206,387,32,5
10207,1,183,5
10208,49,231,3
10209,380,587,4
10210,248,186,5
10211,144,454,3
10212,221,128,3
10213,22,222,4
10214,201,77,2
10215,335,245,4
10216,390,990,4
10217,136,19,4
10218,276,682,3
10219,138,150,3
10220,80,423,3
10221,308,433,5
10222,218,12,5
10223,382,546,2
10224,269,70,1
10225,326,452,3
10226,288,177,3
10227,128,48,4
10228,85,45,3
10229,233,58,3
10230,14,172,5
10231,386,121,3
10232,13,153,4
10233,379,732,5
10234,345,903,3
10235,13,343,1
10236,322,194,5
10237,243,127,4
10238,276,577,2
10239,314,399,3
10240,109,866,4
10241,248,153,3
10242,200,473,4
10243,109,91,4
10244,49,116,4
10245,23,1005,3
10246,198,241,3
10247,151,322,2
10248,301,772,3
10249,297,102,1
10250,144,480,4
10251,152,191,5
10252,186,44,5
10253,119,147,4
10254,196,580,2
10255,109,423,4
10256,270,551,4
10257,344,5,3
10258,246,161,3
10259,133,322,2
10260,327,476,2
10261,270,288,5
10262,243,1368,2
10263,8,685,4
10264,244,258,5
10265,354,900,4
10266,267,771,3
10267,43,531,4
10268,141,471,4
10269,176,13,4
10270,269,856,5
10271,99,322,3
10272,350,153,3
10273,135,603,4
10274,121,98,5
10275,297,173,4
10276,85,655,3
10277,56,761,3
10278,374,427,3
10279,214,39,4
10280,21,565,3
10281,340,526,5
10282,303,376,2
10283,277,405,3
10284,279,209,5
10285,128,65,4
10286,193,362,3
10287,325,95,2
10288,325,164,1
10289,389,1119,3
10290,30,286,5
10291,280,568,2
10292,346,134,5
10293,59,611,3
10294,64,217,2
10295,9,340,4
10296,224,893,3
10297,239,124,5
10298,363,212,1
10299,229,349,4
10300,96,483,5
10301,72,356,4
10302,276,669,1
10303,318,575,2
10304,210,238,3
10305,178,455,3
10306,222,1438,4
10307,338,408,5
10308,13,301,1
10309,232,204,4
10310,41,100,4
10311,201,578,2
10312,331,868,4
10313,321,205,5
10314,336,1047,4
10315,385,435,3
10316,145,5,3
10317,269,195,3
10318,167,136,4
10319,13,597,3
10320,42,939,4
10321,347,1283,1
10322,373,114,5
10323,303,391,1
10324,130,281,4
10325,65,328,4
10326,311,132,4
10327,6,195,4
10328,387,200,5
10329,271,402,4
10330,190,291,3
10331,15,274,4
10332,286,229,1
10333,347,472,5
10334,322,216,3
10335,275,300,4
10336,347,280,4
10337,331,64,4
10338,296,14,4
10339,130,282,5
10340,94,946,3
10341,377,748,4
10342,6,488,5
10343,11,350,4
10344,338,484,5
10345,7,481,5
10346,179,750,1
10347,314,282,5
10348,382,531,4
10349,26,597,2
10350,234,136,4
10351,290,193,4
10352,280,95,5
10353,378,141,3
10354,291,496,5
10355,181,266,1
10356,279,265,5
10357,210,50,5
10358,249,161,3
10359,293,479,4
10360,189,618,2
10361,95,712,2
10362,303,125,2
10363,43,252,4
10364,303,219,5
10365,378,386,3
10366,314,274,3
10367,151,83,5
10368,88,301,4
10369,325,185,5
10370,234,401,2
10371,293,464,3
10372,334,311,4
10373,268,244,4
10374,108,21,3
10375,374,200,5
10376,174,248,5
10377,181,682,4
10378,262,949,4
10379,8,144,5
10380,327,583,2
10381,5,100,5
10382,70,298,5
10383,181,1068,1
10384,7,385,5
10385,279,820,4
10386,350,340,4
10387,302,879,2
10388,393,1219,4
10389,374,735,5
10390,23,427,5
10391,387,447,4
10392,234,32,3
10393,286,1182,2
10394,181,929,1
10395,13,154,5
10396,87,239,4
10397,57,844,2
10398,269,436,3
10399,251,612,5
10400,119,174,4
10401,349,744,2
10402,128,568,4
10403,22,550,5
10404,23,739,2
10405,16,654,5
10406,361,709,5
10407,389,249,3
10408,189,225,4
10409,135,185,4
10410,151,411,4
10411,25,520,3
10412,389,613,5
10413,336,999,2
10414,236,546,4
10415,264,216,5
10416,7,667,5
10417,350,657,5
10418,160,484,5
10419,380,186,3
10420,374,930,2
10421,303,545,2
10422,7,210,4
10423,357,235,4
10424,38,1,5
10425,311,946,4
10426,387,559,3
10427,279,810,2
10428,257,100,5
10429,82,472,3
10430,295,162,4
10431,222,144,5
10432,60,218,4
10433,312,485,4
10434,157,137,5
10435,303,24,3
10436,327,153,4
10437,7,498,5
10438,10,99,5
10439,299,17,1
10440,271,294,2
10441,70,1065,4
10442,332,291,4
10443,322,92,4
10444,328,628,3
10445,44,148,4
10446,188,326,3
10447,347,173,2
10448,307,183,3
10449,368,396,2
10450,373,843,3
10451,312,483,5
10452,276,449,2
10453,20,742,4
10454,145,684,5
10455,310,740,4
10456,159,103,1
10457,92,568,3
10458,380,241,2
10459,311,1093,5
10460,13,601,4
10461,60,420,4
10462,11,100,4
10463,373,94,2
10464,5,143,3
10465,314,724,2
10466,389,160,4
10467,10,194,4
10468,269,98,4
10469,313,657,4
10470,167,133,5
10471,203,271,3
10472,50,9,4
10473,38,257,1
10474,373,357,4
10475,286,952,2
10476,95,660,5
10477,380,313,4
10478,257,531,5
10479,379,616,2
10480,1,248,4
10481,54,597,2
10482,267,22,4
10483,131,19,4
10484,327,203,3
10485,180,156,5
10486,60,163,4
10487,367,774,4
10488,213,97,5
10489,373,520,4
10490,152,699,5
10491,211,876,2
10492,299,462,5
10493,361,402,3
10494,200,231,4
10495,193,2,3
10496,341,948,3
10497,174,28,5
10498,378,73,3
10499,313,97,4
10500,38,145,1
10501,271,318,5
10502,280,62,3
10503,271,44,4
10504,372,183,5
10505,109,356,4
10506,392,178,5
10507,118,184,5
10508,1,208,5
10509,342,240,3
10510,320,974,3
10511,10,588,4
10512,7,669,1
10513,250,92,5
10514,178,508,3
10515,376,237,3
10516,195,67,2
10517,189,275,5
10518,268,91,3
10519,122,175,5
10520,1,128,4
10521,188,79,5
10522,276,418,4
10523,262,929,3
10524,44,237,3
10525,301,519,4
10526,181,990,1
10527,28,294,3
10528,276,340,5
10529,186,117,5
10530,13,808,2
10531,311,761,3
10532,364,1048,5
10533,297,1217,1
10534,342,95,4
10535,357,258,4
10536,178,596,3
10537,269,531,5
10538,87,7,4
10539,128,1,4
10540,366,447,5
10541,393,1034,2
10542,187,747,4
10543,7,232,3
10544,13,705,5
10545,64,151,3
10546,239,516,5
10547,7,658,3
10548,236,153,2
10549,59,974,3
10550,379,554,4
10551,360,237,4
10552,286,1140,3
10553,293,155,2
10554,102,663,3
10555,77,523,5
10556,380,172,3
10557,307,402,2
10558,194,161,4
10559,189,732,2
10560,293,642,3
10561,343,303,4
10562,6,466,4
10563,96,1,5
10564,206,889,2
10565,224,277,3
10566,295,164,5
10567,145,273,5
10568,3,299,3
10569,271,517,3
10570,328,726,4
10571,122,187,4
10572,368,551,4
10573,389,204,4
10574,292,288,3
10575,296,750,5
10576,296,484,4
10577,151,172,5
10578,230,739,5
10579,378,197,3
10580,58,654,5
10581,249,137,4
10582,374,9,1
10583,125,236,1
10584,268,762,2
10585,320,1090,3
10586,276,436,4
10587,92,214,4
10588,158,50,4
10589,62,697,4
10590,198,318,4
10591,295,450,4
10592,22,948,1
10593,334,961,4
10594,51,64,4
10595,374,1011,4
10596,352,96,4
10597,222,783,2
10598,113,319,2
10599,115,642,5
10600,75,952,5
10601,314,597,4
10602,5,370,1
10603,120,924,4
10604,7,183,4
10605,296,298,1
10606,373,278,5
10607,178,117,4
10608,51,679,3
10609,287,461,5
10610,222,280,3
10611,302,270,2
10612,297,705,2
10613,348,294,4
10614,194,744,3
10615,54,748,5
10616,343,228,5
10617,180,403,3
10618,374,948,2
10619,95,385,4
10620,300,261,3
10621,283,709,5
10622,291,156,5
10623,181,937,3
10624,339,11,4
10625,94,68,4
10626,109,392,3
10627,201,99,3
10628,324,1094,5
10629,286,1194,4
10630,42,418,5
10631,286,596,3
10632,105,307,2
10633,42,367,2
10634,59,131,4
10635,312,489,5
10636,327,710,4
10637,137,472,4
10638,323,467,5
10639,332,449,4
10640,99,331,3
10641,279,90,3
10642,279,228,4
10643,346,415,2
10644,113,508,4
10645,197,89,5
10646,199,294,1
10647,164,331,5
10648,287,301,3
10649,250,71,5
10650,94,576,2
10651,152,845,3
10652,66,597,3
10653,337,371,4
10654,99,312,2
10655,75,597,3
10656,393,471,4
10657,198,193,4
10658,370,42,3
10659,83,407,1
10660,344,684,3
10661,222,357,4
10662,60,82,3
10663,303,294,4
10664,52,531,5
10665,88,315,4
10666,193,258,3
10667,178,98,5
10668,200,208,5
10669,387,1007,5
10670,151,732,4
10671,276,450,1
10672,183,88,3
10673,387,224,5
10674,9,527,3
10675,199,111,3
10676,327,1056,2
10677,60,605,3
10678,325,614,4
10679,7,101,5
10680,363,82,3
10681,305,482,2
10682,305,188,2
10683,2,307,3
10684,263,143,5
10685,125,136,5
10686,342,58,5
10687,290,498,4
10688,303,15,3
10689,299,936,4
10690,236,183,2
10691,334,1524,4
10692,316,64,4
10693,226,9,5
10694,195,779,2
10695,249,98,5
10696,286,1411,2
10697,308,1047,3
10698,222,247,1
10699,234,12,1
10700,269,401,3
10701,135,504,4
10702,293,474,5
10703,305,511,4
10704,301,215,5
10705,299,67,2
10706,234,170,5
10707,200,373,4
10708,60,61,4
10709,224,392,4
10710,7,504,5
10711,208,428,4
10712,160,32,5
10713,102,565,2
10714,294,742,4
10715,5,176,3
10716,42,1044,4
10717,378,155,4
10718,322,521,5
10719,339,514,3
10720,56,231,3
10721,117,928,3
10722,303,232,4
10723,295,602,5
10724,321,855,3
10725,295,98,5
10726,70,588,5
10727,7,136,5
10728,363,555,1
10729,113,242,2
10730,360,735,5
10731,303,276,4
10732,102,47,2
10733,314,155,5
10734,64,161,3
10735,276,649,4
10736,389,28,4
10737,146,347,3
10738,206,1430,1
10739,333,79,3
10740,295,157,5
10741,118,655,5
10742,276,4,4
10743,160,109,2
10744,101,1057,2
10745,250,969,5
10746,292,1010,4
10747,228,313,5
10748,12,684,5
10749,195,325,2
10750,393,15,3
10751,182,423,5
10752,346,128,2
10753,56,738,3
10754,339,479,5
10755,194,451,2
10756,374,182,5
10757,263,125,4
10758,16,160,4
10759,76,197,5
10760,334,1133,4
10761,52,15,5
10762,117,1016,5
10763,59,473,3
10764,91,618,3
10765,234,435,3
10766,128,58,3
10767,279,50,3
10768,141,546,4
10769,375,356,4
10770,100,1236,3
10771,222,8,1
10772,344,195,5
10773,334,200,4
10774,314,1503,3
10775,380,518,3
10776,200,584,4
10777,311,491,4
10778,219,132,5
10779,363,2,4
10780,342,189,5
10781,210,735,4
10782,92,159,4
10783,328,291,4
10784,178,25,3
10785,104,412,3
10786,374,880,5
10787,283,659,5
10788,102,831,2
10789,59,609,2
10790,117,742,4
10791,97,432,4
10792,186,327,3
10793,334,608,4
10794,130,284,2
10795,13,100,5
10796,144,1286,4
10797,102,98,4
10798,6,193,3
10799,181,1361,1
10800,163,98,4
10801,207,832,3
10802,293,71,4
10803,116,1089,2
10804,270,716,4
10805,250,184,1
10806,167,169,1
10807,121,137,5
10808,393,1285,3
10809,13,71,4
10810,274,255,2
10811,145,302,4
10812,393,318,3
10813,303,396,4
10814,303,122,4
10815,59,45,5
10816,295,812,4
10817,164,300,5
10818,43,966,4
10819,378,508,4
10820,91,327,4
10821,135,564,1
10822,213,357,5
10823,182,121,3
10824,229,750,2
10825,253,298,3
10826,64,64,4
10827,43,210,5
10828,44,1058,4
10829,356,748,4
10830,295,1133,4
10831,162,544,4
10832,30,688,3
10833,245,411,3
10834,125,498,5
10835,303,722,2
10836,254,429,4
10837,174,1033,1
10838,99,245,3
10839,111,272,3
10840,256,2,5
10841,21,595,3
10842,332,218,5
10843,130,1208,4
10844,345,1247,2
10845,184,582,4
10846,343,333,3
10847,305,204,2
10848,113,324,2
10849,283,238,5
10850,89,762,3
10851,80,699,3
10852,294,346,3
10853,214,856,4
10854,380,427,4
10855,379,8,5
10856,286,55,4
10857,347,806,3
10858,223,321,1
10859,320,1041,3
10860,382,276,3
10861,279,1230,3
10862,235,523,5
10863,72,423,5
10864,301,470,4
10865,190,405,4
10866,262,762,2
10867,254,35,2
10868,75,1150,4
10869,3,324,2
10870,343,727,4
10871,267,433,5
10872,141,288,3
10873,151,49,3
10874,328,22,5
10875,223,25,1
10876,10,695,3
10877,83,122,1
10878,347,239,5
10879,249,39,4
10880,305,100,3
10881,293,480,5
10882,227,116,4
10883,279,290,4
10884,181,1129,1
10885,393,126,4
10886,70,398,2
10887,342,657,5
10888,250,324,2
10889,198,636,3
10890,340,181,4
10891,259,108,4
10892,292,118,3
10893,387,31,3
10894,85,318,4
10895,343,191,5
10896,235,237,4
10897,296,210,3
10898,313,650,4
10899,216,7,5
10900,139,127,5
10901,297,625,3
10902,305,174,3
10903,43,792,1
10904,312,584,5
10905,288,276,4
10906,110,77,4
10907,130,94,5
10908,48,423,4
10909,262,143,3
10910,200,196,4
10911,16,99,5
10912,75,100,5
10913,59,823,5
10914,269,444,3
10915,95,151,4
10916,380,1444,1
10917,181,1134,2
10918,19,310,4
10919,85,212,2
10920,332,728,4
10921,333,180,1
10922,1,242,5
10923,182,100,3
10924,235,174,4
10925,253,117,5
10926,285,313,5
10927,25,238,4
10928,33,292,4
10929,70,1035,3
10930,328,1015,3
10931,57,1071,3
10932,130,508,4
10933,262,778,4
10934,90,692,4
10935,293,91,2
10936,150,93,4
10937,263,205,5
10938,164,118,5
10939,128,686,4
10940,276,420,4
10941,62,475,4
10942,146,313,4
10943,201,20,2
10944,184,405,2
10945,267,642,4
10946,276,404,4
10947,222,432,3
10948,22,393,4
10949,234,945,3
10950,301,54,3
10951,7,435,5
10952,303,568,4
10953,65,239,5
10954,328,1109,3
10955,292,654,5
10956,394,67,5
10957,291,48,5
10958,393,402,3
10959,201,856,3
10960,365,894,1
10961,279,66,2
10962,280,92,3
10963,389,124,4
10964,363,228,3
10965,313,203,5
10966,96,435,3
10967,385,340,4
10968,21,687,2
10969,305,385,1
10970,308,28,3
10971,43,405,4
10972,336,742,3
10973,210,44,3
10974,64,238,4
10975,225,172,5
10976,292,173,5
10977,57,411,4
10978,221,272,5
10979,169,127,4
10980,385,474,5
10981,196,25,4
10982,311,715,2
10983,244,1107,2
10984,203,1,3
10985,307,746,4
10986,207,520,4
10987,321,514,4
10988,339,175,5
10989,85,211,5
10990,151,200,3
10991,131,286,5
10992,204,1022,5
10993,385,195,1
10994,92,930,2
10995,16,479,5
10996,378,1044,3
10997,10,447,4
10998,5,441,1
10999,151,414,5
11000,222,527,4
11001,60,88,4
11002,10,418,4
11003,360,197,5
11004,316,190,5
11005,378,123,3
11006,60,143,3
11007,394,42,4
11008,393,1206,3
11009,378,179,2
11010,94,282,3
11011,18,660,5
11012,130,833,4
11013,387,423,3
11014,92,238,5
11015,224,282,4
11016,172,582,4
11017,253,806,4
11018,178,746,3
11019,244,294,4
11020,370,116,3
11021,7,636,4
11022,177,1067,4
11023,343,163,5
11024,293,33,2
11025,308,705,5
11026,323,180,5
11027,317,328,4
11028,223,286,1
11029,279,433,4
11030,391,527,3
11031,178,454,4
11032,122,737,4
11033,296,22,4
11034,328,554,3
11035,177,878,1
11036,191,86,5
11037,280,157,3
11038,264,168,5
11039,99,69,4
11040,314,218,4
11041,352,7,3
11042,320,452,3
11043,294,355,4
11044,128,213,3
11045,381,378,4
11046,7,431,4
11047,149,896,4
11048,393,633,2
11049,125,198,3
11050,77,1028,1
11051,387,1019,4
11052,128,425,5
11053,276,727,3
11054,336,451,2
11055,323,289,2
11056,75,125,3
11057,324,754,5
11058,49,290,2
11059,258,751,5
11060,108,515,5
11061,94,921,5
11062,208,524,4
11063,210,243,2
11064,276,232,3
11065,201,443,3
11066,189,294,5
11067,332,249,3
11068,109,291,3
11069,274,478,5
11070,95,64,5
11071,392,333,4
11072,183,720,4
11073,293,619,1
11074,381,771,2
11075,385,661,4
11076,159,1025,2
11077,392,302,5
11078,130,1049,3
11079,385,99,2
11080,1,148,2
11081,372,672,5
11082,59,825,4
11083,222,239,5
11084,367,441,3
11085,42,1040,3
11086,141,151,2
11087,49,1009,3
11088,291,383,2
11089,115,763,2
11090,374,223,5
11091,173,242,5
11092,280,102,5
11093,60,511,4
11094,354,497,4
11095,320,188,4
11096,325,510,4
11097,145,7,5
11098,363,591,4
11099,5,69,1
11100,269,175,5
11101,268,182,4
11102,94,366,3
11103,116,286,3
11104,51,496,4
11105,263,95,5
11106,178,864,2
11107,363,658,3
11108,95,862,1
11109,90,367,4
11110,330,549,5
11111,7,483,4
11112,210,65,4
11113,120,405,4
11114,222,722,3
11115,130,66,5
11116,291,588,4
11117,276,672,3
11118,314,5,4
11119,43,63,3
11120,70,128,4
11121,216,4,5
11122,341,1527,4
11123,387,1097,3
11124,181,886,1
11125,385,1411,3
11126,393,539,3
11127,343,724,4
11128,385,224,2
11129,85,464,5
11130,13,363,3
11131,230,1192,4
11132,315,285,5
11133,269,7,3
11134,234,179,3
11135,149,310,2
11136,292,111,4
11137,294,748,3
11138,186,288,1
11139,326,204,3
11140,119,24,4
11141,163,234,3
11142,299,509,4
11143,117,307,5
11144,50,125,2
11145,280,448,3
11146,342,655,4
11147,94,731,3
11148,144,1016,3
11149,7,461,4
11150,308,70,4
11151,313,843,3
11152,257,116,3
11153,157,1,5
11154,1,112,1
11155,262,147,3
11156,42,736,5
11157,228,650,3
11158,277,15,4
11159,104,282,3
11160,18,237,3
11161,232,191,4
11162,144,96,5
11163,295,997,3
11164,279,652,4
11165,363,114,5
11166,165,181,5
11167,67,472,4
11168,275,95,3
11169,109,94,4
11170,60,673,4
11171,37,161,5
11172,378,159,3
11173,295,7,5
11174,181,262,2
11175,187,86,4
11176,145,39,4
11177,181,976,1
11178,127,449,4
11179,330,570,4
11180,174,845,5
11181,49,713,3
11182,279,105,4
11183,378,447,4
11184,307,81,5
11185,383,505,4
11186,70,48,4
11187,374,424,1
11188,334,1241,2
11189,380,154,3
11190,320,554,4
11191,363,366,2
11192,246,236,4
11193,263,144,4
11194,92,161,2
11195,303,1012,4
11196,275,662,3
11197,13,391,3
11198,43,432,3
11199,344,125,3
11200,219,114,5
11201,291,1188,4
11202,246,932,1
11203,21,118,1
11204,389,111,3
11205,58,283,1
11206,276,302,5
11207,190,748,3
11208,301,151,2
11209,313,831,3
11210,373,179,3
11211,328,570,3
11212,7,181,3
11213,104,248,2
11214,210,188,3
11215,130,669,4
11216,203,619,3
11217,94,390,5
11218,87,1187,2
11219,172,430,3
11220,373,228,4
11221,94,100,5
11222,222,670,3
11223,7,7,5
11224,188,485,3
11225,118,474,5
11226,105,286,4
11227,3,348,4
11228,368,436,3
11229,114,654,3
11230,235,213,4
11231,377,288,5
11232,296,504,5
11233,385,129,3
11234,3,351,3
11235,257,462,4
11236,398,514,4
11237,109,248,2
11238,119,250,2
11239,329,303,4
11240,346,31,4
11241,288,50,4
11242,56,815,4
11243,18,955,4
11244,194,175,3
11245,204,297,5
11246,11,291,4
11247,102,298,3
11248,271,58,3
11249,54,258,4
11250,187,175,2
11251,308,633,4
11252,290,118,4
11253,222,768,2
11254,293,1057,2
11255,43,17,3
11256,174,268,5
11257,293,181,3
11258,60,21,3
11259,94,82,4
11260,308,12,5
11261,30,28,4
11262,328,916,2
11263,389,429,4
11264,160,118,3
11265,307,101,3
11266,63,1011,1
11267,95,728,3
11268,293,69,3
11269,92,215,4
11270,41,423,2
11271,293,504,4
11272,379,452,3
11273,168,288,1
11274,201,847,2
11275,294,79,4
11276,186,225,4
11277,254,199,4
11278,378,148,4
11279,301,582,2
11280,312,496,5
11281,127,288,5
11282,11,216,3
11283,258,315,3
11284,311,592,5
11285,92,249,3
11286,161,215,2
11287,181,832,1
11288,18,188,3
11289,43,98,5
11290,312,967,3
11291,328,550,3
11292,280,50,3
11293,54,260,4
11294,325,305,2
11295,268,370,2
11296,389,845,4
11297,141,864,3
11298,301,66,4
11299,181,243,1
11300,387,773,4
11301,393,932,3
11302,38,211,1
11303,292,79,5
11304,234,91,5
11305,318,137,4
11306,80,208,5
11307,119,544,2
11308,308,5,4
11309,360,588,3
11310,151,79,4
11311,387,198,4
11312,271,425,2
11313,360,302,4
11314,378,546,2
11315,145,696,3
11316,357,125,5
11317,393,940,2
11318,85,89,4
11319,390,989,5
11320,109,1014,4
11321,1,193,4
11322,128,118,5
11323,145,895,3
11324,380,856,3
11325,298,69,4
11326,387,1115,3
11327,389,607,3
11328,206,750,3
11329,269,93,3
11330,15,9,4
11331,264,382,4
11332,135,183,4
11333,90,79,4
11334,342,108,4
11335,313,154,2
11336,340,205,4
11337,201,36,1
11338,303,739,5
11339,7,484,5
11340,354,1007,4
11341,85,702,2
11342,385,153,4
11343,145,713,4
11344,327,196,4
11345,246,145,1
11346,25,50,5
11347,368,219,2
11348,87,87,4
11349,7,550,4
11350,222,196,5
11351,276,1240,4
11352,195,46,3
11353,29,678,3
11354,313,156,3
11355,339,298,2
11356,393,128,3
11357,13,906,3
11358,279,120,1
11359,151,183,3
11360,286,168,4
11361,360,28,4
11362,275,496,3
11363,332,871,3
11364,312,443,4
11365,76,325,2
11366,246,547,4
11367,397,7,5
11368,147,751,2
11369,322,751,2
11370,8,568,4
11371,274,243,2
11372,339,188,4
11373,387,201,5
11374,42,183,4
11375,206,678,1
11376,276,403,4
11377,175,183,4
11378,201,187,3
11379,293,139,3
11380,23,747,3
11381,18,47,3
11382,307,153,5
11383,380,62,1
11384,194,286,1
11385,59,717,2
11386,311,193,5
11387,95,404,5
11388,288,69,5
11389,50,123,4
11390,117,588,3
11391,315,127,5
11392,259,357,5
11393,167,733,2
11394,79,7,5
11395,99,265,3
11396,174,950,3
11397,256,552,3
11398,18,428,3
11399,303,735,4
11400,66,280,4
11401,346,742,4
11402,54,827,3
11403,44,252,2
11404,184,69,3
11405,165,651,5
11406,211,357,2
11407,336,1057,4
11408,123,735,2
11409,274,208,4
11410,385,423,2
11411,13,230,3
11412,326,241,3
11413,351,984,5
11414,325,86,3
11415,250,195,2
11416,188,56,4
11417,64,879,3
11418,145,348,4
11419,126,302,4
11420,190,363,2
11421,261,359,5
11422,286,29,2
11423,284,887,4
11424,346,294,3
11425,83,63,4
11426,18,692,3
11427,303,742,4
11428,306,13,4
11429,373,747,4
11430,362,312,5
11431,360,283,4
11432,394,1210,3
11433,174,1028,4
11434,280,5,4
11435,60,523,4
11436,279,998,5
11437,323,772,3
11438,382,25,2
11439,399,813,3
11440,102,208,4
11441,286,993,2
11442,181,251,1
11443,59,597,2
11444,323,286,3
11445,390,124,4
11446,293,583,3
11447,201,1153,2
11448,92,961,4
11449,109,1039,2
11450,121,428,5
11451,295,82,4
11452,73,180,4
11453,101,121,4
11454,291,66,4
11455,293,209,3
11456,347,819,1
11457,72,203,3
11458,382,171,3
11459,180,28,3
11460,398,227,2
11461,331,705,2
11462,339,632,4
11463,398,181,4
11464,246,29,1
11465,173,1265,3
11466,303,184,5
11467,199,117,3
11468,374,931,3
11469,339,631,5
11470,244,204,4
11471,45,100,5
11472,315,603,5
11473,233,82,4
11474,264,183,5
11475,194,514,3
11476,303,237,5
11477,316,357,4
11478,91,230,4
11479,363,417,1
11480,117,109,4
11481,289,1016,5
11482,279,63,3
11483,13,665,2
11484,60,132,4
11485,276,595,2
11486,13,345,4
11487,361,183,4
11488,333,88,5
11489,197,62,2
11490,175,669,1
11491,339,1301,3
11492,336,282,3
11493,21,875,4
11494,309,938,4
11495,275,117,3
11496,243,286,4
11497,144,193,4
11498,115,32,5
11499,250,223,4
11500,186,988,4
11501,347,829,4
11502,378,549,3
11503,308,25,4
11504,265,477,3
11505,331,58,3
11506,130,742,5
11507,299,333,4
11508,54,741,5
11509,21,441,3
11510,130,39,4
11511,315,100,5
11512,243,268,4
11513,393,681,3
11514,276,1089,2
11515,336,655,3
11516,238,220,3
11517,296,923,5
11518,84,148,4
11519,18,968,3
11520,178,877,2
11521,158,286,4
11522,293,485,3
11523,387,208,3
11524,24,294,3
11525,48,511,5
11526,181,1374,1
11527,87,25,4
11528,382,474,5
11529,141,281,4
11530,178,187,4
11531,388,56,3
11532,90,14,5
11533,87,705,4
11534,172,1134,2
11535,13,261,1
11536,207,568,4
11537,270,1148,5
11538,252,275,5
11539,371,237,5
11540,318,158,5
11541,149,301,3
11542,148,509,5
11543,224,1044,3
11544,326,200,2
11545,87,64,5
11546,396,841,4
11547,389,715,3
11548,48,306,4
11549,201,636,2
11550,387,183,4
11551,325,193,4
11552,90,903,4
11553,156,124,3
11554,274,476,4
11555,326,563,3
11556,22,110,1
11557,152,67,5
11558,285,902,4
11559,18,193,5
11560,189,15,2
11561,144,181,4
11562,280,181,3
11563,14,603,4
11564,327,659,4
11565,262,447,3
11566,222,949,3
11567,198,410,1
11568,291,375,1
11569,125,63,3
11570,339,739,3
11571,249,245,2
11572,364,321,2
11573,312,659,5
11574,326,233,4
11575,262,781,3
11576,7,154,5
11577,277,121,2
11578,86,881,2
11579,13,816,1
11580,292,83,5
11581,231,846,4
11582,299,998,2
11583,360,79,4
11584,88,261,5
11585,182,471,4
11586,186,31,4
11587,343,684,3
11588,181,1388,1
11589,308,313,3
11590,231,151,1
11591,347,65,2
11592,64,9,4
11593,381,129,4
11594,276,307,4
11595,181,1284,1
11596,214,257,3
11597,311,239,3
11598,109,559,3
11599,83,452,3
11600,372,148,5
11601,369,271,5
11602,270,714,4
11603,94,685,4
11604,398,504,3
11605,311,1,4
11606,85,234,4
11607,334,1411,1
11608,94,170,5
11609,192,340,4
11610,56,433,4
11611,313,515,5
11612,72,127,5
11613,401,486,4
11614,255,259,3
11615,94,650,5
11616,396,291,4
11617,166,300,5
11618,398,69,5
11619,24,286,5
11620,335,260,3
11621,234,1050,3
11622,321,213,4
11623,385,767,1
11624,372,1083,3
11625,75,1001,1
11626,275,222,4
11627,72,177,4
11628,271,356,4
11629,188,717,4
11630,228,87,1
11631,217,840,1
11632,125,1000,3
11633,94,458,4
11634,326,141,3
11635,62,508,4
11636,373,204,5
11637,368,288,3
11638,313,67,1
11639,181,25,5
11640,357,118,5
11641,124,96,4
11642,276,203,4
11643,222,746,5
11644,36,269,3
11645,338,945,4
11646,323,300,2
11647,283,210,5
11648,8,56,5
11649,305,530,5
11650,140,258,3
11651,11,663,4
11652,255,833,4
11653,63,678,2
11654,194,44,4
11655,389,656,5
11656,91,322,4
11657,275,102,3
11658,352,173,1
11659,371,179,3
11660,330,72,5
11661,198,692,2
11662,365,7,2
11663,1,264,2
11664,64,1141,5
11665,87,63,4
11666,64,17,3
11667,179,303,1
11668,130,496,5
11669,269,276,5
11670,174,21,1
11671,303,118,2
11672,237,423,4
11673,249,108,3
11674,385,1353,4
11675,357,326,5
11676,299,482,4
11677,279,214,3
11678,217,281,2
11679,181,748,1
11680,319,302,4
11681,181,1009,1
11682,313,527,4
11683,248,11,5
11684,109,820,3
11685,269,525,4
11686,382,290,4
11687,378,1028,2
11688,210,185,4
11689,128,723,3
11690,363,472,1
11691,393,1048,3
11692,76,960,3
11693,102,510,4
11694,304,893,3
11695,360,194,3
11696,201,240,3
11697,254,951,4
11698,339,240,4
11699,234,73,2
11700,82,225,3
11701,383,464,4
11702,279,319,4
11703,89,845,2
11704,14,9,4
11705,286,1230,1
11706,181,260,1
11707,209,301,3
11708,330,47,5
11709,264,762,3
11710,267,578,3
11711,92,96,4
11712,303,574,1
11713,87,566,5
11714,393,88,3
11715,194,1058,2
11716,167,126,3
11717,90,1125,4
11718,69,150,5
11719,356,328,4
11720,92,393,3
11721,146,688,1
11722,363,1485,4
11723,269,1071,2
11724,119,199,5
11725,18,169,5
11726,171,1022,3
11727,325,340,3
11728,76,288,2
11729,114,520,3
11730,387,566,3
11731,291,1215,1
11732,396,148,4
11733,148,116,5
11734,11,597,2
11735,373,58,4
11736,369,988,3
11737,292,56,5
11738,128,280,1
11739,197,750,5
11740,216,15,3
11741,144,591,3
11742,374,824,4
11743,294,411,3
11744,389,1530,2
11745,301,161,3
11746,141,476,3
11747,299,222,2
11748,170,881,3
11749,85,327,3
11750,41,518,3
11751,393,683,4
11752,351,538,4
11753,308,177,5
11754,144,471,4
11755,332,928,5
11756,101,109,2
11757,60,492,5
11758,244,1039,4
11759,251,12,4
11760,125,692,3
11761,11,733,4
11762,7,166,3
11763,328,1041,3
11764,234,265,3
11765,181,1049,1
11766,44,5,4
11767,94,684,4
11768,363,62,2
11769,256,846,4
11770,205,269,3
11771,385,304,3
11772,328,696,3
11773,73,89,5
11774,354,180,3
11775,393,252,3
11776,393,763,5
11777,94,1089,2
11778,159,220,5
11779,339,65,4
11780,130,729,4
11781,274,742,4
11782,301,154,4
11783,293,151,4
11784,128,494,4
11785,102,597,3
11786,339,25,4
11787,90,471,4
11788,105,333,3
11789,185,28,5
11790,339,181,4
11791,222,288,4
11792,198,175,3
11793,63,300,4
11794,154,640,5
11795,256,370,3
11796,14,475,3
11797,90,1109,3
11798,21,834,1
11799,393,890,1
11800,38,118,5
11801,378,1037,2
11802,25,8,4
11803,178,739,4
11804,6,483,5
11805,276,168,5
11806,393,651,4
11807,1,219,1
11808,62,318,5
11809,224,1163,2
11810,85,340,3
11811,292,423,5
11812,304,310,3
11813,327,410,2
11814,373,506,4
11815,399,219,3
11816,261,988,3
11817,18,170,5
11818,158,403,4
11819,244,196,5
11820,72,121,3
11821,303,792,5
11822,37,22,5
11823,398,481,3
11824,327,200,4
11825,25,969,3
11826,222,9,5
11827,28,678,2
11828,387,144,3
11829,69,100,5
11830,342,1160,3
11831,141,1013,1
11832,268,474,5
11833,308,693,3
11834,293,92,4
11835,82,657,4
11836,82,458,1
11837,142,288,3
11838,264,844,1
11839,117,98,4
11840,233,276,5
11841,159,471,4
11842,227,1010,3
11843,244,1074,4
11844,234,77,3
11845,25,169,5
11846,296,56,5
11847,107,269,5
11848,13,501,5
11849,95,683,4
11850,216,108,4
11851,279,1032,3
11852,15,307,1
11853,380,1168,3
11854,181,825,1
11855,115,443,4
11856,363,569,2
11857,354,285,5
11858,95,366,4
11859,1,232,3
11860,145,406,3
11861,347,82,5
11862,312,275,5
11863,373,729,4
11864,245,473,2
11865,61,331,2
11866,397,1019,3
11867,7,185,5
11868,116,347,2
11869,122,470,3
11870,361,97,4
11871,379,402,3
11872,244,181,4
11873,318,162,5
11874,290,474,3
11875,200,560,4
11876,45,237,4
11877,225,418,5
11878,60,613,4
11879,55,685,1
11880,271,141,4
11881,387,564,1
11882,259,200,4
11883,119,1202,4
11884,279,1052,4
11885,312,8,5
11886,92,663,4
11887,158,803,3
11888,92,102,2
11889,327,517,2
11890,128,14,5
11891,67,7,5
11892,16,603,5
11893,87,97,5
11894,389,550,3
11895,393,62,4
11896,58,64,5
11897,308,160,4
11898,255,406,1
11899,121,249,1
11900,200,391,4
11901,13,219,1
11902,214,307,3
11903,399,591,3
11904,271,744,4
11905,266,124,4
11906,354,702,3
11907,336,276,4
11908,316,283,5
11909,87,521,3
11910,15,458,5
11911,246,470,4
11912,92,278,3
11913,379,443,4
11914,301,710,3
11915,229,748,3
11916,43,951,3
11917,351,1105,4
11918,203,24,4
11919,145,327,5
11920,268,735,3
11921,6,526,3
11922,294,105,3
11923,282,338,3
11924,379,192,4
11925,14,202,3
11926,94,624,2
11927,24,258,4
11928,391,188,3
11929,251,172,5
11930,267,475,5
11931,46,151,4
11932,292,285,4
11933,276,209,4
11934,222,142,2
11935,27,121,4
11936,402,257,4
11937,301,756,4
11938,167,1310,3
11939,7,562,5
11940,370,657,3
11941,320,159,4
11942,206,294,2
11943,326,67,2
11944,373,210,5
11945,201,57,4
11946,387,844,5
11947,59,490,4
11948,249,479,5
11949,314,1085,1
11950,280,1313,5
11951,354,1101,3
11952,12,28,5
11953,378,222,3
11954,60,180,4
11955,267,943,4
11956,354,61,5
11957,72,480,5
11958,256,77,3
11959,378,233,2
11960,7,191,5
11961,244,886,5
11962,303,300,1
11963,57,151,3
11964,334,216,3
11965,293,443,4
11966,388,816,4
11967,42,409,3
11968,18,393,3
11969,216,93,4
11970,250,948,3
11971,181,878,1
11972,210,257,5
11973,269,475,5
11974,399,284,2
11975,167,73,2
11976,336,49,4
11977,378,465,3
11978,263,215,4
11979,332,204,4
11980,271,411,1
11981,366,185,5
11982,268,169,5
11983,223,22,5
11984,156,180,5
11985,239,8,5
11986,7,683,4
11987,63,952,3
11988,345,443,5
11989,2,257,4
11990,164,619,4
11991,72,100,5
11992,301,273,1
11993,267,204,4
11994,276,315,4
11995,314,763,5
11996,56,195,5
11997,177,336,2
11998,311,183,5
11999,267,479,4
12000,117,143,1
12001,46,181,4
12002,43,705,4
12003,64,367,4
12004,399,1314,3
12005,354,276,3
12006,164,181,5
12007,296,274,4
12008,44,717,3
12009,301,849,4
12010,95,90,2
12011,1,236,4
12012,197,127,5
12013,232,234,3
12014,336,399,3
12015,305,190,3
12016,62,213,4
12017,389,507,5
12018,387,501,4
12019,81,412,1
12020,207,8,3
12021,338,663,5
12022,222,665,1
12023,299,916,3
12024,24,318,5
12025,7,399,4
12026,92,712,3
12027,29,98,4
12028,303,1222,3
12029,380,229,3
12030,264,745,5
12031,335,269,4
12032,244,475,4
12033,348,276,3
12034,217,363,1
12035,7,139,3
12036,343,306,4
12037,384,272,5
12038,378,396,4
12039,137,249,4
12040,92,46,4
12041,116,322,2
12042,101,24,4
12043,321,736,4
12044,77,52,5
12045,262,318,5
12046,312,615,4
12047,393,275,4
12048,268,246,5
12049,363,1099,2
12050,200,2,4
12051,62,845,3
12052,234,300,3
12053,393,1095,2
12054,77,144,3
12055,277,628,4
12056,240,289,4
12057,48,170,4
12058,197,578,3
12059,338,133,4
12060,113,277,3
12061,347,12,3
12062,315,180,4
12063,393,142,4
12064,379,1032,2
12065,136,42,3
12066,33,333,4
12067,82,479,4
12068,187,275,5
12069,111,896,2
12070,387,1012,4
12071,327,514,4
12072,373,487,4
12073,295,241,5
12074,379,401,3
12075,94,410,4
12076,378,1220,3
12077,343,458,5
12078,346,76,4
12079,10,160,4
12080,375,684,4
12081,158,244,4
12082,235,190,4
12083,21,859,2
12084,389,38,2
12085,345,333,3
12086,26,292,3
12087,213,200,5
12088,5,417,3
12089,58,950,1
12090,399,8,3
12091,395,151,3
12092,293,977,2
12093,188,732,3
12094,222,268,4
12095,3,330,2
12096,25,13,4
12097,308,309,1
12098,214,22,3
12099,42,79,5
12100,262,432,3
12101,255,405,4
12102,254,573,2
12103,94,96,3
12104,42,428,3
12105,299,1119,4
12106,109,68,3
12107,301,423,1
12108,57,1011,3
12109,263,177,4
12110,228,204,3
12111,342,204,4
12112,290,450,2
12113,311,485,1
12114,47,302,5
12115,378,284,3
12116,301,164,3
12117,72,581,4
12118,213,475,4
12119,192,1405,5
12120,339,23,5
12121,144,32,4
12122,42,234,4
12123,255,413,2
12124,224,662,5
12125,332,717,3
12126,315,732,3
12127,236,66,2
12128,301,1091,3
12129,374,159,4
12130,125,383,2
12131,21,665,3
12132,262,491,3
12133,328,332,3
12134,379,90,2
12135,7,227,3
12136,339,126,4
12137,197,286,1
12138,334,514,4
12139,379,164,4
12140,109,196,4
12141,320,742,4
12142,348,473,3
12143,152,51,4
12144,328,228,3
12145,6,459,2
12146,18,509,4
12147,374,761,3
12148,312,170,5
12149,308,161,3
12150,2,316,5
12151,4,294,5
12152,60,495,3
12153,368,96,3
12154,212,286,4
12155,48,427,4
12156,90,614,4
12157,271,311,3
12158,92,720,3
12159,269,183,3
12160,254,186,3
12161,92,109,3
12162,29,259,4
12163,279,384,4
12164,365,13,3
12165,308,199,4
12166,95,674,2
12167,25,197,3
12168,269,171,5
12169,269,527,5
12170,254,98,4
12171,253,95,4
12172,320,1081,4
12173,13,716,4
12174,102,167,2
12175,110,28,4
12176,399,1228,3
12177,64,71,3
12178,91,64,4
12179,122,423,4
12180,163,97,4
12181,301,88,4
12182,184,22,3
12183,1,252,2
12184,361,111,3
12185,293,64,5
12186,280,1015,3
12187,378,451,4
12188,393,1469,3
12189,331,305,5
12190,268,325,3
12191,206,260,3
12192,301,180,3
12193,63,412,3
12194,49,657,5
12195,18,629,3
12196,151,660,4
12197,109,183,5
12198,77,778,2
12199,320,90,4
12200,96,525,2
12201,160,123,4
12202,21,717,1
12203,354,70,3
12204,313,423,4
12205,197,258,4
12206,271,739,4
12207,227,150,3
12208,126,243,5
12209,250,477,3
12210,101,756,3
12211,15,476,4
12212,334,7,5
12213,6,238,5
12214,174,1032,3
12215,378,972,4
12216,256,9,4
12217,387,381,4
12218,7,589,5
12219,254,103,2
12220,63,979,3
12221,37,597,5
12222,95,142,4
12223,393,12,5
12224,63,106,2
12225,201,156,4
12226,146,302,4
12227,92,201,3
12228,13,317,5
12229,370,705,3
12230,314,64,5
12231,85,425,4
12232,160,926,2
12233,381,652,5
12234,199,276,4
12235,279,80,4
12236,144,1284,3
12237,381,724,3
12238,180,694,5
12239,299,115,3
12240,373,28,3
12241,40,243,2
12242,6,81,4
12243,7,501,5
12244,399,459,4
12245,95,185,3
12246,393,953,4
12247,378,1134,4
12248,156,346,3
12249,295,53,1
12250,328,736,3
12251,21,985,2
12252,366,860,2
12253,149,689,2
12254,213,628,5
12255,353,286,5
12256,373,386,3
12257,144,216,4
12258,215,70,3
12259,61,243,2
12260,181,1387,1
12261,363,959,1
12262,331,811,4
12263,62,176,5
12264,378,302,5
12265,95,699,2
12266,396,751,3
12267,234,76,2
12268,87,515,4
12269,128,136,5
12270,385,673,2
12271,327,382,3
12272,308,747,3
12273,279,1239,1
12274,320,869,4
12275,403,111,4
12276,405,56,4
12277,307,511,5
12278,354,155,2
12279,101,284,4
12280,141,117,4
12281,389,785,3
12282,194,588,4
12283,280,1459,4
12284,379,391,4
12285,303,1226,4
12286,198,654,5
12287,201,563,1
12288,70,542,2
12289,342,1048,1
12290,389,496,4
12291,147,690,4
12292,239,558,5
12293,342,4,4
12294,380,709,4
12295,331,933,3
12296,184,91,3
12297,62,815,3
12298,88,690,4
12299,362,336,2
12300,251,249,5
12301,325,492,4
12302,315,269,5
12303,303,1021,4
12304,343,919,5
12305,22,648,4
12306,310,251,5
12307,213,281,4
12308,327,239,3
12309,222,869,3
12310,269,5,2
12311,214,238,4
12312,303,55,4
12313,13,617,3
12314,385,1536,5
12315,168,1047,2
12316,20,597,3
12317,297,269,4
12318,393,456,3
12319,46,1024,5
12320,367,665,5
12321,328,546,3
12322,308,498,5
12323,116,260,2
12324,144,93,1
12325,363,347,3
12326,7,207,4
12327,221,118,1
12328,264,210,5
12329,267,88,4
12330,329,272,5
12331,85,1137,4
12332,326,443,5
12333,222,202,4
12334,367,436,4
12335,224,620,3
12336,378,304,4
12337,334,227,1
12338,345,1048,2
12339,381,694,4
12340,332,342,4
12341,399,73,3
12342,396,260,3
12343,256,226,5
12344,216,433,3
12345,357,819,4
12346,117,772,4
12347,345,93,4
12348,18,953,3
12349,141,328,4
12350,158,731,2
12351,328,1263,3
12352,344,12,5
12353,169,604,4
12354,389,792,4
12355,77,89,5
12356,10,176,4
12357,303,844,3
12358,313,228,3
12359,224,655,4
12360,218,789,3
12361,244,117,2
12362,13,546,3
12363,365,275,4
12364,214,12,5
12365,299,752,3
12366,230,186,4
12367,100,342,3
12368,354,382,5
12369,326,445,4
12370,315,48,4
12371,155,324,2
12372,259,98,4
12373,244,217,5
12374,119,105,2
12375,175,483,5
12376,373,117,4
12377,274,277,4
12378,312,180,4
12379,401,117,3
12380,394,568,5
12381,95,622,4
12382,345,1016,3
12383,405,592,1
12384,291,715,5
12385,144,191,4
12386,234,499,4
12387,352,181,4
12388,330,80,2
12389,393,1047,3
12390,16,693,4
12391,368,567,3
12392,311,43,4
12393,48,195,5
12394,244,723,3
12395,44,474,4
12396,145,685,4
12397,314,288,5
12398,268,382,3
12399,308,1211,3
12400,305,134,5
12401,387,578,2
12402,344,433,4
12403,321,497,5
12404,97,429,4
12405,290,685,3
12406,64,663,3
12407,299,285,5
12408,39,900,3
12409,130,322,4
12410,397,108,4
12411,346,685,3
12412,15,471,4
12413,70,89,4
12414,64,156,4
12415,102,50,4
12416,342,584,4
12417,269,642,3
12418,234,168,3
12419,131,302,5
12420,344,9,5
12421,152,1014,2
12422,393,596,4
12423,14,275,4
12424,112,300,4
12425,280,538,5
12426,57,476,3
12427,49,508,3
12428,363,144,4
12429,400,328,3
12430,405,1582,1
12431,339,380,3
12432,49,737,1
12433,327,281,3
12434,303,43,3
12435,83,663,5
12436,303,139,3
12437,70,169,4
12438,81,1028,1
12439,392,258,2
12440,383,474,5
12441,201,589,3
12442,53,250,2
12443,382,183,3
12444,313,501,5
12445,308,79,4
12446,48,433,3
12447,6,208,4
12448,249,634,5
12449,405,171,1
12450,253,448,2
12451,168,323,3
12452,13,436,2
12453,308,589,4
12454,214,195,4
12455,59,118,5
12456,270,217,5
12457,1,200,3
12458,354,962,4
12459,92,559,3
12460,405,580,1
12461,227,7,5
12462,234,493,3
12463,323,328,3
12464,99,926,3
12465,207,144,3
12466,294,350,4
12467,200,1060,3
12468,260,538,1
12469,174,14,5
12470,298,71,5
12471,279,654,5
12472,405,1409,1
12473,292,234,5
12474,13,290,4
12475,297,267,3
12476,392,1143,4
12477,381,216,5
12478,207,59,4
12479,237,199,4
12480,274,83,5
12481,239,1203,5
12482,387,82,4
12483,234,289,4
12484,405,953,3
12485,273,319,4
12486,201,176,4
12487,299,95,3
12488,338,486,3
12489,286,289,5
12490,174,423,2
12491,145,217,3
12492,66,15,3
12493,345,356,3
12494,181,1343,1
12495,387,333,3
12496,175,9,4
12497,296,475,4
12498,62,180,4
12499,343,8,5
12500,13,281,3
12501,262,191,4
12502,234,1457,3
12503,309,303,2
12504,210,211,5
12505,230,443,4
12506,303,531,4
12507,320,123,4
12508,307,1140,2
12509,210,679,3
12510,303,705,5
12511,151,160,4
12512,239,152,3
12513,385,337,4
12514,229,258,2
12515,297,195,1
12516,1,180,3
12517,373,102,5
12518,151,64,5
12519,313,199,4
12520,208,523,4
12521,194,98,4
12522,292,207,5
12523,231,121,4
12524,373,451,5
12525,378,288,3
12526,328,515,5
12527,125,120,1
12528,37,363,3
12529,285,276,4
12530,280,195,3
12531,378,527,4
12532,271,419,3
12533,176,240,4
12534,339,607,5
12535,365,321,5
12536,42,280,4
12537,56,38,2
12538,178,134,3
12539,101,975,2
12540,269,809,1
12541,102,184,2
12542,59,431,4
12543,344,248,4
12544,299,702,4
12545,399,486,3
12546,391,264,1
12547,230,432,4
12548,23,13,4
12549,267,824,4
12550,286,577,2
12551,393,431,2
12552,389,490,3
12553,49,514,4
12554,286,554,4
12555,313,565,1
12556,126,319,2
12557,264,443,5
12558,326,944,2
12559,59,527,5
12560,157,1283,2
12561,345,283,4
12562,195,304,4
12563,26,476,3
12564,43,91,3
12565,151,287,4
12566,222,944,3
12567,321,199,4
12568,398,12,3
12569,381,403,3
12570,276,743,1
12571,308,1404,4
12572,367,100,5
12573,13,447,2
12574,96,1232,5
12575,312,604,5
12576,387,168,5
12577,41,174,4
12578,164,323,4
12579,311,425,2
12580,174,293,5
12581,159,872,1
12582,95,445,4
12583,145,683,3
12584,396,1025,4
12585,11,260,1
12586,76,1007,4
12587,392,492,4
12588,290,227,2
12589,64,212,3
12590,213,193,4
12591,311,232,3
12592,308,806,4
12593,393,812,3
12594,282,307,3
12595,43,153,5
12596,48,132,5
12597,256,51,4
12598,363,588,2
12599,363,156,3
12600,345,284,4
12601,308,463,4
12602,290,739,3
12603,184,137,5
12604,405,994,1
12605,144,410,3
12606,11,752,4
12607,405,387,1
12608,38,82,5
12609,393,349,3
12610,9,507,4
12611,200,768,4
12612,368,17,5
12613,195,771,2
12614,209,50,5
12615,337,135,5
12616,342,32,5
12617,387,448,3
12618,383,321,5
12619,303,245,3
12620,256,974,3
12621,345,1011,3
12622,130,358,4
12623,346,569,3
12624,89,739,2
12625,75,1151,2
12626,316,9,4
12627,251,15,4
12628,250,129,4
12629,286,404,5
12630,339,228,4
12631,135,325,4
12632,293,554,1
12633,315,709,4
12634,194,12,5
12635,49,1076,2
12636,361,14,4
12637,320,54,4
12638,144,300,3
12639,204,45,5
12640,132,275,3
12641,312,157,1
12642,233,313,5
12643,234,70,3
12644,193,1258,3
12645,244,135,4
12646,231,748,4
12647,344,228,4
12648,399,924,5
12649,109,172,5
12650,18,423,5
12651,49,462,2
12652,249,202,4
12653,399,1543,3
12654,177,100,5
12655,59,640,5
12656,327,494,4
12657,230,291,4
12658,394,174,5
12659,59,95,2
12660,16,564,1
12661,208,435,5
12662,387,697,1
12663,188,209,2
12664,399,372,3
12665,303,778,4
12666,246,402,3
12667,303,364,2
12668,384,355,4
12669,293,435,4
12670,153,321,3
12671,379,176,5
12672,92,94,3
12673,263,153,3
12674,368,320,5
12675,348,406,4
12676,94,234,5
12677,83,1028,4
12678,41,289,2
12679,145,727,2
12680,83,106,4
12681,270,275,5
12682,281,938,2
12683,378,276,4
12684,393,278,4
12685,85,213,4
12686,68,282,1
12687,62,249,2
12688,57,1095,2
12689,364,289,3
12690,299,423,3
12691,406,48,5
12692,200,840,4
12693,343,88,4
12694,303,558,4
12695,95,422,2
12696,125,194,5
12697,361,185,5
12698,374,363,3
12699,334,153,4
12700,296,124,5
12701,292,222,3
12702,115,543,2
12703,290,22,5
12704,194,195,3
12705,334,515,4
12706,392,165,5
12707,160,463,4
12708,42,1045,2
12709,150,628,4
12710,325,152,4
12711,106,22,4
12712,30,294,4
12713,257,1462,5
12714,249,235,4
12715,232,202,4
12716,216,1161,4
12717,232,272,4
12718,405,1432,1
12719,234,205,3
12720,401,638,4
12721,378,66,3
12722,334,285,4
12723,320,892,3
12724,323,508,4
12725,296,963,5
12726,303,729,3
12727,60,216,4
12728,379,735,4
12729,305,305,3
12730,279,1035,3
12731,405,190,2
12732,374,952,2
12733,373,127,2
12734,360,242,4
12735,115,82,4
12736,178,259,1
12737,402,111,4
12738,342,1128,5
12739,222,931,1
12740,234,242,4
12741,312,151,2
12742,297,245,3
12743,279,1271,4
12744,59,846,4
12745,160,161,3
12746,8,7,3
12747,91,161,3
12748,222,12,5
12749,380,59,4
12750,234,502,4
12751,324,283,3
12752,354,904,5
12753,13,694,4
12754,92,820,1
12755,371,55,4
12756,379,230,4
12757,276,317,4
12758,70,121,3
12759,138,116,2
12760,393,778,3
12761,145,1054,1
12762,128,209,4
12763,405,521,4
12764,59,506,5
12765,94,102,3
12766,103,50,5
12767,13,624,5
12768,6,423,3
12769,234,1198,3
12770,276,831,3
12771,405,1177,1
12772,148,507,5
12773,207,241,3
12774,144,19,4
12775,380,732,4
12776,406,479,4
12777,75,290,4
12778,71,276,4
12779,392,23,5
12780,43,95,4
12781,18,485,5
12782,135,475,4
12783,117,411,3
12784,12,381,4
12785,250,748,2
12786,43,956,1
12787,18,64,5
12788,280,586,4
12789,318,485,5
12790,405,1503,1
12791,115,475,5
12792,84,222,4
12793,171,302,4
12794,201,1227,1
12795,394,88,3
12796,176,1012,4
12797,122,570,3
12798,392,293,4
12799,59,708,4
12800,99,12,5
12801,347,222,4
12802,58,1019,4
12803,85,502,4
12804,18,99,5
12805,207,194,4
12806,305,81,3
12807,16,51,4
12808,13,885,1
12809,334,684,4
12810,313,194,4
12811,290,832,3
12812,295,570,3
12813,121,294,4
12814,304,343,3
12815,287,248,5
12816,224,1053,3
12817,117,628,5
12818,359,295,3
12819,405,524,1
12820,389,378,5
12821,327,806,4
12822,225,492,4
12823,160,1223,4
12824,233,1194,5
12825,299,135,4
12826,346,518,4
12827,312,205,5
12828,348,472,4
12829,405,570,1
12830,326,508,3
12831,200,929,4
12832,399,196,5
12833,7,393,4
12834,393,1092,3
12835,13,270,4
12836,214,216,4
12837,238,121,4
12838,178,510,4
12839,23,209,5
12840,244,290,3
12841,201,467,2
12842,17,125,1
12843,201,302,4
12844,200,802,4
12845,385,249,2
12846,389,836,4
12847,391,56,5
12848,399,402,3
12849,151,87,4
12850,248,294,3
12851,313,64,4
12852,5,79,3
12853,269,756,1
12854,331,702,3
12855,393,265,4
12856,109,294,4
12857,145,3,3
12858,262,122,2
12859,279,208,5
12860,276,427,5
12861,20,931,1
12862,399,1232,3
12863,144,956,4
12864,103,471,4
12865,11,395,2
12866,366,436,5
12867,276,14,4
12868,393,136,5
12869,298,197,4
12870,135,744,4
12871,275,28,4
12872,236,532,2
12873,119,1086,4
12874,49,423,2
12875,216,368,2
12876,250,357,4
12877,254,176,3
12878,250,23,4
12879,346,210,4
12880,311,329,4
12881,130,363,3
12882,389,504,4
12883,157,1302,5
12884,255,748,1
12885,147,345,4
12886,115,89,5
12887,232,461,5
12888,323,713,4
12889,92,748,3
12890,328,245,4
12891,276,145,3
12892,347,318,3
12893,117,56,5
12894,249,748,3
12895,7,542,4
12896,125,1,4
12897,405,721,1
12898,37,195,5
12899,7,599,1
12900,326,679,3
12901,234,523,4
12902,187,196,4
12903,313,473,3
12904,308,611,4
12905,246,369,3
12906,100,990,3
12907,263,99,3
12908,287,268,4
12909,401,199,3
12910,354,47,4
12911,354,149,5
12912,378,54,4
12913,336,738,1
12914,279,1120,3
12915,314,578,4
12916,361,655,3
12917,192,302,5
12918,379,480,5
12919,353,271,2
12920,225,1443,4
12921,379,98,5
12922,55,405,1
12923,186,939,5
12924,171,344,3
12925,294,1007,4
12926,402,255,4
12927,92,463,4
12928,235,197,5
12929,85,94,3
12930,38,252,5
12931,174,276,5
12932,95,588,3
12933,91,484,4
12934,374,195,3
12935,321,191,3
12936,354,213,5
12937,94,88,3
12938,299,950,2
12939,130,33,5
12940,375,761,3
12941,308,181,4
12942,293,414,4
12943,345,660,5
12944,48,172,5
12945,19,692,3
12946,23,71,3
12947,109,441,2
12948,1,250,4
12949,92,977,2
12950,215,258,3
12951,174,949,5
12952,148,163,4
12953,20,95,3
12954,379,135,4
12955,344,678,2
12956,81,124,3
12957,370,209,5
12958,244,72,4
12959,389,583,2
12960,397,194,3
12961,234,196,3
12962,214,32,4
12963,85,157,3
12964,95,768,1
12965,325,458,3
12966,383,641,4
12967,42,834,1
12968,60,659,4
12969,95,161,3
12970,188,392,5
12971,100,333,3
12972,244,209,4
12973,307,515,4
12974,249,24,4
12975,109,409,2
12976,46,327,4
12977,308,466,5
12978,284,286,4
12979,237,513,5
12980,276,1180,2
12981,348,245,4
12982,148,1039,2
12983,104,546,1
12984,392,179,5
12985,49,542,2
12986,378,301,3
12987,141,880,1
12988,363,746,4
12989,283,407,3
12990,286,77,3
12991,40,333,4
12992,279,250,3
12993,104,1226,3
12994,65,48,5
12995,314,122,1
12996,7,514,2
12997,6,486,4
12998,56,201,4
12999,239,701,5
13000,58,546,2
13001,139,246,4
13002,342,483,4
13003,7,404,5
13004,313,69,5
13005,299,181,3
13006,293,16,2
13007,215,185,4
13008,343,654,5
13009,399,531,3
13010,347,291,5
13011,138,519,5
13012,249,271,4
13013,174,197,5
13014,227,19,4
13015,286,1,4
13016,406,664,2
13017,192,257,4
13018,374,216,5
13019,7,630,5
13020,23,191,3
13021,83,1,4
13022,393,31,4
13023,361,12,4
13024,13,866,3
13025,104,751,4
13026,309,1393,2
13027,334,322,3
13028,10,435,5
13029,256,864,4
13030,1,85,3
13031,334,340,3
13032,130,286,5
13033,381,634,3
13034,235,188,4
13035,295,318,5
13036,10,706,4
13037,279,121,4
13038,344,845,3
13039,370,12,4
13040,193,553,4
13041,276,571,2
13042,347,841,3
13043,117,886,5
13044,405,210,5
13045,90,17,4
13046,267,685,3
13047,268,258,2
13048,325,107,2
13049,266,313,4
13050,95,568,4
13051,64,215,5
13052,373,485,4
13053,274,319,5
13054,303,998,3
13055,298,213,3
13056,354,736,5
13057,59,140,1
13058,289,685,4
13059,354,79,2
13060,344,274,2
13061,308,742,4
13062,145,38,3
13063,290,523,3
13064,188,632,5
13065,326,205,4
13066,378,942,3
13067,360,663,4
13068,373,20,2
13069,313,665,4
13070,220,286,5
13071,286,636,3
13072,207,2,3
13073,227,106,3
13074,239,1056,5
13075,87,183,4
13076,286,57,5
13077,25,427,4
13078,244,554,3
13079,92,173,3
13080,292,300,4
13081,332,879,4
13082,334,182,3
13083,295,1028,5
13084,342,100,5
13085,58,61,5
13086,387,288,3
13087,346,684,4
13088,381,914,1
13089,393,374,3
13090,405,465,1
13091,269,1065,5
13092,236,614,5
13093,389,98,4
13094,355,336,4
13095,354,318,3
13096,280,692,3
13097,392,276,4
13098,234,929,1
13099,255,455,2
13100,315,508,4
13101,336,154,5
13102,327,921,4
13103,43,175,2
13104,347,286,3
13105,292,194,4
13106,210,182,5
13107,320,97,5
13108,339,770,4
13109,13,196,4
13110,286,195,4
13111,165,332,4
13112,244,631,4
13113,5,418,3
13114,87,1089,3
13115,56,216,4
13116,87,73,3
13117,395,172,5
13118,346,673,3
13119,221,231,4
13120,280,210,2
13121,164,333,5
13122,373,1230,3
13123,354,953,3
13124,276,471,4
13125,151,684,3
13126,387,672,2
13127,354,705,4
13128,380,22,4
13129,383,425,4
13130,303,201,5
13131,194,198,3
13132,152,151,4
13133,342,523,4
13134,188,216,5
13135,102,164,3
13136,393,686,4
13137,139,508,4
13138,91,326,3
13139,308,238,5
13140,234,21,3
13141,268,183,4
13142,343,130,3
13143,226,28,4
13144,184,1195,3
13145,406,823,3
13146,151,584,3
13147,174,1230,1
13148,109,318,4
13149,57,264,2
13150,301,597,3
13151,398,199,4
13152,234,739,3
13153,276,1471,2
13154,374,815,4
13155,318,237,5
13156,163,286,3
13157,206,882,1
13158,401,135,1
13159,363,1019,5
13160,279,117,5
13161,336,692,3
13162,303,578,2
13163,92,1207,3
13164,62,664,4
13165,1,91,5
13166,232,747,3
13167,198,197,4
13168,405,692,5
13169,301,96,5
13170,216,72,2
13171,296,204,5
13172,288,64,5
13173,90,964,5
13174,276,806,4
13175,363,370,3
13176,195,1417,3
13177,85,568,3
13178,345,246,4
13179,387,461,5
13180,22,118,4
13181,94,546,3
13182,49,111,2
13183,363,346,4
13184,221,1012,4
13185,72,96,5
13186,92,53,3
13187,258,873,5
13188,125,577,2
13189,379,522,5
13190,148,7,5
13191,221,265,3
13192,312,593,5
13193,49,95,2
13194,181,1357,1
13195,230,526,3
13196,16,318,5
13197,234,85,2
13198,184,642,4
13199,124,550,4
13200,81,282,5
13201,330,1028,4
13202,370,238,4
13203,85,443,4
13204,248,324,4
13205,402,480,5
13206,265,410,4
13207,177,270,1
13208,392,1014,3
13209,62,1131,3
13210,399,742,4
13211,256,188,5
13212,274,713,5
13213,389,492,5
13214,336,67,4
13215,405,583,1
13216,65,582,3
13217,70,197,4
13218,87,409,3
13219,392,319,5
13220,231,405,4
13221,363,145,1
13222,62,1074,4
13223,313,134,5
13224,389,100,5
13225,383,475,2
13226,160,24,5
13227,58,228,5
13228,174,571,1
13229,301,153,3
13230,222,1267,3
13231,94,674,3
13232,158,636,4
13233,378,88,4
13234,332,934,2
13235,95,3,1
13236,83,117,5
13237,199,285,4
13238,381,13,4
13239,81,595,4
13240,407,433,4
13241,56,294,4
13242,393,836,4
13243,160,693,5
13244,334,845,2
13245,85,528,4
13246,188,1213,2
13247,311,15,5
13248,118,528,4
13249,18,19,3
13250,405,186,5
13251,360,251,5
13252,243,511,5
13253,118,218,5
13254,409,65,4
13255,291,1273,2
13256,97,79,5
13257,330,692,5
13258,201,670,4
13259,52,845,5
13260,322,12,4
13261,203,7,3
13262,314,237,5
13263,128,965,3
13264,379,417,5
13265,64,476,1
13266,299,182,3
13267,82,527,3
13268,328,423,4
13269,12,402,5
13270,312,705,5
13271,250,1161,4
13272,249,55,5
13273,145,763,4
13274,402,764,3
13275,181,1376,1
13276,49,123,1
13277,399,33,3
13278,321,198,4
13279,5,429,3
13280,269,120,1
13281,28,568,4
13282,315,238,5
13283,195,651,5
13284,85,1074,3
13285,119,182,4
13286,5,385,4
13287,92,551,2
13288,79,740,4
13289,274,294,3
13290,226,24,4
13291,91,174,5
13292,222,92,3
13293,405,78,2
13294,345,724,5
13295,158,82,5
13296,404,687,3
13297,181,103,1
13298,407,205,4
13299,60,197,4
13300,372,441,4
13301,18,966,2
13302,380,652,3
13303,86,327,4
13304,16,161,5
13305,121,631,4
13306,234,1020,4
13307,214,483,4
13308,276,809,2
13309,296,117,3
13310,398,423,5
13311,297,209,4
13312,279,224,4
13313,352,234,4
13314,372,874,4
13315,359,273,4
13316,263,186,4
13317,389,395,2
13318,70,139,3
13319,308,455,4
13320,269,44,3
13321,279,952,3
13322,130,176,5
13323,389,479,4
13324,345,471,3
13325,389,194,4
13326,15,7,1
13327,130,28,4
13328,354,929,4
13329,238,458,4
13330,313,521,4
13331,308,616,2
13332,388,5,4
13333,116,895,2
13334,232,98,4
13335,276,210,4
13336,280,237,3
13337,92,135,4
13338,189,268,4
13339,330,200,5
13340,92,67,3
13341,335,678,3
13342,194,281,2
13343,328,289,4
13344,294,260,4
13345,406,962,4
13346,175,215,5
13347,405,11,4
13348,200,183,5
13349,200,8,4
13350,299,778,4
13351,282,294,4
13352,85,160,3
13353,405,1578,1
13354,178,363,3
13355,82,220,2
13356,332,1244,4
13357,269,238,5
13358,38,79,3
13359,372,547,5
13360,401,609,3
13361,119,550,4
13362,130,174,5
13363,399,154,3
13364,292,144,5
13365,374,127,4
13366,102,568,2
13367,328,480,3
13368,184,410,3
13369,246,289,2
13370,43,402,4
13371,269,1101,4
13372,65,211,4
13373,115,310,3
13374,130,1207,1
13375,130,443,5
13376,7,396,4
13377,194,289,1
13378,37,11,4
13379,308,1021,4
13380,222,204,5
13381,87,33,3
13382,334,69,1
13383,185,86,5
13384,217,398,1
13385,13,271,1
13386,215,432,5
13387,345,49,3
13388,8,689,4
13389,223,742,3
13390,40,345,4
13391,314,1028,3
13392,234,193,4
13393,354,699,3
13394,327,1012,2
13395,6,59,5
13396,130,226,5
13397,393,527,3
13398,345,100,5
13399,256,406,3
13400,374,279,4
13401,385,1071,4
13402,184,1396,4
13403,380,923,3
13404,291,218,4
13405,7,205,5
13406,301,1,4
13407,35,259,4
13408,363,196,4
13409,271,1133,3
13410,84,291,3
13411,213,180,5
13412,230,276,5
13413,276,68,4
13414,301,566,3
13415,27,370,4
13416,268,73,3
13417,112,312,5
13418,85,658,3
13419,212,179,1
13420,90,149,3
13421,301,173,4
13422,291,1376,3
13423,315,12,5
13424,389,414,4
13425,197,190,3
13426,183,159,4
13427,299,73,2
13428,279,940,5
13429,194,526,4
13430,99,255,3
13431,308,1073,3
13432,295,1170,5
13433,181,1052,2
13434,102,101,4
13435,184,1398,5
13436,11,300,3
13437,16,300,5
13438,269,55,4
13439,393,1032,3
13440,2,315,1
13441,313,674,2
13442,385,290,3
13443,405,787,3
13444,323,15,3
13445,291,188,3
13446,395,315,5
13447,204,259,2
13448,345,289,3
13449,223,282,4
13450,173,292,5
13451,42,432,3
13452,326,655,5
13453,342,581,3
13454,377,100,3
13455,184,286,4
13456,130,393,5
13457,7,79,4
13458,378,866,2
13459,83,181,4
13460,311,234,4
13461,130,99,5
13462,387,693,5
13463,117,195,5
13464,276,127,5
13465,345,33,4
13466,405,414,1
13467,398,50,5
13468,193,684,4
13469,18,659,4
13470,311,921,4
13471,95,265,3
13472,336,1074,5
13473,297,272,5
13474,341,292,5
13475,290,105,2
13476,295,946,2
13477,379,50,4
13478,178,273,3
13479,409,1295,1
13480,119,83,4
13481,345,302,5
13482,409,1242,2
13483,328,1136,4
13484,28,145,3
13485,303,1011,2
13486,308,664,5
13487,10,275,4
13488,181,881,1
13489,405,172,5
13490,222,840,3
13491,343,250,5
13492,405,430,1
13493,192,276,2
13494,387,393,2
13495,54,871,5
13496,409,50,5
13497,224,135,1
13498,99,3,3
13499,291,794,4
13500,269,886,3
13501,106,88,3
13502,328,556,3
13503,59,428,5
13504,315,792,5
13505,346,831,3
13506,178,181,5
13507,180,1131,5
13508,344,471,3
13509,268,477,3
13510,383,663,5
13511,265,257,4
13512,308,44,4
13513,16,76,5
13514,230,183,3
13515,10,371,4
13516,214,23,5
13517,201,531,2
13518,90,512,4
13519,239,650,5
13520,406,239,3
13521,87,411,4
13522,352,657,4
13523,236,1102,4
13524,345,732,4
13525,339,347,4
13526,104,744,1
13527,409,223,4
13528,377,751,3
13529,144,1142,5
13530,210,662,2
13531,334,663,5
13532,57,100,5
13533,370,175,3
13534,312,435,4
13535,310,1022,5
13536,210,692,4
13537,339,1139,3
13538,19,382,3
13539,340,402,4
13540,387,46,3
13541,269,1133,1
13542,1,10,3
13543,361,1074,3
13544,254,75,1
13545,318,63,3
13546,279,391,5
13547,67,122,3
13548,405,773,1
13549,178,55,4
13550,392,285,3
13551,151,121,5
13552,22,692,4
13553,354,732,2
13554,350,324,4
13555,391,26,5
13556,385,663,4
13557,185,285,5
13558,222,1179,1
13559,246,403,4
13560,121,57,5
13561,213,603,5
13562,151,654,4
13563,141,295,5
13564,373,488,3
13565,326,436,3
13566,386,50,4
13567,68,471,3
13568,139,286,4
13569,334,1051,4
13570,413,222,4
13571,72,357,4
13572,207,174,4
13573,286,881,5
13574,293,843,3
13575,1,254,1
13576,392,534,4
13577,49,401,2
13578,409,48,2
13579,194,739,3
13580,201,774,1
13581,174,124,5
13582,256,7,4
13583,64,566,3
13584,378,29,3
13585,56,1036,2
13586,56,202,4
13587,234,1458,4
13588,407,196,4
13589,198,95,3
13590,5,372,3
13591,184,64,4
13592,6,124,5
13593,393,715,1
13594,406,156,5
13595,291,395,3
13596,66,475,2
13597,268,1095,2
13598,267,3,4
13599,253,83,4
13600,361,88,4
13601,378,411,3
13602,7,131,5
13603,276,693,4
13604,347,257,4
13605,305,129,3
13606,224,1039,5
13607,387,488,3
13608,276,547,4
13609,352,183,5
13610,254,97,5
13611,334,427,4
13612,222,240,2
13613,246,260,5
13614,62,227,1
13615,85,70,4
13616,11,710,2
13617,380,69,4
13618,80,199,2
13619,109,672,2
13620,280,322,4
13621,405,178,3
13622,44,434,4
13623,162,628,4
13624,363,473,4
13625,399,655,3
13626,399,959,3
13627,354,58,3
13628,227,1008,4
13629,374,124,3
13630,298,28,4
13631,95,48,4
13632,293,255,3
13633,94,246,4
13634,243,435,4
13635,44,118,3
13636,222,395,1
13637,407,50,4
13638,1,129,5
13639,389,216,2
13640,253,87,5
13641,290,204,4
13642,399,527,3
13643,251,298,5
13644,7,673,3
13645,244,69,4
13646,91,1050,3
13647,215,216,4
13648,99,871,2
13649,318,435,5
13650,403,121,5
13651,13,405,2
13652,268,67,3
13653,405,647,1
13654,224,720,4
13655,397,988,1
13656,311,778,4
13657,158,273,3
13658,373,699,4
13659,175,496,5
13660,113,286,4
13661,187,522,3
13662,201,221,3
13663,286,1047,1
13664,18,275,5
13665,234,558,4
13666,21,977,2
13667,308,578,2
13668,181,1379,1
13669,250,678,2
13670,378,175,4
13671,10,234,4
13672,127,450,5
13673,18,131,4
13674,102,675,3
13675,181,225,3
13676,336,232,3
13677,393,1446,5
13678,236,705,4
13679,16,182,5
13680,295,183,1
13681,405,789,1
13682,14,242,4
13683,146,300,3
13684,303,591,4
13685,407,249,2
13686,401,519,4
13687,296,815,3
13688,200,215,4
13689,379,284,4
13690,291,89,3
13691,236,58,2
13692,134,892,2
13693,384,689,4
13694,130,356,4
13695,224,1212,2
13696,378,576,3
13697,158,593,4
13698,243,813,4
13699,44,91,2
13700,85,708,4
13701,115,12,5
13702,251,596,3
13703,391,180,5
13704,164,823,4
13705,286,53,2
13706,244,367,1
13707,26,255,3
13708,244,724,4
13709,65,736,4
13710,286,88,4
13711,7,121,5
13712,135,79,3
13713,389,53,2
13714,406,318,5
13715,54,411,5
13716,293,215,4
13717,200,112,3
13718,308,127,4
13719,376,269,5
13720,101,50,4
13721,334,525,5
13722,367,334,4
13723,373,378,5
13724,308,64,4
13725,380,753,4
13726,385,82,1
13727,316,1039,5
13728,291,755,2
13729,399,588,5
13730,58,684,4
13731,332,409,3
13732,268,206,3
13733,196,286,5
13734,389,153,3
13735,357,1095,3
13736,369,181,5
13737,303,651,5
13738,94,405,3
13739,210,419,4
13740,200,1033,2
13741,409,288,1
13742,221,70,3
13743,405,1118,1
13744,256,4,5
13745,253,705,5
13746,121,192,4
13747,75,291,1
13748,286,1286,5
13749,152,313,4
13750,406,496,4
13751,388,147,4
13752,357,334,4
13753,391,134,4
13754,303,42,5
13755,326,88,2
13756,115,470,2
13757,241,292,4
13758,399,1279,3
13759,230,11,4
13760,203,151,4
13761,218,5,3
13762,347,230,4
13763,406,605,5
13764,71,289,2
13765,320,552,4
13766,409,200,2
13767,13,472,5
13768,49,588,4
13769,332,22,5
13770,374,237,5
13771,306,116,5
13772,213,1215,1
13773,393,294,4
13774,181,1330,1
13775,303,1178,2
13776,141,872,1
13777,178,96,4
13778,59,1110,4
13779,184,116,4
13780,271,518,4
13781,276,214,5
13782,256,120,1
13783,372,327,5
13784,255,288,4
13785,295,380,4
13786,66,21,1
13787,49,343,2
13788,59,419,2
13789,363,351,2
13790,327,652,4
13791,405,426,1
13792,151,227,5
13793,194,232,2
13794,373,842,3
13795,343,199,5
13796,293,603,5
13797,151,792,4
13798,320,77,3
13799,348,411,4
13800,271,530,4
13801,385,285,5
13802,339,98,4
13803,194,226,3
13804,152,286,5
13805,223,756,3
13806,160,604,4
13807,5,421,1
13808,331,59,5
13809,354,124,5
13810,406,85,2
13811,392,873,3
13812,137,15,4
13813,294,300,4
13814,279,52,3
13815,381,1439,3
13816,380,433,3
13817,56,769,4
13818,279,235,3
13819,269,423,4
13820,92,184,3
13821,48,656,4
13822,59,1028,1
13823,308,175,5
13824,13,610,2
13825,346,732,3
13826,109,552,2
13827,82,276,4
13828,58,490,4
13829,59,729,4
13830,233,381,4
13831,244,1047,2
13832,295,655,5
13833,405,1338,1
13834,328,76,3
13835,409,99,3
13836,102,588,4
13837,311,528,4
13838,91,482,3
13839,102,445,2
13840,100,752,4
13841,367,551,3
13842,49,774,2
13843,22,386,3
13844,67,871,3
13845,374,540,3
13846,276,41,3
13847,90,328,3
13848,180,204,3
13849,334,160,4
13850,153,56,5
13851,59,528,4
13852,268,453,1
13853,87,403,3
13854,10,168,4
13855,181,1354,1
13856,70,189,4
13857,385,172,2
13858,189,510,5
13859,206,314,1
13860,116,65,2
13861,7,659,5
13862,376,289,3
13863,265,258,4
13864,136,100,5
13865,332,546,4
13866,393,546,2
13867,322,653,4
13868,201,50,4
13869,382,475,3
13870,64,746,5
13871,7,448,3
13872,385,503,3
13873,38,226,1
13874,347,685,3
13875,374,770,5
13876,290,54,3
13877,212,197,5
13878,405,1554,4
13879,324,332,3
13880,5,144,3
13881,329,147,3
13882,416,125,5
13883,305,268,3
13884,401,499,3
13885,175,660,3
13886,16,31,5
13887,313,649,3
13888,276,470,3
13889,216,28,4
13890,301,229,3
13891,194,188,4
13892,234,431,3
13893,4,288,4
13894,329,81,2
13895,270,471,5
13896,44,191,4
13897,312,52,5
13898,303,697,3
13899,249,216,4
13900,250,328,3
13901,232,318,5
13902,198,176,4
13903,280,663,4
13904,378,734,3
13905,408,689,3
13906,406,1126,3
13907,374,7,1
13908,242,361,5
13909,399,418,3
13910,193,815,3
13911,90,1193,4
13912,249,86,4
13913,402,16,3
13914,405,656,1
13915,201,89,3
13916,183,265,2
13917,166,894,4
13918,267,474,5
13919,49,172,1
13920,399,229,2
13921,94,76,4
13922,95,371,2
13923,59,476,2
13924,293,419,3
13925,241,350,2
13926,332,5,5
13927,405,1561,1
13928,410,300,3
13929,178,216,4
13930,358,896,4
13931,378,420,4
13932,405,440,1
13933,280,1478,4
13934,303,172,5
13935,189,381,3
13936,343,778,5
13937,22,226,4
13938,347,246,4
13939,10,497,4
13940,334,191,4
13941,18,497,4
13942,83,110,4
13943,407,211,4
13944,151,659,5
13945,370,511,4
13946,301,1028,5
13947,345,1,3
13948,244,950,1
13949,416,724,4
13950,393,227,4
13951,6,56,4
13952,59,447,5
13953,373,15,4
13954,398,520,5
13955,311,200,4
13956,279,201,5
13957,5,243,1
13958,199,405,2
13959,332,410,4
13960,283,288,2
13961,276,288,4
13962,328,636,3
13963,92,640,5
13964,234,322,2
13965,251,866,2
13966,399,148,4
13967,387,1069,2
13968,42,732,5
13969,94,583,3
13970,167,381,5
13971,279,1047,4
13972,398,493,5
13973,387,674,2
13974,269,636,3
13975,99,288,4
13976,27,246,4
13977,23,98,5
13978,250,813,5
13979,56,588,4
13980,77,483,4
13981,28,479,4
13982,13,847,4
13983,406,429,4
13984,77,357,3
13985,330,845,5
13986,378,739,4
13987,126,288,4
13988,350,616,4
13989,193,29,3
13990,405,722,1
13991,253,487,4
13992,230,176,4
13993,330,153,5
13994,243,173,3
13995,271,528,3
13996,64,633,5
13997,97,430,5
13998,160,447,4
13999,297,748,2
14000,314,1057,2
14001,254,448,3
14002,387,81,3
14003,125,174,5
14004,406,488,4
14005,223,252,1
14006,145,680,3
14007,158,137,5
14008,216,153,4
14009,379,294,3
14010,391,197,5
14011,405,540,1
14012,339,286,5
14013,56,849,2
14014,372,561,5
14015,387,651,2
14016,399,175,3
14017,49,1082,3
14018,367,56,5
14019,346,291,5
14020,119,829,5
14021,251,418,4
14022,90,501,5
14023,347,462,2
14024,10,475,4
14025,1,241,4
14026,343,708,4
14027,145,230,5
14028,294,125,3
14029,337,235,3
14030,216,1010,3
14031,7,564,3
14032,378,10,3
14033,99,827,3
14034,13,652,5
14035,308,486,4
14036,303,1048,4
14037,222,849,4
14038,295,86,5
14039,195,921,3
14040,130,597,4
14041,389,942,3
14042,137,51,1
14043,345,26,3
14044,222,276,5
14045,94,616,4
14046,334,22,4
14047,95,101,1
14048,357,864,5
14049,95,791,3
14050,339,522,5
14051,308,921,4
14052,56,70,4
14053,400,300,4
14054,379,523,4
14055,385,458,3
14056,222,82,4
14057,291,1157,3
14058,404,333,2
14059,303,44,4
14060,6,521,4
14061,363,307,5
14062,188,202,2
14063,334,505,4
14064,63,408,4
14065,291,106,4
14066,290,43,3
14067,13,294,2
14068,181,1151,1
14069,363,93,4
14070,57,281,4
14071,130,800,4
14072,416,250,4
14073,221,496,3
14074,264,683,2
14075,345,676,4
14076,95,657,5
14077,299,150,5
14078,409,197,3
14079,1,130,3
14080,228,427,4
14081,34,245,4
14082,115,471,2
14083,53,258,4
14084,413,271,4
14085,152,80,5
14086,393,742,4
14087,330,172,5
14088,19,201,3
14089,279,804,4
14090,399,732,2
14091,345,64,5
14092,92,475,5
14093,363,665,2
14094,411,172,5
14095,128,210,4
14096,401,273,2
14097,416,874,1
14098,144,393,4
14099,255,825,1
14100,360,222,2
14101,193,750,4
14102,7,260,1
14103,21,668,1
14104,23,518,5
14105,284,346,4
14106,99,402,4
14107,294,1013,2
14108,98,938,3
14109,41,153,4
14110,184,950,4
14111,59,547,3
14112,327,1075,4
14113,92,291,4
14114,125,648,4
14115,44,588,4
14116,286,1118,1
14117,184,237,4
14118,179,346,3
14119,14,845,3
14120,375,443,4
14121,177,334,3
14122,54,1088,3
14123,401,322,2
14124,263,526,5
14125,12,200,1
14126,279,184,5
14127,327,895,3
14128,257,130,2
14129,405,997,1
14130,29,270,4
14131,194,946,3
14132,276,156,5
14133,405,232,4
14134,160,228,2
14135,360,496,3
14136,94,949,5
14137,401,111,4
14138,374,385,4
14139,201,92,3
14140,85,1021,3
14141,345,387,4
14142,130,128,4
14143,85,632,3
14144,95,550,4
14145,405,1100,1
14146,30,538,4
14147,327,418,3
14148,223,143,4
14149,406,651,3
14150,311,775,3
14151,7,675,5
14152,207,1197,4
14153,347,182,5
14154,49,11,3
14155,92,728,3
14156,343,38,3
14157,293,751,3
14158,320,252,2
14159,331,503,4
14160,344,172,4
14161,203,50,5
14162,76,121,2
14163,256,566,5
14164,324,127,4
14165,130,184,4
14166,238,546,3
14167,406,645,5
14168,393,386,4
14169,389,1203,5
14170,5,185,3
14171,295,1188,3
14172,339,496,5
14173,43,191,5
14174,406,14,4
14175,378,230,3
14176,76,603,3
14177,119,568,4
14178,316,530,2
14179,99,107,3
14180,13,588,4
14181,339,1039,4
14182,406,463,5
14183,186,546,4
14184,271,185,3
14185,74,301,3
14186,374,87,5
14187,56,392,4
14188,277,181,3
14189,307,239,3
14190,194,443,3
14191,405,442,1
14192,268,385,3
14193,291,356,4
14194,222,399,4
14195,407,231,3
14196,344,191,5
14197,185,939,3
14198,270,569,4
14199,253,243,2
14200,407,785,3
14201,266,283,3
14202,303,1239,1
14203,378,500,4
14204,166,323,5
14205,181,980,1
14206,387,182,5
14207,216,421,5
14208,200,148,4
14209,221,161,3
14210,308,91,4
14211,270,509,3
14212,58,381,4
14213,379,1219,2
14214,243,531,4
14215,406,58,4
14216,363,87,3
14217,298,507,4
14218,62,125,4
14219,144,105,2
14220,286,161,2
14221,227,93,5
14222,174,1312,4
14223,158,373,2
14224,376,275,5
14225,269,512,5
14226,145,751,4
14227,339,772,4
14228,342,724,1
14229,279,238,4
14230,32,1016,1
14231,249,357,4
14232,385,1010,3
14233,249,42,5
14234,276,125,4
14235,159,1190,5
14236,417,3,4
14237,268,699,3
14238,417,781,3
14239,63,328,2
14240,7,273,3
14241,194,203,3
14242,82,140,3
14243,280,723,5
14244,294,475,5
14245,195,213,4
14246,194,222,1
14247,16,156,4
14248,393,342,5
14249,288,237,4
14250,283,455,4
14251,323,210,4
14252,294,895,4
14253,73,288,3
14254,405,72,3
14255,312,528,5
14256,371,746,4
14257,256,827,3
14258,87,732,4
14259,5,393,2
14260,72,161,5
14261,102,554,2
14262,398,172,5
14263,290,162,3
14264,6,470,3
14265,94,70,4
14266,137,250,5
14267,343,642,4
14268,112,754,4
14269,204,302,5
14270,92,576,2
14271,377,154,5
14272,334,443,3
14273,360,166,5
14274,92,148,2
14275,374,116,1
14276,197,289,4
14277,7,212,1
14278,299,511,4
14279,412,318,5
14280,301,673,4
14281,125,98,5
14282,130,195,5
14283,404,269,4
14284,406,469,4
14285,406,419,1
14286,349,455,2
14287,7,126,3
14288,235,7,4
14289,314,959,3
14290,381,1533,4
14291,151,1044,2
14292,43,751,2
14293,300,872,5
14294,263,432,2
14295,110,327,3
14296,405,135,5
14297,75,190,5
14298,344,245,3
14299,405,700,1
14300,296,845,5
14301,314,24,1
14302,303,208,5
14303,293,627,2
14304,102,99,2
14305,92,43,3
14306,410,312,2
14307,321,193,3
14308,27,978,2
14309,280,4,3
14310,110,367,3
14311,14,204,5
14312,342,274,2
14313,391,357,5
14314,416,348,3
14315,375,1073,2
14316,405,1434,1
14317,178,28,5
14318,409,497,3
14319,66,742,5
14320,286,25,3
14321,239,855,5
14322,75,151,5
14323,398,144,5
14324,10,269,4
14325,83,685,4
14326,80,234,3
14327,394,218,4
14328,27,475,2
14329,347,132,5
14330,332,831,3
14331,276,640,4
14332,80,215,5
14333,145,216,5
14334,397,1018,4
14335,393,169,3
14336,338,294,1
14337,81,151,2
14338,49,175,5
14339,325,432,5
14340,13,276,5
14341,95,627,4
14342,224,323,3
14343,59,186,5
14344,321,56,4
14345,7,619,3
14346,318,186,5
14347,109,237,4
14348,254,892,3
14349,106,1115,4
14350,307,408,5
14351,378,596,5
14352,343,156,4
14353,263,64,5
14354,76,23,5
14355,280,282,3
14356,214,268,2
14357,303,1118,3
14358,138,614,4
14359,49,185,5
14360,214,13,3
14361,305,258,4
14362,44,164,4
14363,289,405,2
14364,217,231,5
14365,199,286,5
14366,271,951,2
14367,18,1,5
14368,417,597,3
14369,397,178,5
14370,128,86,5
14371,200,559,4
14372,261,342,3
14373,154,462,3
14374,406,436,4
14375,24,56,4
14376,62,742,2
14377,264,433,5
14378,275,208,3
14379,405,96,3
14380,328,614,4
14381,3,327,4
14382,401,204,5
14383,72,172,1
14384,85,1149,3
14385,311,211,3
14386,311,86,5
14387,230,96,2
14388,201,56,5
14389,13,520,4
14390,280,40,5
14391,77,100,3
14392,130,567,2
14393,171,313,4
14394,222,1054,1
14395,409,659,5
14396,315,168,4
14397,189,474,5
14398,14,15,4
14399,385,629,2
14400,276,171,4
14401,322,1,2
14402,268,761,1
14403,189,79,3
14404,417,1095,3
14405,23,143,3
14406,405,1565,1
14407,216,1101,4
14408,339,642,5
14409,49,55,4
14410,91,504,3
14411,416,356,5
14412,99,66,3
14413,60,638,5
14414,405,734,2
14415,36,268,2
14416,216,282,5
14417,18,97,4
14418,21,671,5
14419,305,272,3
14420,233,257,4
14421,181,950,1
14422,307,449,4
14423,210,187,5
14424,200,1228,4
14425,1,255,2
14426,144,180,4
14427,280,54,2
14428,325,475,4
14429,256,742,5
14430,378,252,4
14431,125,1052,2
14432,269,152,4
14433,405,1469,1
14434,397,221,4
14435,14,42,4
14436,102,163,2
14437,130,534,5
14438,303,141,3
14439,292,320,5
14440,271,317,3
14441,412,218,3
14442,102,578,2
14443,213,132,5
14444,416,578,4
14445,325,175,5
14446,406,186,3
14447,249,919,5
14448,62,660,4
14449,409,1176,4
14450,60,499,3
14451,201,9,3
14452,301,241,3
14453,208,56,2
14454,200,717,4
14455,406,608,4
14456,382,98,3
14457,399,383,2
14458,269,1028,2
14459,405,964,1
14460,198,79,3
14461,307,655,4
14462,130,69,5
14463,311,89,5
14464,118,22,5
14465,48,28,2
14466,194,636,2
14467,59,1108,3
14468,374,1150,1
14469,14,176,1
14470,313,628,4
14471,180,732,3
14472,399,71,3
14473,186,100,4
14474,49,1068,3
14475,291,143,3
14476,342,255,4
14477,23,133,4
14478,373,269,5
14479,405,1250,1
14480,268,569,3
14481,405,214,4
14482,339,135,5
14483,293,866,3
14484,359,117,4
14485,234,135,4
14486,374,758,1
14487,243,655,4
14488,385,489,5
14489,346,1090,2
14490,405,450,1
14491,16,233,5
14492,354,414,4
14493,399,744,3
14494,326,403,3
14495,305,778,4
14496,387,169,5
14497,345,879,2
14498,303,226,4
14499,351,359,4
14500,60,13,4
14501,308,425,4
14502,271,1139,3
14503,242,291,3
14504,310,275,5
14505,248,179,3
14506,94,443,4
14507,234,451,3
14508,378,731,3
14509,299,724,3
14510,6,204,3
14511,305,1456,4
14512,361,340,3
14513,344,286,3
14514,248,484,2
14515,40,347,2
14516,143,347,5
14517,168,282,5
14518,296,121,5
14519,296,482,5
14520,316,234,1
14521,82,185,3
14522,405,127,5
14523,268,181,4
14524,344,79,4
14525,387,380,2
14526,389,1298,5
14527,293,467,4
14528,267,367,4
14529,308,264,2
14530,44,385,3
14531,303,26,4
14532,234,844,2
14533,112,303,4
14534,336,1012,5
14535,86,879,2
14536,399,986,3
14537,416,69,4
14538,83,684,4
14539,332,866,2
14540,286,268,4
14541,167,1307,2
14542,130,270,5
14543,94,566,2
14544,234,481,5
14545,44,214,5
14546,104,235,2
14547,387,1118,3
14548,363,767,2
14549,90,1206,2
14550,363,66,4
14551,409,199,4
14552,365,25,4
14553,343,980,5
14554,21,326,5
14555,280,722,3
14556,45,952,4
14557,201,331,4
14558,5,413,3
14559,276,732,4
14560,272,357,5
14561,334,888,2
14562,83,255,5
14563,234,202,3
14564,125,411,3
14565,406,588,4
14566,145,770,1
14567,399,62,3
14568,338,462,4
14569,64,1,4
14570,363,265,3
14571,99,762,2
14572,298,274,3
14573,102,94,2
14574,290,196,4
14575,354,57,5
14576,373,402,4
14577,15,937,4
14578,393,355,3
14579,115,187,5
14580,94,217,4
14581,299,151,4
14582,308,509,4
14583,11,194,4
14584,59,172,5
14585,278,269,5
14586,60,200,4
14587,378,133,5
14588,81,318,5
14589,26,979,3
14590,398,659,3
14591,286,329,4
14592,13,659,3
14593,261,410,5
14594,374,1407,2
14595,280,1168,5
14596,21,696,2
14597,130,298,5
14598,85,127,5
14599,239,603,5
14600,390,100,5
14601,345,132,5
14602,326,665,1
14603,297,423,3
14604,70,482,4
14605,343,196,4
14606,196,94,3
14607,313,56,2
14608,296,284,4
14609,220,682,4
14610,7,563,2
14611,361,1119,3
14612,385,447,3
14613,272,483,5
14614,144,65,4
14615,338,194,3
14616,417,551,3
14617,269,655,4
14618,301,105,3
14619,308,477,4
14620,312,543,5
14621,401,173,3
14622,183,203,3
14623,385,199,3
14624,291,401,4
14625,334,558,4
14626,363,561,2
14627,184,58,4
14628,104,288,2
14629,303,1258,2
14630,84,1040,3
14631,201,27,3
14632,327,64,2
14633,391,15,4
14634,189,31,3
14635,163,318,4
14636,406,501,5
14637,374,932,1
14638,363,1016,4
14639,401,527,4
14640,361,684,4
14641,373,404,4
14642,409,6,4
14643,295,504,4
14644,85,268,4
14645,276,268,4
14646,142,55,2
14647,206,990,1
14648,279,411,3
14649,291,1206,3
14650,193,301,4
14651,255,218,3
14652,268,211,4
14653,328,205,4
14654,3,307,3
14655,394,227,4
14656,228,655,4
14657,5,89,5
14658,102,393,3
14659,406,640,3
14660,280,468,4
14661,145,304,2
14662,323,172,5
14663,234,198,3
14664,279,1219,3
14665,70,185,4
14666,122,736,4
14667,276,742,4
14668,336,1059,3
14669,244,365,2
14670,413,306,4
14671,13,173,2
14672,57,225,3
14673,336,824,3
14674,256,722,3
14675,385,56,5
14676,163,216,3
14677,160,328,3
14678,385,48,5
14679,276,930,2
14680,151,164,5
14681,117,117,5
14682,412,28,4
14683,264,42,5
14684,373,105,3
14685,29,269,4
14686,385,216,2
14687,420,331,3
14688,110,658,3
14689,178,491,4
14690,392,538,2
14691,226,98,5
14692,145,69,5
14693,254,234,4
14694,130,217,3
14695,275,636,3
14696,383,603,5
14697,92,220,1
14698,8,183,5
14699,320,100,4
14700,298,202,3
14701,10,493,4
14702,110,759,3
14703,130,975,5
14704,300,257,4
14705,193,845,4
14706,405,719,1
14707,95,498,3
14708,416,272,5
14709,182,283,2
14710,374,1046,5
14711,222,160,1
14712,110,212,1
14713,378,655,4
14714,401,26,3
14715,71,151,1
14716,288,230,2
14717,350,176,4
14718,312,503,5
14719,339,469,5
14720,235,747,2
14721,323,248,3
14722,299,919,3
14723,381,97,4
14724,422,109,2
14725,109,849,2
14726,405,90,4
14727,289,471,4
14728,346,879,5
14729,314,377,3
14730,7,548,5
14731,145,79,5
14732,399,127,2
14733,58,257,5
14734,409,516,4
14735,405,1230,1
14736,99,628,4
14737,217,665,4
14738,411,651,4
14739,209,1137,4
14740,406,317,4
14741,346,158,2
14742,198,82,3
14743,313,98,4
14744,119,117,5
14745,162,254,3
14746,373,211,4
14747,181,150,1
14748,339,661,5
14749,292,535,3
14750,197,233,4
14751,303,430,4
14752,312,382,4
14753,371,663,5
14754,380,180,2
14755,95,432,3
14756,319,267,4
14757,363,546,3
14758,302,258,3
14759,283,50,5
14760,201,289,2
14761,312,474,5
14762,130,147,4
14763,117,214,5
14764,109,158,1
14765,268,568,3
14766,268,732,3
14767,141,1059,1
14768,276,169,5
14769,387,1008,4
14770,330,88,5
14771,67,833,4
14772,200,228,5
14773,279,489,2
14774,334,326,1
14775,301,864,4
14776,246,1222,3
14777,42,196,5
14778,279,25,5
14779,234,874,1
14780,305,655,4
14781,382,1534,4
14782,378,283,4
14783,230,181,4
14784,95,357,4
14785,399,22,3
14786,416,1188,3
14787,248,96,4
14788,97,174,4
14789,393,690,4
14790,320,33,4
14791,6,187,4
14792,1,103,1
14793,391,97,4
14794,246,151,5
14795,321,216,4
14796,393,1139,3
14797,269,614,3
14798,303,449,4
14799,264,345,4
14800,328,879,3
14801,59,866,3
14802,195,636,2
14803,280,942,5
14804,314,780,4
14805,85,154,4
14806,101,122,1
14807,122,464,5
14808,194,83,3
14809,405,206,1
14810,308,505,3
14811,315,340,4
14812,373,474,3
14813,126,682,1
14814,250,293,4
14815,314,772,1
14816,13,735,3
14817,201,597,2
14818,90,191,5
14819,393,789,1
14820,290,520,3
14821,385,168,3
14822,201,825,1
14823,323,215,5
14824,49,931,2
14825,293,1046,1
14826,195,823,4
14827,293,421,3
14828,413,124,5
14829,291,1210,4
14830,83,722,4
14831,417,147,4
14832,234,872,2
14833,125,87,5
14834,307,403,3
14835,188,127,4
14836,405,1531,1
14837,348,834,4
14838,344,1172,4
14839,373,704,2
14840,151,699,4
14841,16,28,5
14842,412,202,3
14843,248,290,3
14844,398,15,5
14845,410,882,3
14846,389,493,5
14847,290,1091,2
14848,312,656,5
14849,320,4,3
14850,274,117,4
14851,188,930,4
14852,83,692,4
14853,416,210,5
14854,327,258,1
14855,75,273,5
14856,347,871,4
14857,239,305,4
14858,129,258,2
14859,94,12,4
14860,342,220,1
14861,214,288,3
14862,321,484,5
14863,87,68,3
14864,200,1411,3
14865,416,43,1
14866,416,1035,3
14867,337,229,3
14868,5,400,1
14869,174,40,4
14870,189,513,4
14871,330,747,3
14872,366,218,3
14873,69,129,3
14874,268,715,1
14875,67,123,4
14876,178,15,5
14877,393,419,4
14878,193,689,2
14879,378,432,4
14880,405,695,1
14881,109,1028,4
14882,381,512,4
14883,388,184,4
14884,308,1421,4
14885,151,451,5
14886,409,59,5
14887,372,77,5
14888,276,408,5
14889,417,83,5
14890,328,79,4
14891,327,753,4
14892,189,639,4
14893,296,24,2
14894,117,313,5
14895,59,71,3
14896,285,455,4
14897,92,124,4
14898,296,179,4
14899,92,223,5
14900,11,573,3
14901,394,773,4
14902,298,185,3
14903,72,484,4
14904,44,378,3
14905,92,518,5
14906,94,969,4
14907,321,614,3
14908,144,197,4
14909,338,134,5
14910,79,13,3
14911,345,301,4
14912,374,147,3
14913,271,64,5
14914,11,277,5
14915,298,503,4
14916,279,541,3
14917,417,423,4
14918,44,96,4
14919,313,164,3
14920,224,294,4
14921,6,518,3
14922,334,421,4
14923,347,7,4
14924,150,147,4
14925,316,521,5
14926,321,89,3
14927,168,100,4
14928,290,436,2
14929,346,174,5
14930,1,118,3
14931,308,107,4
14932,92,678,2
14933,279,1110,3
14934,417,120,2
14935,412,175,4
14936,264,12,5
14937,113,246,5
14938,91,616,4
14939,321,647,3
14940,89,257,5
14941,249,222,4
14942,398,357,4
14943,263,162,5
14944,200,210,5
14945,417,578,3
14946,99,328,4
14947,181,1369,1
14948,385,408,5
14949,90,517,3
14950,197,161,4
14951,234,549,3
14952,318,414,4
14953,213,234,4
14954,177,22,4
14955,264,606,5
14956,393,500,4
14957,49,518,4
14958,102,144,3
14959,83,423,4
14960,363,217,2
14961,255,976,1
14962,89,283,4
14963,397,334,3
14964,416,1098,3
14965,222,71,4
14966,202,484,4
14967,13,483,5
14968,401,210,4
14969,288,178,5
14970,158,127,5
14971,85,523,4
14972,385,253,3
14973,151,482,4
14974,60,138,2
14975,405,92,1
14976,204,245,3
14977,21,245,1
14978,307,423,5
14979,222,15,3
14980,64,662,4
14981,327,197,4
14982,213,692,4
14983,91,234,5
14984,187,191,5
14985,257,949,3
14986,405,1176,3
14987,393,576,3
14988,405,639,1
14989,417,1044,3
14990,290,625,4
14991,270,872,5
14992,49,204,1
14993,308,133,3
14994,346,83,4
14995,145,470,5
14996,115,969,1
14997,214,461,4
14998,184,584,3
14999,312,588,5
15000,393,568,4
15001,328,211,4
15002,382,508,3
15003,223,111,4
15004,343,164,3
15005,146,346,4
15006,62,286,3
15007,29,343,3
15008,223,409,3
15009,342,558,5
15010,394,161,4
15011,181,1040,1
15012,349,823,4
15013,189,596,3
15014,145,574,2
15015,393,365,3
15016,311,125,4
15017,66,288,4
15018,268,928,1
15019,244,955,4
15020,189,135,4
15021,297,596,3
15022,330,427,5
15023,94,241,4
15024,314,395,2
15025,129,268,1
15026,314,68,4
15027,395,632,5
15028,271,95,4
15029,314,71,5
15030,251,427,4
15031,405,366,3
15032,7,626,5
15033,102,866,2
15034,145,100,5
15035,374,29,3
15036,282,305,4
15037,89,277,4
15038,393,363,3
15039,82,70,4
15040,405,470,1
15041,194,144,4
15042,257,301,3
15043,294,751,4
15044,214,132,5
15045,197,79,5
15046,82,1033,1
15047,276,94,2
15048,425,271,5
15049,183,227,4
15050,269,1168,2
15051,58,69,1
15052,56,993,3
15053,239,134,5
15054,308,168,4
15055,393,362,3
15056,254,140,4
15057,294,926,3
15058,276,74,3
15059,194,227,1
15060,276,566,4
15061,419,1451,4
15062,377,323,2
15063,284,324,3
15064,396,678,3
15065,305,83,3
15066,200,674,4
15067,125,781,3
15068,57,271,3
15069,23,222,4
15070,22,238,5
15071,279,236,5
15072,184,568,2
15073,44,433,4
15074,372,574,4
15075,379,655,5
15076,210,523,4
15077,293,632,3
15078,64,69,4
15079,409,201,1
15080,49,385,1
15081,283,125,5
15082,415,1524,5
15083,327,81,4
15084,65,435,4
15085,90,182,3
15086,397,325,3
15087,222,452,1
15088,361,466,4
15089,164,748,5
15090,151,433,3
15091,107,302,4
15092,325,835,5
15093,13,423,5
15094,158,222,3
15095,187,582,1
15096,42,172,5
15097,373,649,4
15098,344,660,3
15099,234,1455,2
15100,116,1257,1
15101,210,276,5
15102,328,356,3
15103,239,210,4
15104,372,325,4
15105,393,705,4
15106,183,273,4
15107,171,268,4
15108,297,24,4
15109,223,597,4
15110,49,878,2
15111,312,513,5
15112,184,805,3
15113,83,105,2
15114,199,948,1
15115,295,174,4
15116,314,819,4
15117,393,1314,3
15118,387,845,4
15119,101,237,5
15120,125,996,3
15121,422,671,4
15122,248,168,4
15123,311,523,5
15124,217,118,4
15125,405,1555,1
15126,406,213,2
15127,425,424,2
15128,137,117,5
15129,334,709,4
15130,379,211,5
15131,336,722,3
15132,311,208,4
15133,279,534,1
15134,145,298,1
15135,364,288,4
15136,227,475,4
15137,313,234,4
15138,185,223,4
15139,372,322,3
15140,326,265,4
15141,387,984,1
15142,387,436,4
15143,269,627,1
15144,399,128,3
15145,45,1,5
15146,125,864,3
15147,178,540,3
15148,18,224,5
15149,334,658,3
15150,181,277,1
15151,416,761,4
15152,316,180,4
15153,276,91,5
15154,168,222,5
15155,401,866,3
15156,425,748,3
15157,264,451,4
15158,406,523,3
15159,250,628,4
15160,110,195,2
15161,312,730,3
15162,400,259,3
15163,222,1059,1
15164,186,338,3
15165,92,288,3
15166,409,520,2
15167,344,213,4
15168,141,678,4
15169,216,234,4
15170,320,413,3
15171,201,319,2
15172,380,118,2
15173,27,515,4
15174,292,659,5
15175,306,269,5
15176,62,423,3
15177,49,108,2
15178,417,710,4
15179,112,316,5
15180,91,289,4
15181,342,952,3
15182,349,475,4
15183,423,744,4
15184,411,182,3
15185,194,25,2
15186,174,162,5
15187,181,948,1
15188,35,877,2
15189,312,1116,3
15190,399,436,2
15191,234,1454,3
15192,422,559,3
15193,87,491,5
15194,21,930,1
15195,322,313,5
15196,239,508,5
15197,269,414,3
15198,390,740,4
15199,425,191,3
15200,82,1028,2
15201,160,475,5
15202,270,684,4
15203,413,297,5
15204,422,922,4
15205,214,134,4
15206,401,284,3
15207,279,853,1
15208,313,1210,4
15209,125,275,5
15210,291,49,4
15211,365,1048,3
15212,409,214,4
15213,244,151,5
15214,276,379,3
15215,273,321,4
15216,411,209,4
15217,405,699,2
15218,47,292,4
15219,205,243,2
15220,268,825,3
15221,405,575,5
15222,87,186,5
15223,222,385,4
15224,393,781,4
15225,45,21,3
15226,18,126,5
15227,21,100,5
15228,92,164,4
15229,363,350,1
15230,393,783,3
15231,335,347,5
15232,43,684,4
15233,233,191,4
15234,94,61,5
15235,84,879,4
15236,387,432,4
15237,307,24,4
15238,13,482,5
15239,275,746,4
15240,405,422,1
15241,342,517,5
15242,184,72,3
15243,119,1197,4
15244,141,252,4
15245,198,509,4
15246,90,150,3
15247,8,687,1
15248,194,7,3
15249,268,189,4
15250,381,501,4
15251,378,1061,2
15252,222,252,2
15253,112,984,3
15254,303,763,4
15255,327,603,4
15256,332,1028,4
15257,399,946,3
15258,405,1353,1
15259,406,12,4
15260,26,410,2
15261,201,25,3
15262,247,1,4
15263,376,762,4
15264,338,483,4
15265,385,174,2
15266,317,271,3
15267,393,1441,3
15268,350,211,2
15269,422,184,4
15270,1,54,3
15271,407,217,4
15272,327,234,5
15273,400,895,4
15274,130,588,4
15275,278,173,5
15276,391,203,4
15277,250,240,4
15278,299,553,3
15279,91,313,4
15280,27,100,5
15281,393,366,4
15282,417,42,4
15283,234,732,2
15284,416,277,5
15285,406,701,5
15286,239,690,1
15287,90,131,5
15288,49,294,1
15289,318,15,5
15290,328,294,3
15291,253,64,5
15292,1,267,4
15293,232,515,2
15294,402,7,4
15295,311,1232,4
15296,7,482,3
15297,102,748,3
15298,286,574,4
15299,1,24,3
15300,100,323,3
15301,348,15,4
15302,234,693,2
15303,342,297,3
15304,295,88,4
15305,172,178,3
15306,201,642,4
15307,328,282,3
15308,415,154,4
15309,198,196,3
15310,99,413,3
15311,315,186,4
15312,64,72,4
15313,344,284,3
15314,222,895,4
15315,11,109,3
15316,173,880,4
15317,406,414,2
15318,56,122,2
15319,184,252,2
15320,405,1227,3
15321,398,417,3
15322,144,176,4
15323,287,28,5
15324,222,810,2
15325,109,949,3
15326,407,428,3
15327,239,100,3
15328,132,124,4
15329,94,1223,4
15330,83,468,4
15331,293,56,4
15332,363,1010,4
15333,230,182,2
15334,56,432,5
15335,249,186,4
15336,21,319,2
15337,334,742,2
15338,42,194,5
15339,42,496,5
15340,187,433,4
15341,24,216,4
15342,7,645,4
15343,125,732,4
15344,194,623,1
15345,417,159,4
15346,63,268,3
15347,301,99,4
15348,90,1048,4
15349,354,152,3
15350,277,25,4
15351,18,451,3
15352,276,386,3
15353,223,294,4
15354,264,1103,5
15355,172,1172,3
15356,308,729,3
15357,135,653,4
15358,10,495,4
15359,92,655,4
15360,417,12,4
15361,299,198,4
15362,373,318,5
15363,326,670,3
15364,234,234,4
15365,276,1129,4
15366,24,100,5
15367,306,150,5
15368,387,317,4
15369,102,827,2
15370,94,1226,4
15371,297,204,3
15372,193,127,5
15373,62,448,2
15374,125,493,4
15375,174,575,1
15376,313,161,4
15377,336,1054,1
15378,276,665,3
15379,378,419,4
15380,339,402,3
15381,268,1477,2
15382,92,276,5
15383,42,215,5
15384,379,496,5
15385,398,284,2
15386,372,581,5
15387,16,284,1
15388,407,616,3
15389,151,318,5
15390,325,188,2
15391,181,1367,2
15392,246,83,4
15393,294,246,4
15394,39,345,3
15395,25,239,4
15396,303,367,4
15397,273,303,4
15398,382,1229,5
15399,248,854,5
15400,425,227,4
15401,85,1169,4
15402,23,219,1
15403,347,324,1
15404,312,190,5
15405,343,435,4
15406,22,554,1
15407,268,433,4
15408,82,671,1
15409,62,181,4
15410,150,273,4
15411,385,480,5
15412,354,607,3
15413,7,190,5
15414,201,385,2
15415,383,86,5
15416,345,481,3
15417,429,73,3
15418,303,38,1
15419,297,1007,4
15420,90,312,4
15421,363,5,1
15422,178,326,4
15423,226,150,4
15424,16,174,5
15425,295,747,4
15426,28,646,4
15427,249,686,5
15428,301,333,4
15429,363,184,3
15430,271,384,3
15431,22,407,3
15432,329,181,4
15433,206,895,5
15434,30,531,5
15435,308,89,5
15436,358,132,5
15437,405,451,5
15438,5,80,2
15439,383,137,5
15440,15,929,1
15441,92,1033,2
15442,422,919,5
15443,379,651,4
15444,201,241,2
15445,399,1274,1
15446,64,95,4
15447,328,322,3
15448,393,1183,3
15449,72,180,4
15450,349,237,2
15451,347,568,4
15452,268,105,2
15453,416,226,4
15454,6,471,2
15455,3,272,2
15456,235,520,4
15457,316,22,4
15458,331,182,4
15459,120,245,3
15460,407,194,4
15461,279,59,4
15462,294,1016,4
15463,239,432,5
15464,327,408,2
15465,360,157,4
15466,13,268,4
15467,234,433,2
15468,23,238,5
15469,399,323,1
15470,378,699,4
15471,334,396,4
15472,417,67,4
15473,250,1137,5
15474,276,5,3
15475,145,42,5
15476,428,307,4
15477,314,220,4
15478,327,264,2
15479,69,321,4
15480,237,502,4
15481,280,465,3
15482,301,419,3
15483,215,443,4
15484,26,322,3
15485,92,101,2
15486,374,28,5
15487,145,51,3
15488,168,15,5
15489,87,382,3
15490,24,475,4
15491,221,940,4
15492,224,318,5
15493,311,62,3
15494,412,427,4
15495,345,51,5
15496,176,948,4
15497,94,193,5
15498,328,85,1
15499,351,292,4
15500,412,92,3
15501,156,197,5
15502,399,94,5
15503,206,315,5
15504,334,577,2
15505,417,658,2
15506,200,580,2
15507,294,322,1
15508,177,172,5
15509,332,144,5
15510,248,194,4
15511,197,1228,4
15512,94,1004,3
15513,210,751,4
15514,416,1147,4
15515,318,796,3
15516,110,233,4
15517,130,255,4
15518,339,509,4
15519,379,855,4
15520,378,194,4
15521,313,29,2
15522,94,334,3
15523,115,496,1
15524,295,389,4
15525,374,450,4
15526,192,1137,4
15527,178,1300,3
15528,53,748,2
15529,345,739,4
15530,187,1119,3
15531,56,715,1
15532,201,321,3
15533,201,551,1
15534,374,692,5
15535,357,405,5
15536,62,20,4
15537,299,13,4
15538,345,269,5
15539,10,195,4
15540,130,168,3
15541,387,854,5
15542,290,133,3
15543,150,235,4
15544,149,321,2
15545,87,192,3
15546,200,276,5
15547,217,38,3
15548,393,2,4
15549,10,521,4
15550,379,216,4
15551,393,215,4
15552,328,504,3
15553,378,696,3
15554,212,427,4
15555,318,815,3
15556,311,315,5
15557,429,64,4
15558,345,405,4
15559,57,222,5
15560,6,248,3
15561,120,286,5
15562,311,1046,3
15563,293,366,2
15564,276,686,3
15565,268,484,4
15566,222,471,3
15567,393,792,1
15568,416,234,5
15569,389,662,3
15570,46,7,4
15571,280,387,4
15572,43,181,4
15573,230,144,3
15574,95,232,4
15575,308,197,3
15576,183,222,4
15577,13,402,4
15578,39,306,3
15579,393,110,2
15580,336,1017,5
15581,42,742,4
15582,201,1163,1
15583,76,385,2
15584,394,450,3
15585,116,344,5
15586,59,82,5
15587,128,949,4
15588,59,1118,2
15589,299,1073,4
15590,416,56,5
15591,427,938,5
15592,239,195,5
15593,38,916,5
15594,302,299,2
15595,18,162,4
15596,303,436,4
15597,193,155,4
15598,279,841,4
15599,193,443,4
15600,59,18,4
15601,401,137,3
15602,393,1165,3
15603,224,549,3
15604,402,127,5
15605,92,66,3
15606,84,385,4
15607,7,264,4
15608,347,96,4
15609,263,495,5
15610,356,300,3
15611,128,50,4
15612,317,331,4
15613,416,134,4
15614,123,487,3
15615,393,779,3
15616,177,338,3
15617,398,70,4
15618,257,224,4
15619,7,681,1
15620,32,245,2
15621,389,217,3
15622,318,1521,3
15623,16,606,4
15624,385,156,4
15625,95,747,5
15626,291,1219,4
15627,339,845,4
15628,203,248,5
15629,110,68,2
15630,56,451,3
15631,64,58,3
15632,70,432,3
15633,76,772,3
15634,58,923,5
15635,363,685,4
15636,390,181,4
15637,354,428,4
15638,1,86,5
15639,49,39,2
15640,380,527,4
15641,261,892,5
15642,102,181,2
15643,130,173,3
15644,181,1174,1
15645,363,152,5
15646,387,943,4
15647,198,182,4
15648,409,518,1
15649,204,1,2
15650,21,328,3
15651,339,1248,3
15652,186,717,3
15653,429,86,5
15654,365,150,5
15655,406,195,5
15656,60,161,4
15657,379,300,3
15658,380,64,3
15659,417,552,2
15660,72,479,4
15661,412,436,4
15662,269,763,1
15663,381,473,5
15664,391,474,5
15665,49,998,2
15666,348,313,5
15667,5,433,5
15668,329,655,4
15669,357,287,4
15670,427,682,5
15671,200,50,5
15672,338,174,4
15673,87,254,4
15674,194,616,3
15675,109,1157,4
15676,94,425,5
15677,308,72,4
15678,295,133,4
15679,334,168,5
15680,115,93,3
15681,158,183,3
15682,256,227,4
15683,23,546,3
15684,276,588,4
15685,13,420,4
15686,43,568,4
15687,397,1298,3
15688,418,362,1
15689,279,233,5
15690,427,341,5
15691,379,54,2
15692,399,168,3
15693,58,50,4
15694,399,114,4
15695,398,661,3
15696,193,259,2
15697,70,109,3
15698,381,83,4
15699,184,174,3
15700,269,665,1
15701,363,505,3
15702,44,216,1
15703,7,622,4
15704,106,313,4
15705,366,164,5
15706,18,70,4
15707,254,699,3
15708,201,123,2
15709,7,161,3
15710,423,237,4
15711,44,357,4
15712,423,315,4
15713,14,116,5
15714,7,428,5
15715,247,151,4
15716,309,242,4
15717,255,98,5
15718,354,659,4
15719,7,288,4
15720,85,209,4
15721,314,1136,5
15722,104,827,2
15723,116,264,3
15724,373,566,4
15725,92,93,4
15726,374,121,4
15727,92,963,5
15728,344,176,5
15729,387,1538,3
15730,83,94,4
15731,286,778,5
15732,383,513,5
15733,316,463,5
15734,73,1073,4
15735,54,50,5
15736,417,196,5
15737,299,294,2
15738,327,381,4
15739,181,1336,1
15740,10,13,3
15741,28,423,2
15742,347,699,1
15743,157,93,3
15744,116,582,3
15745,184,447,3
15746,287,276,4
15747,311,50,5
15748,361,203,5
15749,177,198,4
15750,18,479,4
15751,363,188,4
15752,271,237,4
15753,381,498,5
15754,287,117,5
15755,368,218,2
15756,346,143,3
15757,178,431,4
15758,21,688,1
15759,35,680,4
15760,85,1009,2
15761,385,114,5
15762,49,70,2
15763,309,306,2
15764,1,196,5
15765,276,196,4
15766,246,195,3
15767,119,254,2
15768,197,174,5
15769,393,420,3
15770,385,1129,5
15771,314,764,3
15772,399,578,2
15773,92,89,5
15774,289,926,3
15775,94,448,5
15776,295,42,3
15777,249,1103,5
15778,297,742,3
15779,305,289,4
15780,128,1063,2
15781,393,554,4
15782,326,564,3
15783,314,948,3
15784,246,585,1
15785,287,291,5
15786,59,109,4
15787,365,289,3
15788,401,462,4
15789,280,1401,5
15790,270,402,5
15791,363,940,2
15792,200,652,2
15793,13,805,4
15794,331,242,4
15795,222,200,3
15796,362,268,2
15797,338,792,4
15798,345,15,4
15799,164,276,3
15800,286,710,4
15801,95,7,5
15802,22,878,1
15803,387,152,1
15804,201,1169,4
15805,145,212,2
15806,290,144,3
15807,373,31,3
15808,417,135,3
15809,416,304,5
15810,290,699,3
15811,38,140,5
15812,295,159,4
15813,275,930,3
15814,64,451,2
15815,367,201,5
15816,330,277,4
15817,328,223,4
15818,16,134,4
15819,145,265,5
15820,233,31,3
15821,244,559,4
15822,320,739,4
15823,178,294,2
15824,347,294,1
15825,250,474,5
15826,181,1344,1
15827,363,387,1
15828,283,95,5
15829,56,168,2
15830,416,417,3
15831,98,116,5
15832,246,230,3
15833,21,473,3
15834,199,475,5
15835,293,1217,1
15836,376,14,4
15837,361,100,5
15838,293,1011,3
15839,130,798,1
15840,43,11,5
15841,262,709,5
15842,289,147,3
15843,95,69,5
15844,407,755,3
15845,328,531,4
15846,330,393,4
15847,293,347,2
15848,409,680,1
15849,286,290,3
15850,417,208,3
15851,394,232,4
15852,144,273,4
15853,393,728,3
15854,76,286,5
15855,305,207,5
15856,56,44,4
15857,22,455,5
15858,417,1023,4
15859,18,13,5
15860,234,276,3
15861,264,602,4
15862,379,133,4
15863,181,1392,1
15864,252,740,3
15865,296,240,1
15866,141,1142,1
15867,334,300,3
15868,60,558,4
15869,110,751,3
15870,346,1018,3
15871,272,521,5
15872,399,230,3
15873,275,118,3
15874,320,692,4
15875,209,766,4
15876,244,926,2
15877,417,631,3
15878,345,1014,3
15879,417,747,3
15880,407,466,3
15881,344,304,3
15882,222,409,3
15883,11,241,4
15884,318,140,4
15885,358,357,4
15886,385,1135,1
15887,40,294,4
15888,417,235,2
15889,7,72,5
15890,64,96,4
15891,378,258,4
15892,318,211,5
15893,102,840,2
15894,276,816,2
15895,42,977,2
15896,23,70,2
15897,20,121,3
15898,345,77,3
15899,21,242,3
15900,389,478,5
15901,250,135,5
15902,393,83,4
15903,254,419,4
15904,75,824,1
15905,429,1222,3
15906,420,19,3
15907,276,206,5
15908,234,7,2
15909,79,262,5
15910,308,385,4
15911,104,1011,3
15912,308,124,4
15913,200,147,5
15914,256,925,5
15915,222,1419,1
15916,429,495,3
15917,385,194,3
15918,207,322,3
15919,63,508,4
15920,344,303,4
15921,49,386,4
15922,151,605,4
15923,416,738,2
15924,321,663,2
15925,32,235,3
15926,128,265,5
15927,330,193,5
15928,269,346,2
15929,153,216,2
15930,316,318,5
15931,325,357,4
15932,1,39,4
15933,20,252,4
15934,95,651,5
15935,272,201,3
15936,349,412,1
15937,407,642,2
15938,335,271,4
15939,125,357,3
15940,256,125,5
15941,184,11,3
15942,307,474,5
15943,76,200,5
15944,405,1188,3
15945,262,755,3
15946,30,301,4
15947,94,961,4
15948,106,48,3
15949,13,414,5
15950,343,97,4
15951,313,498,5
15952,10,183,5
15953,234,421,1
15954,33,751,4
15955,7,389,4
15956,189,479,5
15957,305,921,5
15958,405,1207,1
15959,59,98,5
15960,354,603,5
15961,70,338,2
15962,3,354,3
15963,363,1228,2
15964,311,387,4
15965,268,665,2
15966,405,230,2
15967,57,597,3
15968,343,475,5
15969,354,664,5
15970,94,723,3
15971,297,95,3
15972,59,200,5
15973,244,1048,4
15974,57,199,5
15975,11,524,4
15976,104,150,5
15977,58,1102,1
15978,92,403,4
15979,406,662,3
15980,13,772,1
15981,417,64,5
15982,123,707,5
15983,387,227,4
15984,422,854,4
15985,405,62,1
15986,98,745,3
15987,206,1313,1
15988,332,326,5
15989,253,496,5
15990,309,300,3
15991,285,682,4
15992,401,654,3
15993,385,462,2
15994,383,14,5
15995,234,15,3
15996,346,785,3
15997,320,129,4
15998,123,704,3
15999,106,194,5
16000,213,121,5
16001,378,939,4
16002,405,771,1
16003,417,403,4
16004,248,678,3
16005,280,1060,3
16006,404,327,2
16007,405,1247,1
16008,59,39,4
16009,13,812,2
16010,272,469,5
16011,169,705,5
16012,378,723,3
16013,314,1089,1
16014,44,193,3
16015,15,889,3
16016,404,748,4
16017,160,564,3
16018,416,532,3
16019,104,312,3
16020,303,384,3
16021,331,81,5
16022,108,10,5
16023,416,220,4
16024,314,1517,4
16025,2,301,4
16026,271,1,3
16027,75,410,5
16028,405,188,1
16029,344,511,4
16030,64,12,5
16031,297,128,4
16032,314,7,4
16033,135,12,4
16034,94,223,5
16035,23,512,5
16036,354,344,5
16037,316,14,4
16038,276,333,4
16039,398,991,2
16040,326,554,3
16041,156,22,3
16042,262,332,3
16043,360,181,4
16044,408,683,3
16045,295,414,4
16046,151,1101,4
16047,401,198,4
16048,234,186,3
16049,402,126,4
16050,338,606,3
16051,312,136,5
16052,343,214,4
16053,1,164,3
16054,405,578,1
16055,330,71,5
16056,343,132,5
16057,82,482,4
16058,249,218,3
16059,318,326,4
16060,424,1346,4
16061,323,764,3
16062,343,498,5
16063,331,180,5
16064,297,108,4
16065,311,134,5
16066,141,120,4
16067,393,222,4
16068,275,144,4
16069,221,154,3
16070,249,591,5
16071,249,9,5
16072,181,1377,1
16073,429,511,5
16074,338,306,4
16075,58,483,5
16076,274,88,4
16077,16,602,5
16078,102,635,2
16079,162,597,4
16080,87,8,5
16081,280,69,4
16082,393,378,4
16083,346,94,3
16084,399,817,4
16085,274,111,4
16086,94,715,4
16087,101,123,2
16088,92,722,3
16089,211,455,3
16090,194,99,3
16091,28,89,4
16092,290,826,2
16093,327,421,2
16094,360,13,3
16095,339,525,5
16096,354,529,4
16097,251,476,2
16098,385,293,3
16099,56,747,4
16100,13,564,1
16101,432,222,4
16102,256,1061,4
16103,177,168,4
16104,92,144,4
16105,161,1266,2
16106,22,358,5
16107,111,333,4
16108,18,775,3
16109,421,474,4
16110,435,780,2
16111,286,1202,3
16112,8,210,4
16113,200,576,4
16114,58,150,4
16115,14,517,4
16116,307,197,4
16117,249,212,4
16118,7,334,5
16119,424,25,4
16120,429,628,3
16121,59,367,4
16122,267,227,3
16123,230,357,5
16124,73,81,5
16125,277,872,3
16126,151,1017,2
16127,8,258,5
16128,269,505,3
16129,91,318,5
16130,296,45,5
16131,401,603,4
16132,244,161,4
16133,126,752,3
16134,339,194,4
16135,222,302,3
16136,176,750,4
16137,228,327,1
16138,308,100,5
16139,119,616,2
16140,90,518,2
16141,401,385,3
16142,387,431,3
16143,328,157,5
16144,194,127,5
16145,246,117,3
16146,22,208,5
16147,257,1008,5
16148,375,566,4
16149,94,496,3
16150,190,1313,2
16151,354,199,4
16152,210,953,3
16153,6,511,5
16154,281,258,2
16155,174,415,3
16156,5,219,3
16157,405,1563,1
16158,145,266,3
16159,416,49,4
16160,327,89,4
16161,115,1008,5
16162,398,216,5
16163,378,418,3
16164,385,485,4
16165,178,228,5
16166,168,819,4
16167,109,762,3
16168,354,87,3
16169,416,866,4
16170,425,39,4
16171,374,265,5
16172,339,1113,4
16173,339,76,3
16174,41,1,4
16175,13,519,5
16176,305,550,3
16177,399,774,3
16178,418,313,3
16179,406,745,4
16180,299,143,3
16181,92,1014,3
16182,26,333,3
16183,344,237,3
16184,334,792,4
16185,287,201,5
16186,378,48,5
16187,91,134,4
16188,416,32,2
16189,303,551,2
16190,138,185,4
16191,363,128,5
16192,429,45,3
16193,393,196,4
16194,387,1014,3
16195,256,779,4
16196,104,147,3
16197,303,218,4
16198,2,313,5
16199,85,530,3
16200,264,238,5
16201,241,313,4
16202,343,269,4
16203,395,174,5
16204,200,660,3
16205,260,362,5
16206,52,427,5
16207,235,65,2
16208,159,756,4
16209,389,518,4
16210,320,7,4
16211,392,286,2
16212,18,318,5
16213,318,312,4
16214,315,187,4
16215,85,417,3
16216,125,69,4
16217,308,129,5
16218,391,924,2
16219,284,300,3
16220,286,640,5
16221,393,1091,2
16222,239,492,3
16223,297,183,4
16224,223,846,2
16225,180,423,4
16226,189,134,5
16227,58,198,3
16228,130,288,5
16229,95,402,3
16230,2,279,4
16231,345,25,3
16232,425,185,2
16233,38,419,5
16234,28,450,1
16235,397,894,1
16236,145,270,5
16237,216,405,3
16238,429,1016,4
16239,297,231,3
16240,162,710,4
16241,58,955,4
16242,151,1264,4
16243,38,1034,1
16244,276,559,4
16245,79,150,3
16246,361,517,5
16247,293,54,3
16248,398,204,4
16249,6,284,2
16250,416,404,3
16251,159,411,3
16252,328,432,1
16253,421,443,5
16254,197,226,4
16255,109,157,4
16256,204,336,1
16257,23,269,5
16258,284,332,3
16259,391,1101,4
16260,350,589,5
16261,429,735,4
16262,398,31,3
16263,311,493,4
16264,6,304,4
16265,416,721,3
16266,262,581,3
16267,406,612,5
16268,181,9,4
16269,416,895,4
16270,267,273,4
16271,346,121,4
16272,96,50,5
16273,94,1028,2
16274,226,1117,3
16275,286,155,4
16276,398,228,5
16277,374,280,3
16278,16,9,5
16279,177,433,4
16280,263,423,5
16281,411,1470,3
16282,58,318,3
16283,432,295,3
16284,94,175,4
16285,234,747,3
16286,59,218,5
16287,402,234,4
16288,417,588,3
16289,13,875,1
16290,299,522,3
16291,213,174,5
16292,421,156,5
16293,268,98,4
16294,263,269,4
16295,267,240,4
16296,194,94,3
16297,88,904,5
16298,406,1047,3
16299,366,443,5
16300,213,568,4
16301,345,535,3
16302,409,202,3
16303,311,168,4
16304,243,196,4
16305,4,50,5
16306,82,222,3
16307,424,261,3
16308,8,127,5
16309,327,588,4
16310,416,770,4
16311,87,238,3
16312,297,471,3
16313,405,350,1
16314,1,230,4
16315,392,98,5
16316,240,336,3
16317,269,254,1
16318,283,1487,2
16319,393,233,3
16320,433,302,5
16321,405,1046,2
16322,428,690,5
16323,363,402,2
16324,200,597,4
16325,391,195,2
16326,43,692,5
16327,330,133,5
16328,405,432,3
16329,327,735,2
16330,198,65,2
16331,130,111,5
16332,343,48,3
16333,371,174,4
16334,393,328,5
16335,373,97,3
16336,280,735,2
16337,102,385,3
16338,104,245,2
16339,338,582,5
16340,83,977,3
16341,15,591,2
16342,171,306,3
16343,276,135,5
16344,234,287,3
16345,243,317,5
16346,398,501,3
16347,145,983,1
16348,301,357,5
16349,8,188,5
16350,393,71,3
16351,58,123,4
16352,397,56,5
16353,18,609,4
16354,315,746,3
16355,344,208,5
16356,426,480,5
16357,435,240,3
16358,393,94,4
16359,79,251,5
16360,83,568,4
16361,153,323,2
16362,343,62,2
16363,321,515,5
16364,349,9,4
16365,398,276,4
16366,59,521,5
16367,72,87,4
16368,417,436,3
16369,13,377,1
16370,432,620,4
16371,399,550,3
16372,339,153,4
16373,303,1188,4
16374,405,775,1
16375,298,178,5
16376,359,24,3
16377,286,766,3
16378,250,321,5
16379,200,542,3
16380,189,194,5
16381,336,216,5
16382,325,493,4
16383,354,174,4
16384,262,588,4
16385,232,14,4
16386,145,631,4
16387,139,307,4
16388,94,550,1
16389,159,117,5
16390,274,1,4
16391,325,313,2
16392,436,238,3
16393,21,448,4
16394,262,140,2
16395,435,299,4
16396,194,504,2
16397,11,22,4
16398,417,742,2
16399,138,357,4
16400,95,178,5
16401,244,1054,3
16402,36,310,4
16403,340,423,4
16404,251,295,4
16405,249,300,4
16406,234,782,3
16407,326,172,4
16408,244,255,2
16409,343,382,3
16410,200,123,4
16411,154,89,5
16412,104,354,3
16413,425,318,2
16414,393,49,4
16415,95,181,4
16416,274,150,5
16417,347,1059,3
16418,271,310,3
16419,234,236,3
16420,347,298,5
16421,89,14,4
16422,195,1418,4
16423,406,482,5
16424,430,10,4
16425,336,1218,3
16426,359,270,4
16427,184,382,5
16428,291,619,3
16429,396,274,4
16430,10,132,5
16431,276,551,3
16432,222,662,3
16433,308,147,3
16434,373,206,4
16435,74,129,3
16436,64,199,4
16437,62,541,3
16438,217,827,2
16439,342,92,4
16440,87,576,3
16441,215,186,4
16442,322,489,3
16443,416,294,4
16444,401,294,1
16445,290,172,5
16446,234,1048,3
16447,115,181,4
16448,243,69,3
16449,363,155,2
16450,82,357,4
16451,189,174,5
16452,94,1153,4
16453,417,684,3
16454,426,603,5
16455,1,36,2
16456,183,485,5
16457,23,189,5
16458,320,849,4
16459,13,340,2
16460,422,325,2
16461,405,650,1
16462,184,250,4
16463,254,621,3
16464,264,230,4
16465,92,154,4
16466,255,444,3
16467,21,294,3
16468,347,1028,2
16469,168,281,2
16470,276,186,5
16471,344,1050,3
16472,406,675,4
16473,402,151,5
16474,387,116,3
16475,345,332,1
16476,334,631,4
16477,76,1156,3
16478,398,654,4
16479,157,293,5
16480,18,523,4
16481,280,780,4
16482,123,480,3
16483,387,418,3
16484,181,1165,1
16485,401,50,1
16486,11,455,3
16487,174,204,4
16488,193,1406,4
16489,393,1221,3
16490,137,257,5
16491,276,118,3
16492,361,739,4
16493,269,1438,3
16494,429,1119,3
16495,342,129,5
16496,378,321,3
16497,203,250,4
16498,250,89,4
16499,347,55,5
16500,399,173,3
16501,269,447,3
16502,405,1316,1
16503,370,659,4
16504,381,304,5
16505,333,276,4
16506,152,22,5
16507,402,479,5
16508,400,689,3
16509,116,903,2
16510,270,1210,5
16511,177,475,4
16512,13,185,3
16513,323,56,5
16514,393,737,2
16515,308,461,4
16516,128,98,4
16517,223,826,1
16518,432,742,4
16519,151,633,5
16520,221,1134,4
16521,189,638,5
16522,128,1039,4
16523,118,164,5
16524,284,340,4
16525,324,258,4
16526,18,135,3
16527,383,313,2
16528,398,191,4
16529,256,402,4
16530,221,685,3
16531,417,1036,3
16532,301,269,5
16533,207,433,3
16534,117,222,5
16535,184,57,5
16536,35,322,3
16537,158,216,3
16538,434,1060,3
16539,7,495,5
16540,216,1035,1
16541,85,509,4
16542,354,435,4
16543,393,672,3
16544,14,23,5
16545,181,1360,1
16546,325,435,3
16547,54,475,5
16548,299,546,3
16549,301,300,4
16550,118,32,5
16551,263,483,5
16552,338,100,4
16553,409,995,4
16554,435,380,3
16555,125,722,3
16556,294,245,3
16557,90,287,4
16558,345,550,3
16559,189,9,3
16560,18,241,3
16561,256,1086,5
16562,94,581,4
16563,398,64,4
16564,92,203,4
16565,100,348,3
16566,347,392,2
16567,409,270,2
16568,344,559,3
16569,369,114,5
16570,200,363,3
16571,417,1135,4
16572,389,404,5
16573,101,1093,1
16574,95,1219,1
16575,380,428,3
16576,10,420,4
16577,283,676,3
16578,63,924,3
16579,252,100,5
16580,330,763,5
16581,130,756,4
16582,34,332,5
16583,219,935,3
16584,437,165,4
16585,386,546,2
16586,7,520,5
16587,314,682,5
16588,436,161,4
16589,183,331,3
16590,1,23,4
16591,432,111,4
16592,162,943,4
16593,211,303,3
16594,301,276,1
16595,426,493,4
16596,2,299,4
16597,286,732,5
16598,298,203,3
16599,362,288,4
16600,372,448,4
16601,418,301,2
16602,254,612,3
16603,426,504,4
16604,393,403,3
16605,268,168,4
16606,344,183,5
16607,405,1275,1
16608,90,705,5
16609,92,226,3
16610,318,657,5
16611,64,509,3
16612,405,361,2
16613,92,328,3
16614,201,184,3
16615,188,66,3
16616,186,118,2
16617,428,340,4
16618,339,961,3
16619,334,268,4
16620,429,371,2
16621,405,551,1
16622,361,179,4
16623,62,328,3
16624,405,1113,1
16625,370,493,5
16626,342,287,3
16627,307,114,5
16628,303,167,3
16629,92,62,3
16630,334,313,4
16631,409,1021,4
16632,14,168,4
16633,416,475,2
16634,303,685,1
16635,125,496,5
16636,419,705,5
16637,13,217,1
16638,128,99,4
16639,258,243,3
16640,337,450,2
16641,267,780,4
16642,313,849,3
16643,194,210,3
16644,331,215,3
16645,59,699,4
16646,342,975,2
16647,52,235,2
16648,374,475,1
16649,324,300,5
16650,286,792,3
16651,30,231,2
16652,158,116,5
16653,367,326,4
16654,197,316,4
16655,94,135,4
16656,327,179,2
16657,374,576,3
16658,269,427,5
16659,237,603,5
16660,428,316,4
16661,222,1,4
16662,334,132,3
16663,198,631,3
16664,299,655,3
16665,361,762,2
16666,360,127,5
16667,256,834,3
16668,93,235,4
16669,405,1109,1
16670,313,441,3
16671,14,596,3
16672,234,1298,3
16673,1,224,5
16674,263,265,4
16675,199,687,1
16676,119,995,4
16677,421,124,4
16678,48,286,3
16679,52,93,4
16680,251,1028,3
16681,320,369,4
16682,280,715,2
16683,297,129,4
16684,229,302,5
16685,380,630,2
16686,385,500,4
16687,399,768,3
16688,52,275,4
16689,8,651,5
16690,387,1143,5
16691,56,258,4
16692,10,712,4
16693,125,926,3
16694,275,101,4
16695,416,427,5
16696,43,272,5
16697,221,173,4
16698,404,892,2
16699,84,194,5
16700,181,424,1
16701,299,710,4
16702,85,192,4
16703,417,979,3
16704,49,346,4
16705,417,1209,3
16706,206,891,2
16707,71,65,5
16708,103,96,4
16709,385,128,5
16710,374,234,4
16711,354,629,3
16712,438,476,5
16713,373,732,3
16714,437,1121,5
16715,305,7,4
16716,385,965,4
16717,70,762,3
16718,291,769,1
16719,188,161,3
16720,299,662,4
16721,194,259,2
16722,279,465,5
16723,271,549,4
16724,262,358,3
16725,13,651,5
16726,222,719,1
16727,222,658,3
16728,174,67,1
16729,180,173,5
16730,405,785,1
16731,416,178,5
16732,13,24,1
16733,280,234,3
16734,334,1006,3
16735,167,290,3
16736,28,223,5
16737,200,432,5
16738,267,393,3
16739,90,148,2
16740,141,410,4
16741,10,186,4
16742,189,16,3
16743,416,768,3
16744,139,222,3
16745,375,39,3
16746,345,291,3
16747,389,736,5
16748,299,173,5
16749,389,778,4
16750,72,550,4
16751,378,100,4
16752,178,495,4
16753,125,83,4
16754,255,323,2
16755,244,456,3
16756,437,708,4
16757,292,168,5
16758,416,327,4
16759,154,143,3
16760,312,114,5
16761,405,581,3
16762,119,455,4
16763,201,1220,2
16764,7,579,4
16765,215,449,4
16766,60,507,4
16767,343,147,4
16768,15,1,1
16769,162,1012,4
16770,185,279,4
16771,286,546,1
16772,370,22,4
16773,71,50,3
16774,95,239,3
16775,378,1439,3
16776,429,709,4
16777,197,210,5
16778,10,199,4
16779,177,689,3
16780,354,153,3
16781,393,189,4
16782,269,433,3
16783,429,491,3
16784,112,307,4
16785,59,50,5
16786,373,1006,2
16787,288,357,5
16788,119,268,5
16789,216,357,4
16790,423,272,5
16791,159,121,3
16792,90,602,5
16793,109,121,5
16794,399,1135,2
16795,243,632,5
16796,13,673,3
16797,94,652,4
16798,361,234,4
16799,363,229,3
16800,213,229,4
16801,293,739,2
16802,118,193,5
16803,111,242,4
16804,195,235,3
16805,292,265,4
16806,13,287,1
16807,224,723,2
16808,200,692,3
16809,14,477,4
16810,299,136,4
16811,279,73,4
16812,345,716,3
16813,207,580,3
16814,235,515,4
16815,405,30,1
16816,312,173,3
16817,415,243,1
16818,422,258,4
16819,318,865,2
16820,233,193,4
16821,378,979,3
16822,437,1404,2
16823,2,298,3
16824,120,252,3
16825,437,190,3
16826,301,239,2
16827,269,843,3
16828,318,285,4
16829,181,1028,2
16830,44,204,4
16831,390,713,4
16832,346,1222,4
16833,292,223,5
16834,196,692,5
16835,399,1179,2
16836,363,9,3
16837,197,880,3
16838,291,540,3
16839,44,470,3
16840,263,648,5
16841,427,680,5
16842,234,1263,3
16843,102,286,3
16844,10,710,4
16845,27,508,3
16846,174,762,5
16847,346,53,1
16848,224,581,1
16849,312,265,1
16850,60,64,4
16851,184,606,5
16852,405,759,1
16853,174,1041,5
16854,95,393,5
16855,370,608,4
16856,380,185,4
16857,344,222,4
16858,236,298,4
16859,431,286,4
16860,272,288,4
16861,407,174,5
16862,113,1252,4
16863,363,474,5
16864,140,325,3
16865,331,514,3
16866,351,990,5
16867,265,151,2
16868,409,22,2
16869,22,172,4
16870,179,331,2
16871,254,655,4
16872,184,1397,3
16873,360,963,5
16874,234,484,5
16875,11,175,3
16876,221,824,3
16877,56,90,2
16878,71,135,4
16879,102,629,3
16880,417,99,4
16881,201,260,4
16882,244,584,5
16883,174,13,3
16884,413,255,3
16885,255,860,2
16886,347,215,4
16887,360,191,4
16888,345,748,2
16889,437,419,5
16890,398,479,4
16891,295,642,4
16892,429,941,3
16893,82,1126,4
16894,94,202,2
16895,14,655,5
16896,239,175,5
16897,58,558,5
16898,42,566,5
16899,271,289,4
16900,367,448,4
16901,354,321,2
16902,293,298,4
16903,285,514,3
16904,200,135,4
16905,223,975,1
16906,126,327,3
16907,271,642,5
16908,345,13,4
16909,224,51,4
16910,207,161,4
16911,291,1505,4
16912,361,531,5
16913,213,274,5
16914,75,1047,3
16915,287,98,4
16916,378,9,5
16917,121,515,4
16918,109,7,4
16919,334,652,5
16920,347,56,5
16921,399,1401,3
16922,1,73,3
16923,304,742,3
16924,345,98,5
16925,434,815,4
16926,158,433,3
16927,321,462,4
16928,49,738,3
16929,151,153,3
16930,7,223,5
16931,387,71,2
16932,409,664,4
16933,347,125,5
16934,118,17,3
16935,442,401,2
16936,286,127,4
16937,200,1049,3
16938,399,679,3
16939,42,63,4
16940,172,514,3
16941,389,517,4
16942,269,161,1
16943,267,545,2
16944,330,418,5
16945,406,396,3
16946,437,14,5
16947,407,969,4
16948,104,325,1
16949,390,304,5
16950,314,873,4
16951,406,503,3
16952,398,648,5
16953,159,289,2
16954,312,516,3
16955,312,195,5
16956,271,605,4
16957,95,496,4
16958,325,517,4
16959,314,418,5
16960,10,558,4
16961,405,1058,1
16962,178,323,3
16963,148,78,1
16964,422,126,4
16965,130,1136,4
16966,370,631,4
16967,336,124,1
16968,193,100,5
16969,176,50,5
16970,405,1317,1
16971,301,201,4
16972,126,313,5
16973,11,713,5
16974,279,719,4
16975,429,633,3
16976,428,875,4
16977,311,941,4
16978,363,169,5
16979,185,15,3
16980,417,132,4
16981,243,194,4
16982,399,295,4
16983,181,620,2
16984,7,259,3
16985,281,322,4
16986,416,1517,2
16987,316,132,4
16988,63,116,5
16989,222,161,4
16990,293,430,3
16991,59,142,1
16992,96,23,5
16993,328,503,3
16994,393,50,5
16995,244,738,4
16996,181,146,1
16997,239,836,5
16998,404,294,4
16999,380,496,4
17000,312,1039,5
17001,135,258,4
17002,401,435,5
17003,324,877,1
17004,62,1012,3
17005,432,237,5
17006,130,619,4
17007,82,151,2
17008,62,164,5
17009,435,431,3
17010,343,124,4
17011,222,2,3
17012,354,162,3
17013,367,288,5
17014,363,679,4
17015,58,195,4
17016,427,300,4
17017,405,1519,2
17018,145,549,5
17019,210,152,5
17020,405,1045,3
17021,361,524,4
17022,234,634,4
17023,291,294,5
17024,234,483,5
17025,200,258,4
17026,423,310,3
17027,398,1119,4
17028,194,193,4
17029,409,165,4
17030,256,1231,3
17031,1,67,3
17032,276,204,5
17033,60,505,4
17034,156,318,4
17035,436,73,4
17036,393,1169,5
17037,194,71,4
17038,405,959,1
17039,339,163,4
17040,160,137,4
17041,222,1029,1
17042,385,325,4
17043,210,864,3
17044,436,411,4
17045,224,300,4
17046,230,385,1
17047,54,118,4
17048,91,748,2
17049,297,197,3
17050,409,8,3
17051,301,385,3
17052,230,484,5
17053,8,176,5
17054,301,204,5
17055,407,655,4
17056,56,735,2
17057,22,230,4
17058,286,66,4
17059,202,173,2
17060,123,962,3
17061,311,195,4
17062,378,121,4
17063,276,101,4
17064,279,472,3
17065,95,226,4
17066,178,478,5
17067,56,25,4
17068,357,866,5
17069,201,693,4
17070,297,293,3
17071,92,508,5
17072,130,271,5
17073,354,511,4
17074,188,181,3
17075,301,231,2
17076,405,1217,3
17077,401,520,3
17078,389,402,3
17079,227,121,2
17080,391,530,5
17081,173,678,3
17082,342,1166,1
17083,94,603,4
17084,276,223,5
17085,72,135,4
17086,244,77,4
17087,269,499,4
17088,94,421,4
17089,135,939,4
17090,5,428,5
17091,130,689,2
17092,267,647,5
17093,32,259,2
17094,38,28,4
17095,279,248,4
17096,329,250,3
17097,109,388,5
17098,330,473,4
17099,276,1035,3
17100,164,121,5
17101,359,455,4
17102,196,8,5
17103,221,4,3
17104,14,50,5
17105,197,362,4
17106,94,288,3
17107,18,794,3
17108,435,1034,2
17109,13,27,3
17110,318,157,5
17111,385,385,1
17112,13,912,2
17113,374,204,4
17114,94,52,5
17115,183,450,3
17116,405,449,1
17117,92,582,5
17118,435,462,5
17119,230,97,5
17120,158,172,4
17121,201,1065,3
17122,23,1,5
17123,294,823,3
17124,406,642,3
17125,38,22,5
17126,119,511,5
17127,198,203,3
17128,268,134,5
17129,271,742,3
17130,99,694,1
17131,436,174,3
17132,208,402,4
17133,394,1079,3
17134,311,723,4
17135,22,997,1
17136,440,690,4
17137,372,649,3
17138,336,410,3
17139,117,1012,4
17140,392,321,5
17141,325,542,2
17142,409,480,5
17143,66,281,4
17144,344,246,4
17145,437,655,4
17146,239,705,4
17147,334,173,4
17148,442,385,3
17149,31,124,4
17150,357,984,3
17151,215,182,3
17152,115,1073,5
17153,90,1200,4
17154,102,5,3
17155,178,762,3
17156,70,96,4
17157,391,47,4
17158,325,554,1
17159,128,505,4
17160,426,1116,4
17161,60,416,4
17162,188,240,1
17163,13,201,1
17164,218,154,4
17165,393,380,2
17166,416,546,3
17167,393,1179,4
17168,325,127,5
17169,389,502,4
17170,339,302,4
17171,314,94,4
17172,303,462,3
17173,393,25,2
17174,389,1451,5
17175,44,274,4
17176,378,1046,3
17177,299,433,5
17178,49,583,4
17179,327,455,2
17180,360,207,4
17181,353,300,3
17182,385,705,3
17183,411,405,4
17184,383,19,4
17185,119,100,5
17186,130,881,4
17187,59,625,3
17188,435,443,3
17189,144,815,1
17190,340,174,4
17191,102,530,3
17192,251,181,4
17193,340,504,1
17194,442,31,3
17195,181,258,3
17196,169,234,4
17197,37,176,4
17198,167,1305,1
17199,190,333,4
17200,199,259,1
17201,160,23,5
17202,244,42,5
17203,99,409,2
17204,399,2,3
17205,94,824,4
17206,342,813,5
17207,409,339,2
17208,158,472,3
17209,303,1199,3
17210,23,527,4
17211,200,771,4
17212,332,295,3
17213,144,785,4
17214,24,109,3
17215,268,546,4
17216,328,1139,1
17217,406,199,5
17218,249,1016,3
17219,188,185,4
17220,1,65,4
17221,213,778,5
17222,385,42,1
17223,234,1400,3
17224,200,88,4
17225,405,169,1
17226,442,182,4
17227,79,290,3
17228,405,527,5
17229,117,1095,3
17230,387,744,3
17231,285,237,4
17232,353,316,5
17233,268,472,1
17234,232,474,5
17235,13,385,3
17236,308,660,3
17237,72,117,4
17238,60,234,4
17239,130,243,2
17240,262,815,2
17241,144,190,5
17242,393,1053,3
17243,406,527,4
17244,210,197,5
17245,210,300,4
17246,213,591,4
17247,239,89,4
17248,197,530,3
17249,236,549,4
17250,381,660,2
17251,389,498,5
17252,426,608,4
17253,18,151,3
17254,329,245,3
17255,416,107,5
17256,334,306,4
17257,198,527,4
17258,423,323,3
17259,181,459,1
17260,13,852,1
17261,246,628,1
17262,435,693,3
17263,239,488,5
17264,342,928,3
17265,278,306,5
17266,256,550,5
17267,393,591,5
17268,381,1400,3
17269,333,873,3
17270,13,238,3
17271,445,597,1
17272,429,431,5
17273,429,97,4
17274,178,619,3
17275,12,50,4
17276,283,209,4
17277,373,514,4
17278,79,1008,4
17279,348,1028,4
17280,15,933,1
17281,425,183,3
17282,63,306,3
17283,248,235,3
17284,394,181,4
17285,26,240,3
17286,151,484,4
17287,7,555,4
17288,222,81,1
17289,22,1001,1
17290,347,385,4
17291,198,228,3
17292,343,499,5
17293,10,483,5
17294,112,286,4
17295,44,21,2
17296,130,122,3
17297,1,190,5
17298,58,216,3
17299,141,1,3
17300,344,1165,1
17301,328,511,4
17302,406,181,5
17303,317,245,4
17304,393,303,4
17305,294,902,4
17306,445,195,2
17307,60,56,4
17308,226,209,3
17309,334,870,3
17310,401,196,5
17311,379,451,4
17312,182,222,3
17313,207,997,1
17314,397,324,2
17315,6,189,3
17316,241,887,4
17317,216,150,5
17318,126,1175,5
17319,222,300,5
17320,268,926,2
17321,256,368,1
17322,436,132,1
17323,343,69,5
17324,293,280,2
17325,378,471,3
17326,244,866,5
17327,378,1232,3
17328,435,756,3
17329,426,633,4
17330,338,603,5
17331,427,302,4
17332,407,157,2
17333,214,20,4
17334,416,1503,4
17335,74,121,4
17336,308,520,4
17337,121,508,4
17338,14,492,4
17339,81,544,2
17340,25,114,5
17341,308,58,3
17342,343,237,4
17343,346,455,3
17344,178,71,4
17345,320,403,4
17346,379,504,5
17347,342,1073,1
17348,250,69,5
17349,225,245,2
17350,244,52,4
17351,5,259,1
17352,133,304,3
17353,374,257,3
17354,372,12,4
17355,436,454,4
17356,194,941,2
17357,385,526,3
17358,396,106,4
17359,394,121,4
17360,195,271,4
17361,48,181,5
17362,63,225,2
17363,429,1113,3
17364,429,944,3
17365,329,12,4
17366,422,1017,4
17367,125,384,3
17368,412,4,3
17369,326,479,5
17370,242,1357,5
17371,312,156,3
17372,276,576,3
17373,293,206,4
17374,244,685,2
17375,351,750,5
17376,330,1044,5
17377,418,304,4
17378,392,1142,5
17379,257,405,3
17380,89,212,3
17381,387,444,4
17382,22,153,5
17383,416,819,3
17384,361,197,5
17385,242,237,4
17386,76,98,5
17387,193,210,4
17388,137,266,5
17389,10,56,5
17390,406,79,3
17391,7,604,3
17392,429,635,3
17393,417,725,4
17394,64,175,5
17395,430,527,4
17396,184,67,3
17397,342,179,5
17398,95,1018,3
17399,386,7,3
17400,221,24,5
17401,268,101,2
17402,109,215,3
17403,15,459,5
17404,425,825,2
17405,387,189,5
17406,268,1002,1
17407,224,1045,2
17408,125,94,5
17409,393,396,1
17410,330,588,5
17411,432,50,5
17412,230,140,3
17413,399,763,2
17414,417,195,5
17415,280,629,4
17416,233,923,4
17417,115,952,5
17418,282,879,2
17419,279,1312,3
17420,263,661,5
17421,442,54,3
17422,276,1220,4
17423,119,310,5
17424,73,318,4
17425,2,19,3
17426,97,192,1
17427,447,1034,2
17428,445,410,1
17429,268,238,3
17430,270,282,3
17431,227,25,4
17432,69,147,3
17433,411,196,4
17434,64,403,4
17435,421,915,4
17436,102,502,3
17437,153,510,3
17438,188,164,4
17439,87,161,5
17440,243,16,3
17441,320,895,4
17442,363,37,2
17443,197,550,3
17444,406,435,5
17445,110,11,4
17446,396,930,3
17447,438,1028,2
17448,13,783,3
17449,314,1032,4
17450,373,196,5
17451,43,271,3
17452,158,435,5
17453,357,713,5
17454,334,70,3
17455,151,702,3
17456,422,273,5
17457,313,604,4
17458,5,457,1
17459,373,651,4
17460,311,642,4
17461,429,693,4
17462,85,622,3
17463,277,93,4
17464,363,761,3
17465,313,155,2
17466,294,343,4
17467,20,568,4
17468,378,286,5
17469,216,200,5
17470,207,875,2
17471,328,690,3
17472,10,603,5
17473,281,682,3
17474,90,180,4
17475,311,41,3
17476,393,659,4
17477,11,726,3
17478,385,171,3
17479,387,48,4
17480,429,318,5
17481,339,159,3
17482,274,118,4
17483,334,708,4
17484,409,479,5
17485,268,122,2
17486,326,386,5
17487,178,16,4
17488,306,25,3
17489,395,365,5
17490,348,476,4
17491,269,194,5
17492,405,1029,1
17493,18,152,3
17494,279,434,4
17495,269,143,3
17496,271,430,5
17497,213,841,4
17498,294,1161,3
17499,276,423,5
17500,151,51,4
17501,343,194,5
17502,56,1092,3
17503,90,483,5
17504,406,209,1
17505,158,530,4
17506,181,1375,1
17507,381,100,4
17508,346,241,4
17509,275,627,3
17510,144,165,4
17511,380,181,3
17512,387,136,3
17513,256,685,5
17514,393,123,4
17515,92,248,4
17516,256,775,5
17517,422,926,2
17518,326,671,3
17519,271,265,5
17520,378,50,4
17521,308,966,3
17522,437,1262,3
17523,328,569,4
17524,207,100,2
17525,301,2,2
17526,435,746,4
17527,222,568,5
17528,56,169,4
17529,320,685,4
17530,334,1404,4
17531,442,98,4
17532,21,816,1
17533,7,496,5
17534,218,4,3
17535,393,394,5
17536,207,205,4
17537,279,638,4
17538,254,443,3
17539,178,696,4
17540,399,568,2
17541,25,432,2
17542,374,552,4
17543,200,1139,3
17544,160,7,3
17545,233,499,3
17546,387,441,1
17547,64,539,1
17548,186,226,5
17549,189,234,5
17550,296,309,1
17551,64,62,2
17552,435,115,4
17553,405,1248,1
17554,391,204,3
17555,425,38,3
17556,189,176,4
17557,379,196,4
17558,421,194,4
17559,86,288,3
17560,106,196,5
17561,297,201,4
17562,194,427,4
17563,449,971,4
17564,435,652,4
17565,74,324,3
17566,377,219,3
17567,57,456,3
17568,26,150,3
17569,90,83,5
17570,393,67,3
17571,393,756,4
17572,26,127,5
17573,354,483,4
17574,405,371,1
17575,447,121,5
17576,385,218,2
17577,435,141,2
17578,393,241,4
17579,301,194,4
17580,359,313,5
17581,296,268,4
17582,299,86,4
17583,328,579,3
17584,366,573,5
17585,59,274,1
17586,313,471,4
17587,292,408,4
17588,94,55,4
17589,429,1039,5
17590,250,688,2
17591,70,206,3
17592,203,304,3
17593,270,1471,4
17594,405,593,1
17595,346,265,4
17596,334,566,3
17597,363,809,4
17598,166,748,2
17599,249,28,4
17600,181,13,2
17601,292,125,2
17602,133,294,3
17603,329,483,4
17604,296,134,5
17605,328,199,4
17606,263,237,2
17607,135,265,3
17608,391,497,3
17609,42,118,4
17610,299,1132,1
17611,435,1028,2
17612,102,96,3
17613,22,154,4
17614,279,1501,1
17615,176,236,4
17616,109,295,4
17617,11,40,3
17618,325,197,4
17619,320,405,4
17620,348,100,4
17621,234,403,1
17622,21,291,3
17623,62,3,3
17624,381,77,2
17625,313,1050,4
17626,449,381,4
17627,389,1052,2
17628,328,164,3
17629,201,62,1
17630,158,516,5
17631,160,230,2
17632,92,845,3
17633,303,541,3
17634,321,607,4
17635,234,654,5
17636,81,98,5
17637,320,22,5
17638,246,55,4
17639,207,153,5
17640,202,286,1
17641,104,346,3
17642,233,423,4
17643,407,117,3
17644,408,748,5
17645,397,261,1
17646,28,665,3
17647,395,121,3
17648,136,515,5
17649,201,174,3
17650,82,405,3
17651,144,297,4
17652,305,175,4
17653,405,1435,1
17654,89,517,5
17655,394,508,4
17656,450,470,5
17657,256,1210,5
17658,99,748,4
17659,405,795,2
17660,346,967,2
17661,20,144,2
17662,38,550,2
17663,383,9,5
17664,262,393,2
17665,343,405,4
17666,308,618,4
17667,210,88,4
17668,264,175,5
17669,64,70,5
17670,293,53,3
17671,123,132,3
17672,1,100,5
17673,216,364,2
17674,312,611,5
17675,300,100,3
17676,417,32,2
17677,215,434,5
17678,13,349,1
17679,327,425,3
17680,450,783,3
17681,16,482,5
17682,25,633,4
17683,40,750,3
17684,254,258,4
17685,130,627,5
17686,338,516,5
17687,429,427,5
17688,437,173,4
17689,327,96,2
17690,279,721,5
17691,421,200,3
17692,177,470,5
17693,271,471,3
17694,91,515,5
17695,194,479,3
17696,265,300,5
17697,191,272,4
17698,21,258,4
17699,47,268,4
17700,85,451,4
17701,292,127,5
17702,435,217,4
17703,406,443,4
17704,354,1241,4
17705,115,9,5
17706,405,673,5
17707,312,183,5
17708,379,686,4
17709,267,67,3
17710,59,203,4
17711,194,660,3
17712,447,218,4
17713,378,896,4
17714,151,707,4
17715,416,479,5
17716,143,325,5
17717,429,109,3
17718,445,823,1
17719,69,508,4
17720,429,197,4
17721,276,977,2
17722,293,328,2
17723,347,73,2
17724,342,950,2
17725,303,755,2
17726,43,173,5
17727,389,29,2
17728,144,221,3
17729,85,479,4
17730,92,22,3
17731,158,117,3
17732,181,1395,1
17733,320,771,3
17734,125,208,3
17735,380,135,3
17736,321,100,4
17737,347,410,5
17738,357,237,5
17739,313,659,4
17740,114,482,4
17741,387,133,2
17742,327,423,3
17743,230,485,5
17744,42,72,3
17745,301,871,4
17746,181,952,1
17747,144,597,4
17748,406,99,5
17749,437,755,3
17750,420,283,5
17751,85,286,4
17752,90,652,4
17753,267,54,3
17754,342,122,4
17755,263,614,3
17756,49,1070,3
17757,198,33,3
17758,385,181,1
17759,276,774,2
17760,385,286,3
17761,47,323,2
17762,305,405,3
17763,141,322,4
17764,450,1147,4
17765,246,790,3
17766,50,325,1
17767,172,483,3
17768,412,135,4
17769,158,502,4
17770,72,230,1
17771,21,979,2
17772,341,288,4
17773,160,544,4
17774,157,147,5
17775,401,342,1
17776,181,879,2
17777,390,331,2
17778,373,494,4
17779,398,234,4
17780,145,477,2
17781,343,121,2
17782,64,214,3
17783,299,70,3
17784,234,208,4
17785,435,234,4
17786,405,1167,1
17787,336,153,5
17788,382,1142,3
17789,142,358,2
17790,363,218,2
17791,235,211,5
17792,405,396,1
17793,363,81,4
17794,60,606,4
17795,43,471,3
17796,437,86,4
17797,297,1014,3
17798,399,772,4
17799,311,576,3
17800,330,286,5
17801,305,201,3
17802,57,932,3
17803,208,208,4
17804,42,479,4
17805,320,276,2
17806,234,428,4
17807,214,187,4
17808,416,399,4
17809,85,237,3
17810,313,526,4
17811,387,561,3
17812,201,1008,3
17813,189,1117,5
17814,50,508,5
17815,303,1303,3
17816,59,564,2
17817,42,216,5
17818,423,258,5
17819,202,604,5
17820,42,1049,3
17821,178,196,4
17822,437,665,2
17823,437,239,4
17824,342,143,5
17825,245,50,4
17826,234,963,3
17827,407,200,4
17828,56,554,4
17829,6,506,4
17830,196,428,4
17831,263,163,5
17832,354,134,4
17833,95,591,5
17834,311,322,4
17835,326,98,5
17836,292,705,4
17837,318,138,4
17838,429,1136,4
17839,140,880,4
17840,134,751,5
17841,311,71,4
17842,342,13,3
17843,231,476,3
17844,326,969,4
17845,376,98,5
17846,346,405,3
17847,78,298,3
17848,311,420,1
17849,221,476,2
17850,356,892,1
17851,385,180,4
17852,26,294,3
17853,373,658,4
17854,417,226,3
17855,293,804,1
17856,417,636,3
17857,13,333,3
17858,435,386,4
17859,130,143,5
17860,374,405,4
17861,132,154,4
17862,332,95,5
17863,1,226,3
17864,70,191,3
17865,151,163,4
17866,345,325,1
17867,348,1120,3
17868,181,288,4
17869,276,409,3
17870,325,180,4
17871,239,954,5
17872,200,56,4
17873,325,525,5
17874,234,427,4
17875,151,356,2
17876,435,1217,3
17877,29,874,4
17878,393,1215,3
17879,416,1407,2
17880,94,17,2
17881,432,411,3
17882,405,1421,1
17883,56,728,3
17884,90,421,4
17885,95,229,3
17886,250,56,4
17887,42,95,5
17888,398,162,5
17889,193,56,1
17890,38,133,2
17891,331,11,2
17892,293,226,1
17893,29,302,4
17894,95,79,4
17895,194,568,2
17896,293,1042,3
17897,102,636,3
17898,405,1178,1
17899,174,768,1
17900,58,1103,5
17901,222,218,5
17902,426,614,4
17903,327,411,3
17904,186,300,5
17905,339,182,5
17906,21,148,1
17907,271,221,3
17908,445,628,1
17909,332,265,4
17910,72,51,4
17911,363,96,5
17912,6,269,4
17913,262,365,4
17914,22,194,5
17915,359,1,4
17916,446,332,3
17917,327,634,5
17918,59,209,5
17919,269,716,4
17920,58,311,4
17921,5,410,1
17922,213,238,5
17923,345,311,5
17924,303,765,3
17925,6,87,4
17926,405,1557,1
17927,103,69,3
17928,263,195,5
17929,118,421,4
17930,279,1247,2
17931,201,71,3
17932,174,216,5
17933,327,219,4
17934,145,195,5
17935,356,333,5
17936,31,79,2
17937,217,391,4
17938,234,1126,4
17939,314,1178,2
17940,85,418,3
17941,308,191,4
17942,130,385,5
17943,256,237,4
17944,417,563,2
17945,126,751,4
17946,301,631,1
17947,425,323,2
17948,81,756,1
17949,445,919,1
17950,151,1113,4
17951,342,1300,1
17952,399,389,3
17953,375,300,4
17954,181,284,2
17955,201,559,2
17956,128,284,3
17957,379,530,5
17958,435,252,2
17959,405,579,1
17960,437,197,5
17961,417,47,3
17962,276,8,4
17963,450,100,4
17964,114,100,5
17965,308,484,3
17966,45,1060,3
17967,193,147,2
17968,235,652,4
17969,293,710,3
17970,388,117,5
17971,10,127,5
17972,260,313,5
17973,198,154,4
17974,5,369,1
17975,449,291,2
17976,183,54,2
17977,268,55,4
17978,262,200,3
17979,293,1017,3
17980,95,1090,1
17981,161,187,3
17982,405,386,3
17983,18,432,4
17984,232,493,4
17985,246,3,2
17986,342,1009,1
17987,181,984,1
17988,1,243,1
17989,429,967,4
17990,106,684,4
17991,161,508,2
17992,374,150,4
17993,280,476,5
17994,102,930,2
17995,181,1333,1
17996,256,473,5
17997,224,962,2
17998,157,1258,5
17999,47,306,4
18000,144,531,5
18001,22,195,4
18002,222,127,5
18003,396,328,4
18004,59,101,5
18005,327,265,2
18006,156,11,2
18007,65,7,1
18008,320,161,4
18009,13,874,5
18010,59,33,3
18011,194,482,3
18012,263,528,4
18013,114,640,2
18014,130,717,3
18015,144,707,3
18016,119,40,4
18017,342,762,2
18018,436,133,3
18019,290,210,5
18020,417,29,2
18021,234,1078,2
18022,217,121,1
18023,439,125,3
18024,404,313,5
18025,94,541,3
18026,62,514,3
18027,44,412,1
18028,178,214,1
18029,62,216,4
18030,13,821,3
18031,223,300,3
18032,417,544,3
18033,181,873,1
18034,270,176,4
18035,425,475,5
18036,221,3,4
18037,59,427,5
18038,109,162,2
18039,82,8,4
18040,224,162,4
18041,150,410,4
18042,178,258,4
18043,109,546,3
18044,291,384,4
18045,291,24,5
18046,222,373,3
18047,10,133,5
18048,269,998,5
18049,108,14,5
18050,378,449,3
18051,405,510,1
18052,90,904,3
18053,89,268,5
18054,159,310,5
18055,450,58,3
18056,429,744,4
18057,315,31,3
18058,100,313,5
18059,393,55,4
18060,197,313,4
18061,314,795,4
18062,387,202,3
18063,85,420,4
18064,13,682,1
18065,290,588,4
18066,244,1209,3
18067,18,923,5
18068,130,44,4
18069,405,467,4
18070,330,22,5
18071,450,142,5
18072,315,194,4
18073,6,318,4
18074,178,597,4
18075,407,493,3
18076,325,286,4
18077,41,209,4
18078,181,308,1
18079,214,346,3
18080,342,134,4
18081,339,258,3
18082,405,765,1
18083,431,748,4
18084,379,2,3
18085,430,656,4
18086,63,126,3
18087,271,70,5
18088,406,40,3
18089,329,288,2
18090,425,172,5
18091,276,697,2
18092,295,1039,4
18093,57,321,4
18094,350,286,5
18095,413,628,4
18096,95,43,2
18097,24,9,5
18098,395,892,3
18099,150,278,2
18100,428,332,4
18101,393,27,4
18102,450,801,4
18103,115,431,4
18104,326,530,5
18105,270,237,1
18106,391,286,4
18107,442,554,2
18108,326,1231,3
18109,161,191,2
18110,19,258,4
18111,64,385,4
18112,15,411,2
18113,326,527,5
18114,249,168,4
18115,13,449,4
18116,445,204,3
18117,445,1591,4
18118,165,91,4
18119,367,452,4
18120,342,772,1
18121,328,639,2
18122,115,50,5
18123,299,276,4
18124,450,216,5
18125,326,197,1
18126,158,186,3
18127,354,651,3
18128,271,882,3
18129,327,13,2
18130,450,785,3
18131,401,100,4
18132,158,239,3
18133,426,211,4
18134,450,162,5
18135,405,1562,1
18136,293,649,4
18137,268,194,4
18138,334,476,3
18139,239,663,5
18140,418,269,5
18141,226,258,5
18142,384,343,3
18143,447,70,3
18144,405,768,3
18145,103,234,3
18146,389,136,4
18147,395,255,3
18148,450,144,5
18149,193,307,4
18150,313,586,2
18151,216,168,4
18152,303,248,2
18153,268,40,3
18154,308,154,4
18155,269,741,5
18156,181,337,1
18157,406,410,4
18158,145,301,4
18159,392,166,5
18160,416,975,2
18161,56,7,5
18162,365,742,3
18163,34,329,5
18164,311,1035,4
18165,21,396,2
18166,18,514,5
18167,389,756,2
18168,82,294,4
18169,363,741,3
18170,293,426,1
18171,122,382,3
18172,407,222,4
18173,145,258,4
18174,206,690,2
18175,151,461,4
18176,87,1184,3
18177,450,462,4
18178,60,417,4
18179,425,83,2
18180,87,702,3
18181,82,289,1
18182,117,25,4
18183,342,508,3
18184,144,750,4
18185,276,562,3
18186,382,137,2
18187,349,1117,3
18188,62,462,2
18189,363,792,4
18190,43,285,4
18191,299,954,3
18192,431,538,4
18193,339,1244,4
18194,367,219,4
18195,268,198,4
18196,183,257,2
18197,425,250,4
18198,198,218,3
18199,299,52,4
18200,243,83,4
18201,192,277,3
18202,64,230,5
18203,278,294,4
18204,291,729,4
18205,387,294,2
18206,445,408,3
18207,13,828,1
18208,379,199,4
18209,425,313,1
18210,163,347,4
18211,297,326,2
18212,186,299,3
18213,425,56,5
18214,363,215,3
18215,6,276,2
18216,85,216,3
18217,15,744,4
18218,429,1296,2
18219,407,238,5
18220,385,29,1
18221,354,197,4
18222,249,83,5
18223,405,1175,1
18224,280,431,4
18225,409,965,2
18226,402,235,3
18227,373,82,1
18228,204,304,3
18229,363,461,3
18230,184,9,5
18231,13,787,3
18232,174,56,5
18233,119,741,4
18234,18,487,4
18235,432,274,3
18236,207,628,3
18237,307,195,3
18238,280,153,5
18239,294,825,3
18240,114,210,3
18241,59,582,4
18242,416,405,5
18243,303,158,3
18244,167,568,3
18245,449,137,5
18246,245,240,1
18247,286,824,1
18248,286,421,1
18249,155,292,3
18250,450,384,3
18251,416,842,4
18252,86,289,3
18253,13,450,3
18254,135,943,3
18255,301,222,4
18256,234,588,3
18257,102,79,2
18258,416,568,4
18259,280,977,3
18260,294,358,2
18261,59,764,4
18262,201,413,3
18263,374,1,4
18264,43,409,3
18265,450,739,4
18266,10,98,4
18267,200,125,5
18268,152,483,5
18269,11,94,3
18270,318,708,4
18271,18,234,3
18272,267,168,4
18273,158,410,3
18274,297,435,3
18275,13,839,1
18276,105,752,3
18277,330,174,5
18278,280,274,5
18279,185,515,4
18280,64,154,4
18281,267,172,5
18282,395,924,4
18283,263,168,5
18284,256,476,4
18285,311,1479,3
18286,60,77,4
18287,345,71,3
18288,128,282,3
18289,286,275,4
18290,344,472,3
18291,184,515,5
18292,7,480,4
18293,151,432,5
18294,42,230,5
18295,429,423,4
18296,123,482,4
18297,422,276,5
18298,305,246,3
18299,451,289,1
18300,21,741,3
18301,109,58,4
18302,92,28,3
18303,6,534,4
18304,1,154,5
18305,352,568,5
18306,138,318,5
18307,393,38,4
18308,7,307,5
18309,214,246,2
18310,230,228,2
18311,450,1269,4
18312,262,111,4
18313,1,214,4
18314,43,628,3
18315,204,1281,2
18316,5,435,4
18317,11,730,3
18318,194,692,2
18319,437,640,1
18320,184,143,3
18321,409,187,3
18322,385,922,4
18323,223,1197,3
18324,181,261,1
18325,322,272,4
18326,419,173,5
18327,224,196,4
18328,44,229,3
18329,291,244,2
18330,95,328,5
18331,378,241,4
18332,70,511,5
18333,271,516,4
18334,221,258,1
18335,299,543,5
18336,417,207,4
18337,379,1206,2
18338,351,754,5
18339,42,410,3
18340,312,4,3
18341,303,358,2
18342,244,301,2
18343,311,751,3
18344,252,7,4
18345,242,306,5
18346,442,14,1
18347,214,269,3
18348,343,961,4
18349,83,471,3
18350,295,435,5
18351,219,568,1
18352,95,241,3
18353,325,47,3
18354,435,4,4
18355,22,411,1
18356,46,909,5
18357,323,1050,5
18358,59,204,5
18359,406,1010,4
18360,224,727,4
18361,106,699,4
18362,200,755,5
18363,376,274,3
18364,380,1,4
18365,74,124,3
18366,74,333,4
18367,452,25,2
18368,313,946,3
18369,339,192,5
18370,382,9,4
18371,234,284,3
18372,222,591,4
18373,387,210,4
18374,313,550,4
18375,229,312,3
18376,113,678,2
18377,305,423,4
18378,442,39,3
18379,90,143,5
18380,234,194,5
18381,256,724,4
18382,94,768,3
18383,144,1285,3
18384,236,195,2
18385,3,264,2
18386,417,11,5
18387,93,477,5
18388,411,168,5
18389,405,1180,1
18390,425,429,4
18391,375,218,3
18392,429,133,3
18393,405,511,2
18394,214,509,4
18395,207,265,3
18396,389,1074,2
18397,271,117,3
18398,215,357,4
18399,18,705,3
18400,344,896,4
18401,433,173,4
18402,450,179,5
18403,27,295,3
18404,437,584,3
18405,327,589,3
18406,314,327,4
18407,119,977,3
18408,231,924,5
18409,450,38,4
18410,429,321,3
18411,95,191,5
18412,258,748,5
18413,279,1007,4
18414,338,212,4
18415,406,188,4
18416,177,294,4
18417,235,1119,3
18418,114,96,3
18419,181,268,1
18420,399,1220,2
18421,222,833,2
18422,269,216,1
18423,301,252,3
18424,370,257,5
18425,417,541,2
18426,442,229,3
18427,116,137,2
18428,42,413,1
18429,311,785,3
18430,46,538,3
18431,361,156,4
18432,59,513,4
18433,276,569,4
18434,148,713,3
18435,28,70,4
18436,325,234,3
18437,62,229,3
18438,178,241,5
18439,409,684,4
18440,280,73,3
18441,38,424,3
18442,339,603,5
18443,319,880,4
18444,359,405,3
18445,406,50,5
18446,405,1004,1
18447,23,710,4
18448,184,423,4
18449,114,186,3
18450,62,270,2
18451,416,92,3
18452,416,833,3
18453,90,318,5
18454,437,418,3
18455,406,826,3
18456,379,448,4
18457,340,71,5
18458,417,98,5
18459,174,272,5
18460,62,228,3
18461,447,69,4
18462,13,596,3
18463,85,163,3
18464,158,184,3
18465,59,183,5
18466,317,268,3
18467,399,42,2
18468,207,986,3
18469,279,1011,3
18470,442,452,3
18471,115,178,5
18472,236,443,4
18473,90,202,3
18474,347,827,1
18475,305,98,4
18476,449,286,4
18477,141,300,5
18478,97,32,5
18479,407,1028,3
18480,90,879,3
18481,102,444,1
18482,174,1139,2
18483,198,183,5
18484,126,260,1
18485,230,926,3
18486,141,106,5
18487,416,941,3
18488,342,23,5
18489,207,154,2
18490,194,192,5
18491,371,98,5
18492,303,820,3
18493,423,1134,4
18494,389,159,2
18495,332,127,5
18496,38,88,5
18497,297,137,5
18498,409,491,2
18499,328,470,4
18500,122,46,5
18501,201,39,1
18502,387,52,5
18503,60,529,4
18504,10,1,4
18505,254,211,3
18506,381,30,4
18507,217,1228,2
18508,322,591,3
18509,221,461,4
18510,367,258,4
18511,429,710,4
18512,28,436,5
18513,388,310,5
18514,110,748,3
18515,331,947,5
18516,87,118,4
18517,435,675,3
18518,297,687,2
18519,85,215,4
18520,207,1147,4
18521,280,135,4
18522,330,66,5
18523,93,815,4
18524,429,273,4
18525,108,137,5
18526,416,41,3
18527,280,132,4
18528,7,176,3
18529,301,199,4
18530,361,934,3
18531,119,845,4
18532,393,747,4
18533,392,1160,2
18534,407,478,4
18535,308,74,4
18536,375,77,4
18537,452,523,2
18538,58,408,5
18539,394,217,5
18540,13,604,5
18541,379,239,4
18542,318,229,1
18543,62,168,5
18544,410,286,4
18545,291,181,5
18546,330,419,5
18547,254,132,4
18548,387,2,4
18549,429,1425,3
18550,413,260,1
18551,425,759,2
18552,234,927,4
18553,234,673,4
18554,333,315,5
18555,82,199,4
18556,416,51,5
18557,13,589,3
18558,244,145,3
18559,345,846,4
18560,379,83,4
18561,454,493,2
18562,5,214,3
18563,325,526,3
18564,194,1093,3
18565,366,7,2
18566,13,481,3
18567,409,381,2
18568,290,449,1
18569,161,276,5
18570,338,132,2
18571,291,92,4
18572,416,506,5
18573,305,856,5
18574,416,284,4
18575,270,740,5
18576,453,1032,1
18577,130,268,4
18578,451,269,2
18579,167,204,4
18580,389,275,5
18581,311,44,3
18582,168,619,3
18583,253,89,4
18584,16,357,5
18585,264,654,5
18586,10,652,3
18587,454,1063,4
18588,414,100,5
18589,225,22,5
18590,389,71,4
18591,158,148,4
18592,95,286,5
18593,435,628,5
18594,7,418,4
18595,125,283,5
18596,100,292,2
18597,85,984,2
18598,413,301,3
18599,246,232,3
18600,347,475,4
18601,409,937,2
18602,323,243,1
18603,6,524,3
18604,414,264,3
18605,207,866,3
18606,207,978,3
18607,13,477,4
18608,453,421,4
18609,429,144,4
18610,429,499,4
18611,134,15,5
18612,239,207,5
18613,118,134,5
18614,216,9,4
18615,385,794,2
18616,128,763,4
18617,208,367,2
18618,295,115,5
18619,276,578,4
18620,249,249,4
18621,299,59,5
18622,59,732,3
18623,151,189,5
18624,378,405,3
18625,398,1450,5
18626,97,661,5
18627,323,875,3
18628,450,659,5
18629,380,474,4
18630,189,127,4
18631,117,257,5
18632,198,381,3
18633,435,273,5
18634,409,654,3
18635,128,614,3
18636,14,716,5
18637,95,716,3
18638,409,154,5
18639,450,252,3
18640,338,170,5
18641,201,655,4
18642,382,481,5
18643,174,138,1
18644,85,317,3
18645,82,481,5
18646,295,290,4
18647,407,161,2
18648,222,159,3
18649,194,780,2
18650,271,423,4
18651,3,349,3
18652,417,425,4
18653,75,742,1
18654,94,696,4
18655,320,1,3
18656,14,283,4
18657,450,1160,5
18658,314,1165,2
18659,268,800,1
18660,229,340,4
18661,197,259,1
18662,268,38,1
18663,42,77,5
18664,130,41,3
18665,412,173,5
18666,222,281,3
18667,248,405,4
18668,264,179,5
18669,435,760,1
18670,307,214,5
18671,118,217,3
18672,355,307,4
18673,445,123,1
18674,394,559,4
18675,83,35,1
18676,406,942,4
18677,373,1079,4
18678,429,455,3
18679,200,420,5
18680,405,530,1
18681,20,98,3
18682,24,358,3
18683,301,737,2
18684,366,56,5
18685,198,559,3
18686,16,629,4
18687,268,233,3
18688,432,546,3
18689,407,68,4
18690,41,181,4
18691,269,396,4
18692,246,930,2
18693,429,162,4
18694,405,652,1
18695,1,161,4
18696,56,164,4
18697,392,129,4
18698,181,472,1
18699,7,541,2
18700,214,324,5
18701,154,708,4
18702,327,313,4
18703,293,1226,3
18704,45,108,4
18705,178,458,3
18706,303,452,2
18707,119,717,3
18708,361,513,5
18709,298,596,3
18710,70,69,4
18711,151,420,5
18712,292,135,4
18713,416,71,4
18714,451,323,4
18715,393,725,2
18716,450,566,4
18717,197,665,4
18718,181,985,1
18719,378,921,4
18720,185,447,4
18721,130,230,3
18722,374,1042,5
18723,347,959,5
18724,237,185,4
18725,82,240,1
18726,387,69,3
18727,22,168,5
18728,145,933,1
18729,104,713,3
18730,267,294,3
18731,222,261,1
18732,262,923,4
18733,43,215,5
18734,275,451,3
18735,303,152,4
18736,144,160,2
18737,391,238,5
18738,452,1109,2
18739,330,77,4
18740,197,323,3
18741,409,181,4
18742,442,559,2
18743,210,179,3
18744,453,125,3
18745,184,517,4
18746,381,135,5
18747,447,823,3
18748,454,182,3
18749,16,195,5
18750,447,544,4
18751,233,56,5
18752,345,312,3
18753,405,1550,3
18754,301,831,4
18755,451,882,1
18756,5,364,1
18757,325,100,4
18758,345,972,4
18759,454,418,3
18760,328,474,4
18761,234,472,2
18762,450,496,5
18763,407,82,3
18764,374,230,5
18765,158,204,4
18766,286,949,4
18767,243,778,4
18768,305,527,5
18769,38,234,5
18770,393,100,1
18771,82,1164,2
18772,13,516,5
18773,325,507,3
18774,387,83,4
18775,286,423,4
18776,276,803,2
18777,312,968,5
18778,417,1039,3
18779,145,1002,1
18780,87,201,2
18781,332,120,4
18782,161,135,2
18783,450,679,1
18784,341,887,5
18785,56,77,3
18786,343,921,4
18787,365,948,1
18788,325,99,5
18789,168,742,5
18790,64,232,2
18791,185,275,4
18792,293,653,5
18793,216,652,4
18794,293,637,3
18795,269,176,2
18796,1,62,3
18797,275,946,3
18798,393,840,4
18799,337,1016,4
18800,253,79,5
18801,198,174,5
18802,450,387,5
18803,234,848,3
18804,174,347,4
18805,96,1154,5
18806,279,616,3
18807,156,48,4
18808,437,1113,4
18809,394,552,3
18810,295,395,4
18811,327,226,3
18812,318,517,3
18813,393,148,4
18814,332,53,3
18815,393,41,4
18816,44,147,4
18817,405,522,1
18818,154,527,4
18819,312,179,5
18820,26,13,3
18821,85,511,4
18822,234,1459,3
18823,436,658,5
18824,125,568,5
18825,429,219,4
18826,389,4,4
18827,453,98,4
18828,271,272,3
18829,234,751,2
18830,238,258,3
18831,371,79,5
18832,303,759,1
18833,263,188,5
18834,416,117,5
18835,354,52,5
18836,22,204,5
18837,198,1094,1
18838,452,152,2
18839,344,251,5
18840,435,160,5
18841,455,135,5
18842,195,55,4
18843,233,515,5
18844,174,597,3
18845,450,908,1
18846,65,429,4
18847,198,501,4
18848,417,628,3
18849,360,269,4
18850,261,1237,3
18851,416,1092,3
18852,347,25,2
18853,196,1118,4
18854,39,300,3
18855,405,1424,1
18856,438,15,4
18857,444,50,5
18858,49,100,4
18859,277,274,4
18860,125,88,5
18861,344,486,4
18862,334,628,4
18863,90,45,3
18864,280,655,3
18865,89,952,2
18866,346,186,3
18867,195,132,5
18868,399,274,3
18869,160,218,4
18870,193,260,1
18871,344,255,4
18872,17,744,3
18873,311,265,5
18874,160,603,4
18875,175,132,3
18876,413,7,3
18877,43,56,5
18878,396,986,4
18879,120,148,3
18880,379,4,5
18881,190,895,3
18882,99,978,3
18883,429,467,4
18884,193,352,1
18885,269,498,4
18886,435,188,4
18887,174,122,1
18888,13,109,4
18889,13,431,1
18890,116,730,4
18891,445,12,2
18892,314,781,3
18893,318,697,5
18894,58,13,3
18895,354,136,5
18896,158,235,1
18897,87,628,4
18898,294,749,3
18899,26,742,3
18900,378,12,5
18901,334,135,4
18902,279,40,4
18903,366,184,4
18904,406,1267,3
18905,255,441,2
18906,450,265,5
18907,232,919,3
18908,246,176,4
18909,361,435,5
18910,412,634,5
18911,449,1009,4
18912,450,1226,4
18913,64,311,2
18914,216,928,3
18915,265,591,5
18916,30,7,4
18917,429,410,4
18918,64,4,3
18919,403,258,4
18920,445,763,2
18921,269,597,1
18922,417,614,3
18923,301,179,3
18924,234,651,4
18925,104,331,3
18926,406,732,4
18927,206,309,2
18928,167,235,3
18929,70,625,3
18930,4,354,5
18931,330,161,4
18932,95,443,3
18933,181,841,1
18934,417,127,4
18935,454,633,2
18936,389,699,5
18937,158,154,4
18938,405,217,1
18939,157,268,5
18940,102,363,2
18941,327,1131,4
18942,379,23,4
18943,276,876,3
18944,200,140,4
18945,454,181,3
18946,308,226,3
18947,79,1017,3
18948,99,406,3
18949,292,190,5
18950,160,1,4
18951,296,652,4
18952,89,815,4
18953,299,175,5
18954,92,1012,4
18955,361,654,4
18956,303,1187,4
18957,416,959,5
18958,227,1017,4
18959,64,52,3
18960,435,554,3
18961,296,89,5
18962,303,229,3
18963,228,272,5
18964,319,333,4
18965,94,161,3
18966,321,14,3
18967,448,1294,1
18968,452,495,4
18969,267,80,4
18970,92,802,2
18971,337,121,5
18972,102,720,2
18973,279,273,2
18974,450,183,4
18975,310,222,3
18976,154,479,4
18977,83,405,5
18978,43,732,4
18979,268,97,4
18980,92,410,3
18981,43,77,3
18982,407,476,2
18983,234,1456,4
18984,164,237,2
18985,330,527,3
18986,373,709,5
18987,271,644,3
18988,130,295,3
18989,193,928,2
18990,160,50,4
18991,439,14,5
18992,307,186,5
18993,432,1047,5
18994,416,332,4
18995,145,739,2
18996,429,1224,2
18997,75,411,5
18998,405,88,3
18999,445,1245,1
19000,363,91,4
19001,436,433,5
19002,393,831,1
19003,173,879,5
19004,382,639,3
19005,336,1098,3
19006,416,64,5
19007,26,1008,3
19008,380,483,4
19009,436,1206,3
19010,303,809,2
19011,246,743,1
19012,73,518,5
19013,389,1518,2
19014,48,71,3
19015,334,319,3
19016,406,164,5
19017,267,228,5
19018,18,527,4
19019,314,739,5
19020,385,942,2
19021,246,265,4
19022,130,1273,2
19023,330,95,5
19024,5,209,5
19025,297,70,5
19026,87,120,2
19027,178,895,3
19028,332,684,5
19029,321,730,3
19030,437,451,5
19031,320,62,4
19032,447,148,4
19033,401,70,4
19034,251,288,4
19035,110,1188,4
19036,314,409,4
19037,94,1147,4
19038,436,503,4
19039,347,241,3
19040,452,134,3
19041,396,1,4
19042,130,202,5
19043,423,269,3
19044,276,581,4
19045,222,222,4
19046,280,288,5
19047,244,566,4
19048,295,371,4
19049,423,15,4
19050,168,259,2
19051,205,328,3
19052,183,294,3
19053,167,949,1
19054,452,736,3
19055,193,327,1
19056,349,288,3
19057,391,748,3
19058,398,58,4
19059,140,872,3
19060,440,886,5
19061,374,369,1
19062,320,38,4
19063,244,40,2
19064,308,686,4
19065,224,686,4
19066,397,327,2
19067,271,312,2
19068,11,51,4
19069,344,535,3
19070,109,1023,2
19071,199,989,1
19072,43,950,3
19073,181,147,1
19074,258,690,4
19075,450,1037,2
19076,60,478,3
19077,85,1131,4
19078,62,763,1
19079,362,294,3
19080,326,525,5
19081,176,270,4
19082,81,222,2
19083,95,560,1
19084,21,327,3
19085,416,174,5
19086,397,183,4
19087,129,288,1
19088,354,211,2
19089,409,203,5
19090,119,282,5
19091,224,1441,3
19092,301,743,2
19093,350,604,5
19094,325,133,3
19095,121,275,4
19096,396,977,3
19097,211,228,3
19098,52,742,4
19099,313,66,1
19100,448,360,4
19101,269,568,2
19102,326,603,4
19103,13,878,1
19104,286,91,4
19105,254,561,3
19106,392,8,5
19107,92,412,2
19108,392,511,5
19109,417,545,1
19110,401,65,4
19111,385,403,3
19112,214,185,5
19113,416,301,5
19114,87,4,5
19115,311,604,3
19116,210,127,5
19117,303,1210,1
19118,387,458,1
19119,354,740,4
19120,90,33,4
19121,144,942,4
19122,422,379,2
19123,26,926,2
19124,425,281,2
19125,130,68,5
19126,71,154,3
19127,407,746,4
19128,423,348,3
19129,374,717,3
19130,119,1261,4
19131,345,476,3
19132,43,879,4
19133,239,736,5
19134,145,431,5
19135,276,124,5
19136,68,125,1
19137,109,214,1
19138,347,127,5
19139,387,39,3
19140,125,1060,4
19141,393,54,4
19142,377,164,4
19143,265,934,3
19144,222,70,3
19145,258,289,2
19146,115,77,2
19147,405,318,5
19148,299,56,4
19149,405,670,1
19150,221,403,4
19151,211,69,3
19152,313,403,3
19153,398,65,3
19154,385,523,4
19155,299,170,5
19156,232,270,3
19157,130,721,3
19158,92,455,2
19159,326,48,3
19160,437,696,3
19161,395,64,5
19162,224,11,3
19163,200,393,4
19164,56,372,3
19165,354,584,5
19166,453,248,4
19167,27,325,2
19168,287,340,5
19169,115,269,3
19170,379,157,4
19171,334,449,3
19172,363,554,1
19173,106,956,3
19174,194,180,3
19175,72,38,3
19176,194,951,3
19177,181,278,2
19178,49,413,1
19179,357,977,5
19180,408,258,3
19181,92,209,5
19182,348,1061,5
19183,442,41,4
19184,194,64,5
19185,61,347,5
19186,48,228,3
19187,399,475,5
19188,58,89,3
19189,43,155,4
19190,455,629,3
19191,374,310,5
19192,115,22,3
19193,18,961,3
19194,409,87,3
19195,389,142,3
19196,11,191,4
19197,26,1009,2
19198,387,203,4
19199,236,69,5
19200,130,564,4
19201,244,739,3
19202,416,266,3
19203,193,194,4
19204,119,1160,5
19205,290,742,2
19206,307,82,4
19207,189,820,1
19208,391,127,5
19209,318,792,2
19210,342,815,4
19211,373,100,3
19212,326,86,2
19213,312,204,4
19214,314,88,5
19215,308,284,4
19216,269,1154,3
19217,374,168,1
19218,167,719,1
19219,81,147,4
19220,94,92,4
19221,82,513,4
19222,422,200,5
19223,303,268,5
19224,322,514,4
19225,213,100,5
19226,148,588,4
19227,270,181,4
19228,230,70,4
19229,85,95,4
19230,253,333,2
19231,251,252,3
19232,16,496,5
19233,373,559,3
19234,442,578,2
19235,5,391,4
19236,301,176,4
19237,344,295,3
19238,49,268,3
19239,255,234,5
19240,151,729,4
19241,23,50,4
19242,160,1073,4
19243,273,305,4
19244,7,653,4
19245,374,544,1
19246,58,120,2
19247,405,28,4
19248,271,485,4
19249,301,443,4
19250,394,228,5
19251,313,516,4
19252,262,1048,2
19253,326,615,4
19254,338,435,4
19255,160,1016,4
19256,299,607,4
19257,256,1090,2
19258,145,620,3
19259,391,507,4
19260,60,199,5
19261,328,7,4
19262,51,485,1
19263,62,14,4
19264,301,552,3
19265,91,97,5
19266,392,298,1
19267,184,742,3
19268,380,114,3
19269,222,120,2
19270,405,437,1
19271,389,151,4
19272,222,763,3
19273,14,285,5
19274,363,154,4
19275,298,99,3
19276,93,125,1
19277,380,465,4
19278,287,208,4
19279,301,120,2
19280,141,290,1
19281,335,288,4
19282,374,233,3
19283,222,403,3
19284,435,173,5
19285,274,471,4
19286,433,50,5
19287,297,118,3
19288,450,194,5
19289,377,1105,3
19290,293,924,2
19291,436,742,5
19292,22,871,3
19293,222,808,3
19294,37,948,4
19295,62,162,4
19296,389,1286,5
19297,448,262,4
19298,457,182,4
19299,235,79,4
19300,447,234,4
19301,454,161,4
19302,456,175,3
19303,6,100,5
19304,342,160,3
19305,397,117,3
19306,181,690,3
19307,334,408,4
19308,339,1,5
19309,425,259,1
19310,206,313,5
19311,379,82,4
19312,450,902,4
19313,417,762,3
19314,405,192,5
19315,96,96,4
19316,387,55,3
19317,62,921,2
19318,145,796,3
19319,258,272,5
19320,324,9,5
19321,339,196,4
19322,358,59,4
19323,125,50,5
19324,417,1047,4
19325,426,429,5
19326,287,748,4
19327,405,1586,1
19328,303,185,5
19329,25,275,4
19330,24,117,4
19331,60,1123,4
19332,416,734,3
19333,192,258,5
19334,406,647,5
19335,286,214,1
19336,283,194,4
19337,12,318,5
19338,414,294,2
19339,154,135,5
19340,91,357,5
19341,440,1038,5
19342,343,100,5
19343,267,727,4
19344,328,623,3
19345,433,325,2
19346,428,343,2
19347,60,443,4
19348,354,498,4
19349,343,188,4
19350,320,156,5
19351,410,748,2
19352,303,825,3
19353,64,125,2
19354,263,22,5
19355,174,476,4
19356,453,246,5
19357,125,801,3
19358,301,22,4
19359,416,246,4
19360,88,886,5
19361,451,294,5
19362,435,185,4
19363,287,250,3
19364,393,313,4
19365,184,164,3
19366,405,1318,1
19367,276,549,3
19368,420,302,4
19369,444,751,4
19370,417,23,3
19371,234,218,2
19372,394,117,5
19373,426,486,3
19374,34,286,5
19375,366,854,5
19376,114,179,5
19377,233,249,5
19378,354,479,4
19379,378,110,3
19380,92,925,3
19381,401,13,2
19382,148,993,4
19383,73,173,5
19384,55,257,3
19385,217,176,4
19386,94,810,3
19387,207,191,4
19388,123,143,5
19389,442,129,4
19390,99,472,3
19391,429,127,4
19392,76,327,3
19393,201,100,4
19394,436,226,4
19395,287,298,4
19396,157,508,5
19397,343,52,5
19398,437,652,4
19399,393,36,3
19400,206,340,3
19401,98,173,1
19402,425,210,3
19403,130,433,3
19404,450,1263,4
19405,85,250,3
19406,366,219,5
19407,379,270,3
19408,380,449,3
19409,397,657,5
19410,361,173,5
19411,347,721,5
19412,305,237,2
19413,181,986,2
19414,447,100,5
19415,398,152,4
19416,160,969,1
19417,214,340,3
19418,327,344,4
19419,293,747,2
19420,394,97,4
19421,449,282,3
19422,42,866,4
19423,264,671,4
19424,439,13,3
19425,222,215,4
19426,248,114,5
19427,82,1162,1
19428,388,326,5
19429,62,55,5
19430,390,328,4
19431,307,145,4
19432,55,273,5
19433,224,15,4
19434,15,815,1
19435,89,213,4
19436,250,96,2
19437,130,890,4
19438,374,651,4
19439,254,1133,3
19440,318,142,4
19441,186,596,4
19442,96,79,4
19443,311,451,3
19444,450,64,4
19445,452,435,3
19446,99,273,5
19447,308,492,3
19448,90,514,3
19449,65,216,4
19450,393,805,2
19451,450,1036,2
19452,367,379,4
19453,385,257,3
19454,150,458,4
19455,254,679,2
19456,330,73,5
19457,380,631,4
19458,274,164,5
19459,409,325,4
19460,238,298,5
19461,268,1065,4
19462,97,357,5
19463,221,76,4
19464,313,218,2
19465,10,144,4
19466,450,942,5
19467,109,380,5
19468,268,527,4
19469,354,131,3
19470,312,520,5
19471,145,238,4
19472,253,98,5
19473,354,692,2
19474,458,1101,4
19475,270,258,3
19476,429,1028,3
19477,381,133,5
19478,12,282,5
19479,13,678,3
19480,392,872,4
19481,52,475,4
19482,198,660,4
19483,262,736,3
19484,342,1163,3
19485,442,572,3
19486,314,111,4
19487,279,831,5
19488,288,318,4
19489,256,121,5
19490,401,473,1
19491,303,948,2
19492,280,1181,2
19493,99,338,4
19494,194,95,3
19495,347,98,5
19496,96,198,5
19497,405,941,1
19498,164,1025,4
19499,92,727,4
19500,381,485,4
19501,41,286,4
19502,303,286,5
19503,293,22,3
19504,311,318,5
19505,58,194,3
19506,338,480,5
19507,117,298,5
19508,407,163,3
19509,16,812,2
19510,92,725,3
19511,274,181,5
19512,129,327,3
19513,416,230,4
19514,308,675,4
19515,450,467,4
19516,447,68,5
19517,390,289,3
19518,239,340,5
19519,220,268,4
19520,339,411,2
19521,409,168,5
19522,276,154,4
19523,267,222,4
19524,13,210,3
19525,451,300,4
19526,430,129,5
19527,437,1153,5
19528,256,748,4
19529,303,507,5
19530,401,162,5
19531,437,118,2
19532,416,54,5
19533,295,191,5
19534,125,1249,3
19535,181,329,1
19536,219,215,5
19537,313,226,4
19538,383,483,5
19539,406,238,2
19540,222,248,4
19541,182,123,4
19542,184,254,2
19543,295,94,4
19544,256,831,4
19545,325,345,3
19546,160,864,1
19547,128,54,2
19548,437,499,5
19549,327,419,4
19550,116,993,2
19551,267,480,4
19552,378,665,2
19553,13,524,4
19554,48,425,3
19555,405,565,2
19556,307,462,4
19557,258,332,5
19558,181,763,1
19559,5,379,3
19560,416,287,4
19561,130,684,5
19562,184,942,3
19563,46,294,2
19564,378,328,3
19565,378,433,4
19566,407,418,4
19567,43,237,4
19568,246,1232,1
19569,398,393,5
19570,450,1212,4
19571,355,872,4
19572,397,322,1
19573,399,273,3
19574,343,729,3
19575,458,144,4
19576,456,715,3
19577,108,471,2
19578,405,228,1
19579,94,23,5
19580,296,269,5
19581,151,546,2
19582,102,1239,2
19583,314,246,5
19584,295,142,4
19585,345,235,3
19586,70,193,4
19587,63,1137,5
19588,325,483,5
19589,44,245,4
19590,268,554,3
19591,144,195,5
19592,308,692,3
19593,363,825,4
19594,334,840,4
19595,423,898,4
19596,436,845,5
19597,28,800,4
19598,82,519,4
19599,21,452,4
19600,451,872,2
19601,406,591,3
19602,406,713,4
19603,13,11,1
19604,346,176,4
19605,151,1109,4
19606,406,490,3
19607,311,480,4
19608,76,89,4
19609,97,202,5
19610,1,188,3
19611,70,186,4
19612,412,480,4
19613,312,713,5
19614,399,1459,3
19615,92,2,3
19616,321,20,3
19617,296,435,5
19618,363,1074,2
19619,268,1079,3
19620,328,203,5
19621,43,71,4
19622,290,205,3
19623,417,769,1
19624,267,1471,2
19625,345,1047,4
19626,57,298,3
19627,393,21,3
19628,457,704,4
19629,305,183,4
19630,37,265,4
19631,210,210,5
19632,455,293,4
19633,49,179,5
19634,85,208,5
19635,193,722,3
19636,221,109,2
19637,59,566,4
19638,7,553,3
19639,435,696,3
19640,184,497,4
19641,215,179,4
19642,154,414,4
19643,426,430,3
19644,364,269,4
19645,250,117,3
19646,457,636,4
19647,393,70,3
19648,243,1281,5
19649,345,272,5
19650,429,26,3
19651,222,111,3
19652,44,176,5
19653,224,403,4
19654,344,301,4
19655,450,97,4
19656,401,661,3
19657,301,719,4
19658,442,38,3
19659,394,979,5
19660,13,842,2
19661,42,276,1
19662,454,487,4
19663,422,477,4
19664,450,762,3
19665,379,52,4
19666,454,484,3
19667,379,177,4
19668,18,921,5
19669,347,151,3
19670,312,609,3
19671,407,949,3
19672,148,204,3
19673,327,9,5
19674,220,319,4
19675,317,323,2
19676,405,541,1
19677,35,332,4
19678,49,219,1
19679,101,1047,2
19680,159,412,3
19681,381,175,5
19682,303,1047,2
19683,385,87,3
19684,56,402,5
19685,334,1137,4
19686,267,450,2
19687,228,690,5
19688,198,280,3
19689,286,1504,4
19690,58,32,5
19691,345,582,5
19692,208,186,4
19693,6,480,4
19694,424,9,5
19695,246,101,2
19696,401,225,1
19697,299,278,3
19698,226,250,4
19699,1,102,2
19700,347,223,4
19701,426,182,2
19702,144,655,5
19703,370,604,4
19704,396,322,4
19705,457,443,4
19706,59,511,5
19707,82,265,4
19708,198,455,3
19709,128,402,1
19710,399,400,3
19711,405,514,1
19712,372,286,5
19713,450,143,5
19714,330,70,4
19715,336,158,3
19716,299,393,2
19717,183,270,3
19718,447,879,3
19719,407,62,3
19720,7,515,3
19721,83,391,2
19722,1,69,3
19723,322,182,5
19724,320,50,4
19725,385,189,5
19726,444,906,4
19727,351,286,5
19728,360,423,4
19729,343,546,1
19730,21,931,2
19731,130,554,4
19732,261,304,3
19733,89,150,5
19734,94,8,5
19735,450,583,4
19736,348,924,4
19737,367,200,4
19738,381,49,2
19739,405,623,1
19740,401,501,2
19741,218,100,4
19742,378,172,4
19743,234,288,3
19744,402,48,5
19745,332,54,4
19746,345,126,5
19747,158,124,4
19748,429,464,3
19749,393,1043,3
19750,442,636,5
19751,387,268,3
19752,379,152,5
19753,416,254,2
19754,125,479,4
19755,82,174,5
19756,379,603,5
19757,286,472,3
19758,294,406,2
19759,450,480,4
19760,119,982,4
19761,405,216,2
19762,64,157,4
19763,313,414,3
19764,359,246,3
19765,363,403,3
19766,62,47,4
19767,310,181,4
19768,92,367,3
19769,276,628,4
19770,406,511,5
19771,90,155,5
19772,270,253,5
19773,181,925,2
19774,177,59,4
19775,121,181,5
19776,215,354,4
19777,294,1132,4
19778,426,526,4
19779,176,303,3
19780,405,87,1
19781,393,223,4
19782,407,182,4
19783,328,222,3
19784,462,682,5
19785,269,100,5
19786,450,846,3
19787,327,1100,4
19788,383,197,5
19789,339,265,3
19790,391,300,2
19791,90,547,3
19792,213,318,5
19793,320,184,5
19794,354,605,3
19795,152,157,5
19796,442,29,3
19797,378,636,3
19798,110,790,4
19799,407,147,4
19800,327,195,4
19801,363,101,1
19802,130,331,3
19803,457,775,3
19804,286,393,4
19805,416,607,5
19806,29,294,4
19807,188,864,2
19808,387,1199,5
19809,271,38,2
19810,382,717,3
19811,30,1013,3
19812,334,512,4
19813,222,270,2
19814,387,24,5
19815,459,934,3
19816,92,955,4
19817,276,262,4
19818,96,176,4
19819,7,491,5
19820,276,652,4
19821,14,18,3
19822,254,136,4
19823,452,191,5
19824,210,420,4
19825,407,265,3
19826,228,98,3
19827,82,202,4
19828,450,561,4
19829,235,494,4
19830,267,216,4
19831,453,697,4
19832,409,133,4
19833,102,102,3
19834,259,317,5
19835,435,576,3
19836,63,1009,4
19837,305,1104,4
19838,377,313,5
19839,299,1214,2
19840,7,118,2
19841,423,300,3
19842,271,31,4
19843,173,268,4
19844,279,1108,1
19845,398,176,4
19846,63,255,4
19847,38,526,1
19848,59,227,3
19849,317,351,3
19850,92,73,3
19851,392,632,5
19852,425,1314,3
19853,388,690,5
19854,39,347,4
19855,367,567,4
19856,417,200,4
19857,436,1522,2
19858,409,604,4
19859,457,192,5
19860,7,537,3
19861,92,476,2
19862,43,302,4
19863,417,131,4
19864,94,431,4
19865,374,210,4
19866,247,28,5
19867,301,1012,4
19868,299,475,4
19869,73,271,2
19870,10,698,4
19871,427,319,3
19872,449,1194,4
19873,392,847,4
19874,393,323,2
19875,194,235,2
19876,434,406,3
19877,221,33,4
19878,16,7,5
19879,416,936,5
19880,454,87,4
19881,243,137,3
19882,277,285,4
19883,363,1052,3
19884,384,347,4
19885,295,648,4
19886,207,181,3
19887,268,302,5
19888,116,914,2
19889,381,459,4
19890,450,487,4
19891,244,628,4
19892,436,157,5
19893,184,995,3
19894,416,22,5
19895,326,234,3
19896,455,755,3
19897,457,708,4
19898,303,483,5
19899,100,1238,2
19900,397,479,4
19901,268,582,5
19902,303,940,2
19903,130,218,5
19904,7,53,5
19905,11,12,2
19906,297,222,4
19907,59,707,3
19908,458,648,4
19909,102,350,3
19910,324,307,5
19911,275,226,3
19912,85,179,4
19913,56,64,5
19914,194,70,3
19915,350,193,4
19916,119,322,4
19917,223,332,4
19918,456,943,4
19919,454,1299,2
19920,234,589,3
19921,429,229,2
19922,378,1107,3
19923,460,10,3
19924,215,227,5
19925,129,245,2
19926,425,322,3
19927,32,257,4
19928,83,1165,2
19929,145,122,1
19930,60,842,4
19931,397,705,5
19932,23,357,3
19933,116,299,3
19934,455,282,3
19935,207,79,4
19936,318,69,5
19937,297,47,2
19938,13,258,4
19939,15,300,4
19940,438,50,5
19941,377,56,4
19942,412,193,4
19943,336,1230,2
19944,401,485,4
19945,336,926,1
19946,102,577,3
19947,117,1014,3
19948,291,284,4
19949,10,474,4
19950,110,550,3
19951,270,77,2
19952,389,705,5
19953,90,1020,5
19954,87,90,2
19955,13,379,1
19956,290,515,3
19957,286,167,5
19958,91,526,4
19959,384,748,4
19960,313,542,3
19961,425,273,4
19962,393,202,3
19963,75,118,3
19964,43,51,1
19965,208,70,3
19966,120,125,4
19967,295,496,5
19968,332,174,5
19969,186,95,3
19970,200,739,4
19971,370,153,2
19972,380,300,3
19973,20,87,5
19974,394,423,5
19975,452,641,3
19976,137,597,5
19977,241,302,3
19978,178,39,2
19979,204,874,3
19980,131,285,5
19981,59,173,5
19982,160,412,3
19983,44,161,4
19984,28,258,5
19985,436,546,3
19986,276,198,5
19987,275,435,3
19988,110,423,4
19989,456,294,1
19990,457,366,4
19991,406,24,3
19992,450,2,4
19993,234,434,3
19994,23,109,3
19995,21,320,3
19996,1,170,5
19997,436,66,5
19998,385,1021,5
19999,222,825,3
20000,391,222,2
20001,462,895,4
20002,268,288,4
20003,21,706,2
20004,207,527,4
20005,291,288,5
20006,60,524,4
20007,438,9,4
20008,297,69,3
20009,461,50,3
20010,447,252,3
20011,92,82,2
20012,28,443,4
20013,417,1550,3
20014,204,303,5
20015,201,658,3
20016,103,252,2
20017,321,190,4
20018,22,651,4
20019,279,407,4
20020,13,547,1
20021,198,198,4
20022,437,423,5
20023,404,328,4
20024,452,61,1
20025,409,527,4
20026,5,381,1
20027,450,237,5
20028,244,856,5
20029,308,482,5
20030,365,272,4
20031,72,7,1
20032,178,260,1
20033,222,1218,1
20034,313,391,3
20035,128,196,5
20036,322,188,3
20037,405,1066,1
20038,312,372,3
20039,421,238,5
20040,313,23,4
20041,168,9,1
20042,215,176,5
20043,168,930,3
20044,59,756,2
20045,374,466,5
20046,244,959,4
20047,385,486,2
20048,425,448,2
20049,200,419,4
20050,18,663,4
20051,59,64,5
20052,288,346,5
20053,177,23,5
20054,7,99,5
20055,145,688,4
20056,401,154,1
20057,189,89,5
20058,367,234,4
20059,119,755,1
20060,279,156,4
20061,324,322,4
20062,450,39,4
20063,246,831,1
20064,79,1022,5
20065,174,723,5
20066,255,322,2
20067,109,67,5
20068,199,508,4
20069,209,333,2
20070,314,1473,4
20071,190,539,2
20072,151,209,4
20073,109,173,5
20074,92,500,4
20075,435,343,5
20076,263,496,5
20077,90,609,5
20078,457,500,5
20079,234,1064,4
20080,329,282,3
20081,145,732,4
20082,4,271,4
20083,90,151,2
20084,194,939,3
20085,264,240,4
20086,231,289,4
20087,316,507,3
20088,416,1012,4
20089,83,597,2
20090,378,959,3
20091,94,7,4
20092,298,511,4
20093,92,56,5
20094,170,288,3
20095,435,434,2
20096,346,571,3
20097,189,198,4
20098,311,584,3
20099,276,734,1
20100,222,318,5
20101,417,250,4
20102,335,333,4
20103,459,596,3
20104,95,190,4
20105,13,757,3
20106,117,179,5
20107,409,173,3
20108,245,21,3
20109,247,269,4
20110,437,727,3
20111,230,141,4
20112,213,199,5
20113,116,872,3
20114,407,179,3
20115,299,606,4
20116,13,234,5
20117,331,475,3
20118,460,327,4
20119,18,404,4
20120,431,879,3
20121,346,147,4
20122,393,470,4
20123,95,597,3
20124,59,670,4
20125,389,510,3
20126,161,309,2
20127,435,410,5
20128,416,213,5
20129,313,662,3
20130,22,665,1
20131,276,325,3
20132,405,423,5
20133,70,175,3
20134,321,45,4
20135,363,44,3
20136,210,926,2
20137,459,194,3
20138,48,647,4
20139,251,1012,4
20140,385,1097,5
20141,224,366,3
20142,90,515,5
20143,335,258,1
20144,327,1019,3
20145,268,1476,2
20146,125,474,3
20147,398,663,2
20148,194,100,4
20149,64,300,3
20150,297,53,3
20151,450,778,3
20152,417,77,3
20153,1,38,3
20154,199,1,1
20155,249,250,4
20156,308,213,4
20157,316,191,5
20158,303,2,3
20159,347,273,5
20160,15,926,1
20161,134,316,4
20162,269,1017,5
20163,124,98,4
20164,379,179,5
20165,399,969,3
20166,139,1176,4
20167,457,243,2
20168,222,233,2
20169,316,276,2
20170,96,185,5
20171,334,945,4
20172,137,121,5
20173,334,531,5
20174,339,56,5
20175,1,9,5
20176,215,23,3
20177,405,1110,1
20178,336,41,3
20179,454,479,4
20180,159,918,4
20181,451,360,3
20182,7,565,4
20183,405,463,1
20184,144,173,5
20185,269,502,3
20186,255,245,1
20187,346,132,4
20188,387,184,3
20189,194,1045,2
20190,399,93,3
20191,50,288,4
20192,238,125,3
20193,322,150,4
20194,354,792,4
20195,385,455,4
20196,405,227,1
20197,207,1333,3
20198,312,512,3
20199,90,216,5
20200,59,1005,5
20201,250,50,5
20202,249,298,4
20203,214,527,4
20204,429,1545,2
20205,37,68,5
20206,180,729,5
20207,405,197,4
20208,250,687,1
20209,374,120,3
20210,43,211,4
20211,392,268,5
20212,457,527,5
20213,364,875,3
20214,405,393,4
20215,450,815,3
20216,144,213,4
20217,246,758,1
20218,346,550,4
20219,73,59,5
20220,344,73,3
20221,387,1537,4
20222,363,333,1
20223,268,284,3
20224,467,1017,2
20225,271,107,1
20226,233,509,4
20227,149,262,1
20228,43,278,3
20229,130,343,4
20230,304,294,4
20231,438,321,5
20232,9,276,4
20233,397,302,5
20234,73,135,5
20235,330,118,5
20236,457,1030,2
20237,256,98,5
20238,449,224,4
20239,426,527,3
20240,105,324,4
20241,468,926,2
20242,13,89,4
20243,84,245,4
20244,18,762,3
20245,328,448,3
20246,279,474,5
20247,181,137,2
20248,145,259,3
20249,102,667,3
20250,213,214,5
20251,106,1028,3
20252,450,708,4
20253,416,966,5
20254,308,23,5
20255,90,965,5
20256,207,15,4
20257,82,97,4
20258,347,597,3
20259,62,710,3
20260,91,211,2
20261,119,52,3
20262,222,183,4
20263,355,358,4
20264,99,815,2
20265,380,573,1
20266,160,405,3
20267,273,315,4
20268,116,193,4
20269,299,289,3
20270,130,305,4
20271,437,166,4
20272,422,1,3
20273,452,27,5
20274,64,405,3
20275,328,595,3
20276,94,525,5
20277,70,405,3
20278,457,164,4
20279,380,529,3
20280,423,355,3
20281,431,323,3
20282,62,9,4
20283,90,617,4
20284,339,269,5
20285,121,792,3
20286,458,191,5
20287,267,566,3
20288,181,294,2
20289,145,771,2
20290,179,893,2
20291,90,493,5
20292,223,620,2
20293,315,461,4
20294,363,258,3
20295,11,750,5
20296,293,549,3
20297,77,133,2
20298,450,400,3
20299,10,82,4
20300,109,1060,4
20301,466,308,1
20302,339,89,5
20303,280,77,3
20304,12,170,4
20305,92,208,4
20306,344,357,5
20307,426,199,5
20308,233,501,3
20309,393,316,5
20310,416,1478,2
20311,102,327,2
20312,426,651,4
20313,90,52,5
20314,439,242,5
20315,328,177,3
20316,393,99,3
20317,405,1391,1
20318,405,1168,1
20319,256,583,5
20320,90,127,4
20321,17,117,3
20322,360,10,5
20323,435,729,2
20324,272,79,5
20325,95,532,4
20326,74,354,3
20327,323,238,4
20328,437,5,2
20329,363,557,1
20330,389,526,3
20331,437,214,4
20332,10,510,5
20333,327,672,2
20334,249,114,5
20335,312,1167,4
20336,7,465,4
20337,437,50,5
20338,422,100,4
20339,159,273,5
20340,157,476,1
20341,64,168,5
20342,233,603,4
20343,28,11,4
20344,445,291,2
20345,447,300,4
20346,224,286,3
20347,401,248,3
20348,174,158,2
20349,83,64,5
20350,345,381,4
20351,59,845,5
20352,355,242,4
20353,393,161,4
20354,378,768,4
20355,276,98,5
20356,404,342,3
20357,259,179,4
20358,169,211,5
20359,301,607,4
20360,32,508,4
20361,405,949,5
20362,381,89,5
20363,174,433,5
20364,367,769,3
20365,322,64,5
20366,79,582,5
20367,435,216,3
20368,312,71,4
20369,186,243,2
20370,375,525,4
20371,430,253,1
20372,412,508,4
20373,399,228,2
20374,373,1113,1
20375,94,1118,4
20376,2,277,4
20377,378,724,3
20378,6,536,4
20379,268,391,3
20380,468,461,4
20381,158,20,4
20382,379,203,4
20383,4,300,5
20384,207,841,3
20385,432,250,1
20386,186,1016,5
20387,194,491,3
20388,81,1,4
20389,148,432,5
20390,416,202,4
20391,38,112,5
20392,195,47,5
20393,343,463,4
20394,378,231,3
20395,399,364,4
20396,426,848,4
20397,456,448,3
20398,299,204,4
20399,200,58,4
20400,257,324,5
20401,399,67,3
20402,75,413,2
20403,49,1066,2
20404,314,1229,2
20405,437,658,4
20406,389,965,5
20407,13,23,5
20408,11,168,3
20409,115,237,2
20410,345,196,5
20411,37,89,4
20412,332,106,4
20413,276,258,5
20414,422,358,2
20415,294,1079,2
20416,82,238,3
20417,430,237,5
20418,297,447,4
20419,18,403,3
20420,87,405,4
20421,201,223,4
20422,347,172,5
20423,55,597,2
20424,308,31,3
20425,373,215,4
20426,320,95,3
20427,437,283,1
20428,326,89,4
20429,312,653,5
20430,328,333,3
20431,330,67,4
20432,145,12,5
20433,95,815,3
20434,323,204,3
20435,158,430,5
20436,89,269,5
20437,176,347,4
20438,13,435,5
20439,144,68,2
20440,139,296,4
20441,182,257,3
20442,7,584,4
20443,82,588,5
20444,94,318,5
20445,65,378,5
20446,301,474,4
20447,313,768,3
20448,345,1221,3
20449,308,495,3
20450,292,20,2
20451,293,26,3
20452,460,257,2
20453,49,218,2
20454,437,485,4
20455,246,250,4
20456,402,245,1
20457,343,358,1
20458,416,168,5
20459,442,591,3
20460,349,20,5
20461,334,111,3
20462,243,14,3
20463,267,29,3
20464,458,318,4
20465,109,1222,4
20466,102,230,2
20467,416,85,3
20468,194,485,3
20469,269,928,1
20470,1,246,5
20471,406,22,3
20472,181,471,2
20473,269,425,5
20474,201,773,4
20475,411,451,4
20476,328,383,3
20477,333,300,4
20478,442,22,2
20479,197,188,3
20480,43,88,5
20481,457,720,3
20482,54,829,2
20483,37,550,4
20484,210,411,3
20485,11,370,3
20486,151,627,2
20487,212,382,5
20488,347,233,5
20489,380,183,4
20490,330,370,4
20491,284,301,5
20492,468,642,3
20493,292,214,3
20494,268,10,4
20495,299,473,3
20496,374,844,4
20497,59,83,4
20498,253,273,3
20499,117,743,1
20500,215,270,3
20501,223,929,3
20502,452,506,3
20503,91,520,4
20504,367,53,4
20505,301,42,4
20506,406,127,4
20507,246,38,2
20508,381,607,4
20509,268,710,3
20510,383,302,4
20511,413,326,3
20512,347,68,5
20513,459,1060,1
20514,339,45,5
20515,437,65,4
20516,339,179,5
20517,18,845,3
20518,356,326,4
20519,174,1074,4
20520,286,768,3
20521,264,204,5
20522,255,829,1
20523,234,419,4
20524,299,288,3
20525,184,657,4
20526,239,527,5
20527,459,216,3
20528,268,47,1
20529,373,195,4
20530,257,1472,2
20531,327,147,2
20532,17,150,5
20533,26,413,2
20534,2,282,4
20535,141,756,3
20536,271,495,5
20537,417,431,4
20538,204,242,5
20539,265,237,5
20540,144,24,4
20541,363,444,4
20542,22,187,5
20543,246,444,4
20544,13,550,4
20545,380,614,3
20546,194,642,2
20547,94,154,5
20548,42,1,5
20549,38,200,5
20550,277,237,4
20551,297,271,2
20552,343,175,5
20553,262,974,3
20554,330,1084,5
20555,224,1058,3
20556,430,547,2
20557,215,380,3
20558,13,538,1
20559,38,69,5
20560,334,174,4
20561,450,495,4
20562,299,345,4
20563,233,71,5
20564,262,1035,3
20565,222,450,3
20566,57,111,4
20567,406,187,2
20568,385,111,2
20569,373,949,4
20570,312,186,3
20571,324,872,5
20572,65,956,4
20573,250,501,5
20574,435,465,2
20575,308,648,4
20576,472,401,4
20577,216,122,5
20578,417,139,3
20579,435,929,2
20580,347,271,1
20581,373,414,3
20582,239,318,1
20583,406,1008,4
20584,160,844,3
20585,339,637,4
20586,145,554,3
20587,328,273,3
20588,348,831,4
20589,416,501,5
20590,334,1016,3
20591,280,158,2
20592,374,254,3
20593,387,403,3
20594,269,707,2
20595,405,1580,1
20596,258,333,2
20597,456,662,4
20598,87,132,5
20599,113,268,4
20600,453,356,2
20601,343,11,5
20602,151,136,4
20603,5,99,3
20604,151,1286,5
20605,150,151,4
20606,89,875,3
20607,299,185,3
20608,221,568,4
20609,219,269,5
20610,407,432,4
20611,222,636,4
20612,189,131,4
20613,239,91,4
20614,465,202,4
20615,43,283,2
20616,326,613,5
20617,458,387,4
20618,378,295,3
20619,160,640,3
20620,11,70,4
20621,472,11,5
20622,252,14,4
20623,125,364,3
20624,425,324,3
20625,200,99,5
20626,73,650,3
20627,450,382,3
20628,349,120,3
20629,145,150,5
20630,13,669,1
20631,405,1268,1
20632,116,1013,3
20633,277,844,4
20634,174,722,4
20635,363,568,2
20636,106,210,4
20637,13,475,3
20638,407,144,3
20639,420,137,4
20640,307,210,2
20641,70,181,4
20642,276,451,3
20643,405,999,1
20644,346,92,4
20645,13,889,3
20646,6,21,3
20647,459,134,3
20648,343,169,5
20649,87,791,2
20650,130,249,5
20651,18,6,5
20652,234,745,4
20653,181,931,1
20654,456,210,3
20655,76,769,1
20656,379,127,5
20657,379,517,4
20658,406,69,4
20659,346,302,3
20660,432,118,4
20661,376,197,4
20662,151,462,4
20663,450,518,4
20664,219,382,5
20665,280,1066,4
20666,406,825,4
20667,117,977,3
20668,437,501,4
20669,461,302,3
20670,387,114,5
20671,144,524,5
20672,249,1039,5
20673,405,308,1
20674,15,409,3
20675,289,151,2
20676,64,847,3
20677,158,797,3
20678,334,271,3
20679,298,471,4
20680,463,1132,1
20681,113,323,4
20682,383,237,4
20683,94,11,5
20684,339,461,5
20685,256,89,5
20686,399,413,2
20687,379,528,5
20688,402,511,5
20689,223,295,3
20690,90,889,3
20691,89,13,2
20692,42,387,3
20693,272,211,5
20694,346,394,4
20695,176,111,4
20696,450,110,4
20697,450,1203,3
20698,159,595,5
20699,174,846,5
20700,87,216,5
20701,270,183,5
20702,85,190,4
20703,282,689,2
20704,374,291,3
20705,342,111,3
20706,286,381,5
20707,339,447,4
20708,314,946,5
20709,472,193,5
20710,244,471,1
20711,224,28,4
20712,358,918,1
20713,234,23,4
20714,269,148,1
20715,60,593,5
20716,37,27,4
20717,393,317,4
20718,117,33,4
20719,200,188,4
20720,232,209,3
20721,130,1046,4
20722,110,315,4
20723,110,173,1
20724,399,746,5
20725,321,1331,4
20726,181,1363,1
20727,357,1,5
20728,406,183,5
20729,322,234,4
20730,290,1079,2
20731,430,234,4
20732,159,24,5
20733,428,750,5
20734,286,1280,5
20735,194,403,2
20736,145,242,5
20737,457,58,4
20738,369,168,3
20739,454,144,4
20740,417,1028,3
20741,94,739,2
20742,42,371,4
20743,390,515,4
20744,11,274,3
20745,286,125,4
20746,200,679,4
20747,398,167,3
20748,222,407,2
20749,435,597,3
20750,326,170,2
20751,119,591,4
20752,410,313,5
20753,221,64,5
20754,442,834,2
20755,115,596,1
20756,435,204,3
20757,18,378,3
20758,449,212,5
20759,193,246,3
20760,389,47,4
20761,429,208,4
20762,311,202,4
20763,472,877,3
20764,378,401,4
20765,130,1039,4
20766,99,28,3
20767,145,820,2
20768,272,746,3
20769,62,250,5
20770,452,276,1
20771,381,631,4
20772,373,421,4
20773,96,187,5
20774,350,204,4
20775,425,177,3
20776,26,1,3
20777,452,201,1
20778,399,41,2
20779,90,162,5
20780,30,242,5
20781,422,270,3
20782,286,186,5
20783,380,31,1
20784,64,81,4
20785,181,991,1
20786,41,474,5
20787,365,762,4
20788,233,584,4
20789,280,118,2
20790,92,456,2
20791,42,1047,4
20792,452,89,5
20793,154,474,5
20794,42,427,4
20795,121,124,5
20796,291,1073,5
20797,393,842,4
20798,144,1138,4
20799,102,778,3
20800,223,476,3
20801,286,47,4
20802,348,412,2
20803,188,568,4
20804,346,22,5
20805,98,629,5
20806,162,1011,4
20807,85,385,3
20808,459,358,2
20809,92,167,3
20810,108,304,3
20811,327,132,5
20812,309,331,5
20813,23,95,4
20814,43,742,5
20815,450,710,3
20816,234,1203,4
20817,108,718,4
20818,343,66,3
20819,305,963,4
20820,314,762,4
20821,319,340,3
20822,345,1053,3
20823,437,710,4
20824,225,1203,5
20825,401,71,2
20826,472,258,5
20827,312,633,5
20828,194,31,3
20829,450,660,4
20830,64,209,5
20831,65,65,3
20832,59,963,5
20833,447,9,2
20834,11,423,5
20835,256,38,4
20836,85,195,3
20837,471,95,4
20838,407,1118,4
20839,383,427,5
20840,214,752,2
20841,145,209,4
20842,389,475,5
20843,463,455,3
20844,405,1384,1
20845,177,154,4
20846,456,274,3
20847,174,388,1
20848,224,280,4
20849,244,410,4
20850,223,1291,3
20851,234,22,4
20852,393,497,4
20853,315,382,4
20854,450,152,5
20855,406,7,4
20856,414,678,1
20857,334,213,4
20858,158,173,5
20859,397,288,4
20860,457,385,4
20861,178,123,4
20862,474,8,5
20863,472,168,5
20864,417,422,3
20865,416,549,4
20866,137,181,5
20867,230,71,5
20868,295,720,4
20869,216,475,5
20870,433,682,2
20871,216,188,5
20872,280,699,4
20873,234,1200,3
20874,24,127,5
20875,281,288,4
20876,45,823,4
20877,13,51,3
20878,334,500,3
20879,471,140,5
20880,271,193,5
20881,432,871,2
20882,303,156,5
20883,436,787,5
20884,327,1,4
20885,307,286,3
20886,290,139,2
20887,94,274,4
20888,236,659,3
20889,405,53,2
20890,295,386,4
20891,149,326,3
20892,450,304,4
20893,351,751,4
20894,411,770,4
20895,335,313,3
20896,416,10,3
20897,324,288,5
20898,151,483,5
20899,334,347,3
20900,269,469,4
20901,95,415,3
20902,336,790,2
20903,95,1231,1
20904,131,124,5
20905,175,100,2
20906,472,449,5
20907,336,401,1
20908,109,179,4
20909,407,382,3
20910,309,1025,5
20911,466,354,2
20912,136,286,5
20913,294,122,3
20914,378,174,4
20915,342,727,3
20916,450,520,5
20917,410,289,1
20918,7,499,4
20919,169,213,5
20920,138,13,4
20921,405,753,1
20922,450,604,4
20923,398,993,3
20924,327,506,3
20925,222,623,2
20926,405,693,2
20927,303,872,3
20928,447,206,4
20929,66,24,3
20930,436,215,4
20931,334,429,4
20932,293,582,4
20933,119,597,4
20934,271,130,1
20935,105,288,4
20936,405,1530,1
20937,42,290,3
20938,429,636,3
20939,345,568,4
20940,331,223,4
20941,207,660,4
20942,255,200,3
20943,87,321,2
20944,174,742,4
20945,194,154,3
20946,13,329,2
20947,145,407,2
20948,201,53,3
20949,337,222,5
20950,334,239,3
20951,465,114,4
20952,1,22,4
20953,363,290,3
20954,435,1039,4
20955,223,1009,1
20956,119,50,5
20957,367,406,4
20958,10,216,4
20959,308,597,3
20960,189,423,5
20961,276,153,4
20962,303,321,3
20963,152,1054,1
20964,455,738,3
20965,308,712,4
20966,456,187,4
20967,98,523,5
20968,416,106,3
20969,5,21,3
20970,1,21,1
20971,407,510,4
20972,453,1157,2
20973,314,278,5
20974,403,546,3
20975,227,322,3
20976,110,1231,2
20977,44,946,3
20978,391,678,2
20979,291,685,5
20980,125,748,3
20981,394,383,2
20982,297,17,3
20983,150,324,4
20984,63,929,3
20985,13,804,2
20986,450,642,4
20987,474,602,3
20988,215,229,3
20989,75,301,4
20990,370,294,1
20991,167,1308,1
20992,178,2,4
20993,177,421,3
20994,288,22,5
20995,145,1288,4
20996,269,1148,4
20997,459,357,4
20998,274,71,4
20999,177,343,3
21000,374,135,4
21001,456,1248,3
21002,269,1479,2
21003,159,832,3
21004,460,744,3
21005,83,2,4
21006,373,527,4
21007,442,184,2
21008,194,456,1
21009,13,4,5
21010,87,230,5
21011,436,98,4
21012,412,526,4
21013,7,617,5
21014,138,435,5
21015,145,1047,3
21016,405,462,2
21017,327,88,2
21018,407,56,5
21019,42,15,4
21020,85,654,4
21021,417,449,3
21022,21,551,3
21023,7,219,1
21024,168,125,4
21025,90,303,4
21026,110,96,4
21027,276,380,3
21028,406,515,2
21029,429,1285,3
21030,437,663,5
21031,264,192,4
21032,144,20,4
21033,295,238,4
21034,145,673,4
21035,334,131,4
21036,386,1016,4
21037,346,572,5
21038,389,568,3
21039,280,1133,3
21040,455,724,3
21041,222,540,3
21042,24,249,4
21043,279,594,1
21044,444,916,3
21045,215,523,4
21046,193,187,4
21047,318,1120,3
21048,200,1,5
21049,447,760,4
21050,244,451,4
21051,144,470,2
21052,59,51,5
21053,295,420,4
21054,23,408,5
21055,374,71,5
21056,317,313,4
21057,367,561,4
21058,198,187,4
21059,188,1263,3
21060,267,33,5
21061,201,448,3
21062,198,979,5
21063,151,98,4
21064,342,663,4
21065,407,416,3
21066,99,64,5
21067,405,1119,3
21068,407,371,2
21069,128,622,4
21070,178,197,2
21071,405,77,1
21072,472,826,3
21073,299,264,2
21074,457,156,5
21075,108,222,2
21076,394,561,4
21077,95,520,4
21078,291,825,4
21079,303,953,3
21080,450,494,3
21081,222,89,5
21082,363,428,5
21083,397,95,4
21084,21,123,4
21085,184,736,3
21086,324,255,4
21087,75,225,2
21088,389,604,4
21089,130,132,5
21090,276,197,5
21091,64,313,4
21092,27,50,3
21093,456,979,3
21094,340,588,5
21095,135,173,4
21096,125,211,3
21097,403,925,4
21098,290,15,4
21099,166,751,4
21100,417,692,4
21101,423,333,3
21102,21,767,1
21103,59,919,4
21104,352,273,2
21105,363,137,5
21106,288,180,5
21107,405,946,2
21108,406,633,5
21109,235,194,5
21110,340,486,4
21111,145,558,2
21112,109,231,3
21113,181,1339,1
21114,417,1014,4
21115,11,433,4
21116,426,428,2
21117,117,748,3
21118,312,89,5
21119,416,258,5
21120,410,538,3
21121,305,96,3
21122,95,127,4
21123,383,639,4
21124,452,121,5
21125,295,965,4
21126,383,135,5
21127,236,504,3
21128,373,155,4
21129,85,150,3
21130,406,692,3
21131,225,566,4
21132,465,216,3
21133,305,628,4
21134,265,1197,2
21135,160,169,4
21136,308,235,3
21137,106,274,3
21138,469,513,5
21139,246,210,3
21140,305,12,5
21141,342,123,5
21142,233,506,5
21143,300,456,4
21144,26,300,4
21145,200,515,5
21146,311,185,2
21147,11,749,5
21148,5,427,3
21149,329,197,4
21150,105,270,5
21151,329,705,3
21152,1,179,3
21153,298,183,3
21154,460,275,3
21155,403,148,5
21156,425,678,1
21157,21,453,2
21158,360,1197,3
21159,464,289,4
21160,56,151,4
21161,460,20,4
21162,378,49,3
21163,324,123,4
21164,110,69,4
21165,320,92,5
21166,334,430,4
21167,366,559,5
21168,331,1141,3
21169,239,484,5
21170,59,435,5
21171,197,232,4
21172,330,252,4
21173,405,175,1
21174,334,582,5
21175,442,230,3
21176,312,863,5
21177,230,621,2
21178,435,587,3
21179,90,632,5
21180,59,612,3
21181,416,928,3
21182,450,211,5
21183,313,624,4
21184,10,211,5
21185,342,248,3
21186,223,95,5
21187,249,1012,3
21188,383,272,3
21189,469,855,4
21190,90,474,5
21191,466,181,4
21192,128,193,3
21193,288,223,3
21194,198,173,4
21195,347,403,5
21196,280,546,4
21197,385,616,4
21198,125,728,3
21199,203,475,3
21200,49,91,5
21201,347,820,2
21202,319,307,4
21203,10,531,5
21204,422,448,4
21205,311,306,4
21206,406,30,4
21207,380,161,2
21208,244,32,2
21209,379,9,4
21210,406,735,3
21211,416,288,5
21212,327,959,5
21213,201,188,4
21214,472,1011,4
21215,255,831,4
21216,275,294,4
21217,437,479,5
21218,213,502,5
21219,271,239,3
21220,326,136,4
21221,339,675,4
21222,63,258,3
21223,222,772,2
21224,92,122,3
21225,243,7,3
21226,145,452,3
21227,345,117,4
21228,303,222,3
21229,474,410,2
21230,275,50,4
21231,21,263,1
21232,37,127,4
21233,299,19,1
21234,450,847,4
21235,38,681,5
21236,425,690,1
21237,104,1012,4
21238,303,678,1
21239,354,7,4
21240,99,342,1
21241,454,705,3
21242,126,272,3
21243,379,187,5
21244,311,216,5
21245,385,603,5
21246,405,669,1
21247,295,729,4
21248,59,404,3
21249,269,517,4
21250,224,556,1
21251,457,285,5
21252,476,715,4
21253,425,53,4
21254,222,769,2
21255,91,568,2
21256,327,508,2
21257,62,188,3
21258,398,4,2
21259,141,282,5
21260,389,64,4
21261,419,488,5
21262,343,427,5
21263,125,56,1
21264,181,235,1
21265,380,134,3
21266,312,276,4
21267,343,174,5
21268,385,1524,5
21269,457,758,2
21270,13,96,4
21271,399,684,3
21272,389,712,3
21273,344,7,4
21274,407,313,4
21275,395,338,4
21276,429,747,3
21277,418,344,1
21278,373,660,4
21279,378,1523,2
21280,307,83,5
21281,234,285,4
21282,389,50,5
21283,458,530,4
21284,435,171,5
21285,60,618,3
21286,87,789,3
21287,328,620,3
21288,402,222,4
21289,391,510,5
21290,267,944,3
21291,408,300,3
21292,472,233,4
21293,403,181,4
21294,271,756,2
21295,7,216,4
21296,246,25,3
21297,139,740,2
21298,389,558,4
21299,190,354,4
21300,257,269,3
21301,409,429,5
21302,402,32,3
21303,201,435,4
21304,452,186,1
21305,407,173,5
21306,412,117,4
21307,92,153,4
21308,339,403,3
21309,416,652,4
21310,326,208,3
21311,202,258,4
21312,13,838,1
21313,474,480,5
21314,246,420,3
21315,122,673,3
21316,276,591,3
21317,221,385,4
21318,75,235,4
21319,69,123,4
21320,218,173,3
21321,186,79,5
21322,445,121,1
21323,299,692,4
21324,180,778,2
21325,42,469,4
21326,13,559,1
21327,233,483,5
21328,79,306,5
21329,445,246,1
21330,94,381,4
21331,380,414,2
21332,450,559,3
21333,417,550,3
21334,138,187,5
21335,141,335,1
21336,184,221,5
21337,88,308,4
21338,474,68,3
21339,405,142,1
21340,405,559,5
21341,69,235,3
21342,385,81,3
21343,233,828,4
21344,131,276,5
21345,294,1088,1
21346,116,346,4
21347,476,792,4
21348,478,143,5
21349,429,282,3
21350,268,195,4
21351,373,778,5
21352,328,748,3
21353,411,186,5
21354,407,69,4
21355,303,720,2
21356,358,382,2
21357,286,411,2
21358,378,778,3
21359,216,221,4
21360,474,736,3
21361,328,326,4
21362,402,96,5
21363,265,323,3
21364,279,1485,4
21365,201,76,4
21366,399,546,2
21367,22,53,3
21368,327,874,3
21369,473,273,5
21370,159,588,2
21371,176,246,5
21372,176,343,2
21373,291,9,5
21374,18,654,4
21375,244,92,4
21376,421,657,4
21377,178,202,5
21378,339,91,5
21379,268,241,3
21380,454,286,3
21381,118,180,5
21382,278,882,3
21383,42,679,2
21384,313,684,4
21385,40,269,1
21386,202,423,3
21387,458,178,4
21388,474,1014,3
21389,450,1446,4
21390,119,813,4
21391,463,250,4
21392,279,229,4
21393,423,1011,3
21394,466,188,3
21395,474,528,5
21396,259,185,4
21397,49,1080,4
21398,200,495,3
21399,26,316,3
21400,321,61,5
21401,463,950,3
21402,157,255,3
21403,5,451,1
21404,249,283,5
21405,262,7,4
21406,453,73,4
21407,49,561,2
21408,291,420,4
21409,322,513,4
21410,442,873,2
21411,10,357,5
21412,303,198,4
21413,56,781,4
21414,293,290,2
21415,291,412,3
21416,151,939,4
21417,463,225,3
21418,303,324,3
21419,450,204,4
21420,216,25,3
21421,405,654,2
21422,24,300,4
21423,22,515,5
21424,363,431,2
21425,23,629,4
21426,466,265,3
21427,104,1115,4
21428,313,8,3
21429,447,180,5
21430,115,7,5
21431,62,866,2
21432,394,288,4
21433,130,658,5
21434,91,495,4
21435,368,89,4
21436,145,313,4
21437,376,663,3
21438,184,210,4
21439,6,200,3
21440,101,111,2
21441,91,614,4
21442,464,678,3
21443,347,118,4
21444,305,904,4
21445,455,56,5
21446,7,556,3
21447,378,559,4
21448,279,367,3
21449,244,86,4
21450,391,89,3
21451,342,209,5
21452,391,200,5
21453,266,268,4
21454,458,319,4
21455,276,86,3
21456,472,931,2
21457,320,164,4
21458,311,323,3
21459,10,162,4
21460,324,879,4
21461,286,597,3
21462,276,396,4
21463,396,595,3
21464,267,128,5
21465,318,405,2
21466,454,51,2
21467,461,259,2
21468,43,385,5
21469,399,140,4
21470,70,496,4
21471,450,904,5
21472,26,129,4
21473,25,141,4
21474,316,199,3
21475,321,87,3
21476,416,1521,3
21477,406,25,1
21478,474,176,5
21479,428,313,5
21480,450,1092,3
21481,10,161,4
21482,308,209,4
21483,389,484,5
21484,198,959,3
21485,436,1061,3
21486,457,825,5
21487,435,381,4
21488,13,237,5
21489,226,405,4
21490,424,294,5
21491,456,708,4
21492,327,405,2
21493,186,306,4
21494,326,174,4
21495,334,877,3
21496,454,315,4
21497,455,20,3
21498,158,659,5
21499,239,443,5
21500,386,281,3
21501,435,382,3
21502,377,358,3
21503,308,408,5
21504,361,781,2
21505,267,189,4
21506,417,176,5
21507,133,308,4
21508,268,654,5
21509,373,286,3
21510,60,366,4
21511,397,896,4
21512,389,410,3
21513,175,64,5
21514,269,393,1
21515,446,269,4
21516,472,689,4
21517,454,310,4
21518,11,659,5
21519,116,879,2
21520,474,518,4
21521,149,338,2
21522,189,44,4
21523,342,1014,1
21524,13,770,4
21525,44,143,4
21526,293,491,4
21527,332,182,5
21528,303,223,4
21529,323,475,3
21530,291,448,5
21531,118,288,5
21532,429,415,3
21533,407,1188,2
21534,438,269,4
21535,37,92,4
21536,374,1014,1
21537,45,225,4
21538,405,793,1
21539,291,761,3
21540,195,558,3
21541,178,300,5
21542,227,124,4
21543,92,117,4
21544,454,174,4
21545,315,178,4
21546,416,723,4
21547,177,161,3
21548,212,527,5
21549,411,88,3
21550,398,163,3
21551,418,331,3
21552,114,89,5
21553,175,661,4
21554,5,430,5
21555,363,631,1
21556,397,338,4
21557,450,281,4
21558,81,100,3
21559,364,988,2
21560,457,546,2
21561,119,294,1
21562,361,66,4
21563,56,483,4
21564,44,1,4
21565,99,92,4
21566,269,488,4
21567,405,1479,1
21568,425,222,5
21569,445,50,2
21570,406,42,5
21571,333,294,3
21572,359,408,5
21573,345,148,3
21574,416,560,3
21575,468,39,3
21576,59,56,5
21577,345,1096,3
21578,435,184,5
21579,346,110,2
21580,11,707,5
21581,102,201,2
21582,407,2,4
21583,58,496,2
21584,42,729,3
21585,270,584,5
21586,246,41,2
21587,16,948,3
21588,449,293,4
21589,351,288,3
21590,450,526,4
21591,201,379,3
21592,174,238,5
21593,398,435,5
21594,262,385,2
21595,447,91,4
21596,393,540,3
21597,371,234,5
21598,90,721,3
21599,436,537,4
21600,388,678,4
21601,363,1512,1
21602,308,186,4
21603,307,380,3
21604,280,1297,4
21605,196,70,3
21606,90,193,4
21607,18,65,5
21608,435,313,5
21609,83,580,4
21610,222,229,3
21611,454,164,3
21612,451,243,4
21613,256,225,4
21614,363,443,4
21615,87,38,5
21616,99,751,4
21617,254,1470,2
21618,295,181,4
21619,393,571,3
21620,463,24,3
21621,354,958,4
21622,314,595,3
21623,194,376,2
21624,478,122,2
21625,73,269,4
21626,1,187,4
21627,455,334,3
21628,60,1121,3
21629,395,237,4
21630,427,263,5
21631,2,111,4
21632,416,480,5
21633,72,318,5
21634,189,499,4
21635,222,63,3
21636,276,825,3
21637,32,222,3
21638,82,111,4
21639,347,70,2
21640,112,301,3
21641,130,450,2
21642,452,69,5
21643,308,48,4
21644,201,288,4
21645,273,316,4
21646,463,347,1
21647,101,181,4
21648,387,463,4
21649,435,616,2
21650,271,196,4
21651,455,531,3
21652,394,72,4
21653,65,393,4
21654,456,22,4
21655,271,87,3
21656,392,99,5
21657,102,338,2
21658,378,91,3
21659,269,537,5
21660,474,735,4
21661,463,242,2
21662,421,89,5
21663,418,302,2
21664,159,260,2
21665,259,147,4
21666,301,824,3
21667,270,50,5
21668,378,176,4
21669,43,290,4
21670,351,326,5
21671,374,100,5
21672,374,24,3
21673,346,273,4
21674,235,191,4
21675,18,79,4
21676,260,748,4
21677,249,175,4
21678,279,532,1
21679,95,98,4
21680,466,128,2
21681,354,419,4
21682,279,274,3
21683,256,1,5
21684,357,1047,4
21685,147,313,4
21686,354,638,4
21687,424,14,4
21688,198,693,3
21689,391,12,5
21690,208,97,4
21691,447,288,4
21692,470,475,4
21693,437,162,4
21694,246,393,3
21695,15,308,5
21696,393,1407,3
21697,160,182,5
21698,128,172,3
21699,253,328,4
21700,162,508,5
21701,370,322,3
21702,13,563,1
21703,457,45,5
21704,397,174,5
21705,222,475,4
21706,232,76,3
21707,421,466,4
21708,387,473,4
21709,476,1037,1
21710,250,331,3
21711,305,582,4
21712,463,593,1
21713,72,147,5
21714,85,529,3
21715,435,82,5
21716,412,487,3
21717,152,234,4
21718,59,205,3
21719,354,513,5
21720,311,23,3
21721,301,73,4
21722,123,9,5
21723,454,875,1
21724,296,191,5
21725,272,514,5
21726,395,313,3
21727,13,478,4
21728,437,683,2
21729,179,321,1
21730,254,94,3
21731,215,15,3
21732,435,52,5
21733,70,150,3
21734,460,297,3
21735,474,661,4
21736,354,707,4
21737,276,951,3
21738,99,829,4
21739,178,219,4
21740,480,190,5
21741,165,500,3
21742,434,369,4
21743,267,108,4
21744,360,23,5
21745,405,189,1
21746,119,710,4
21747,13,872,3
21748,38,742,5
21749,21,17,4
21750,151,52,5
21751,441,25,3
21752,453,566,3
21753,377,268,3
21754,327,559,2
21755,181,681,1
21756,393,845,4
21757,56,403,4
21758,6,494,4
21759,474,52,4
21760,178,176,4
21761,445,886,3
21762,11,228,3
21763,183,229,3
21764,347,831,1
21765,171,262,4
21766,284,306,4
21767,84,98,4
21768,255,100,3
21769,7,97,5
21770,65,365,3
21771,417,484,4
21772,70,403,4
21773,472,977,3
21774,250,271,4
21775,219,616,5
21776,450,139,5
21777,417,1119,3
21778,158,798,4
21779,92,704,3
21780,399,597,3
21781,249,53,4
21782,263,300,3
21783,116,1226,2
21784,384,989,4
21785,99,275,1
21786,267,65,4
21787,95,892,3
21788,370,514,4
21789,232,150,3
21790,152,783,4
21791,305,200,3
21792,15,303,3
21793,373,715,2
21794,42,1042,3
21795,342,133,4
21796,23,175,5
21797,226,25,4
21798,385,136,3
21799,75,1028,4
21800,379,100,5
21801,216,1218,3
21802,429,153,4
21803,44,591,4
21804,148,69,5
21805,64,32,1
21806,31,340,3
21807,343,137,4
21808,158,570,3
21809,458,496,3
21810,94,629,4
21811,479,680,3
21812,327,55,4
21813,221,470,3
21814,403,7,5
21815,151,69,4
21816,426,606,5
21817,230,418,5
21818,303,90,4
21819,181,813,2
21820,269,821,1
21821,450,200,3
21822,276,1079,2
21823,95,447,2
21824,49,1028,2
21825,145,635,4
21826,332,1315,2
21827,151,476,3
21828,7,135,5
21829,452,502,2
21830,417,765,3
21831,270,26,5
21832,327,10,4
21833,264,367,4
21834,437,191,4
21835,95,140,3
21836,419,306,5
21837,232,289,4
21838,313,474,5
21839,200,841,3
21840,354,516,5
21841,373,1078,3
21842,92,826,2
21843,157,1051,4
21844,357,744,5
21845,429,32,4
21846,352,89,5
21847,100,879,4
21848,474,1028,1
21849,425,288,5
21850,445,150,2
21851,97,189,4
21852,49,928,2
21853,429,569,2
21854,293,578,2
21855,406,589,5
21856,429,1014,3
21857,405,574,1
21858,416,929,4
21859,102,993,2
21860,118,1079,4
21861,454,1454,2
21862,422,50,4
21863,110,55,3
21864,276,1083,3
21865,380,736,4
21866,458,174,3
21867,463,21,1
21868,130,555,4
21869,432,405,4
21870,254,498,4
21871,409,276,4
21872,43,1054,3
21873,457,79,5
21874,437,98,5
21875,394,39,4
21876,436,715,4
21877,22,85,5
21878,329,892,2
21879,453,231,2
21880,450,367,3
21881,326,183,5
21882,193,366,4
21883,472,940,4
21884,398,182,4
21885,64,143,4
21886,381,656,4
21887,59,201,4
21888,365,315,4
21889,385,185,5
21890,457,679,4
21891,145,1287,2
21892,381,79,3
21893,201,234,5
21894,168,121,4
21895,392,199,5
21896,416,217,4
21897,417,169,3
21898,328,1112,4
21899,380,416,2
21900,391,64,5
21901,42,443,3
21902,2,258,3
21903,417,358,2
21904,342,15,3
21905,102,671,3
21906,343,559,3
21907,292,153,4
21908,440,1073,4
21909,200,280,4
21910,412,288,4
21911,389,401,3
21912,334,969,4
21913,299,813,4
21914,344,764,1
21915,215,134,4
21916,366,98,5
21917,124,209,3
21918,56,423,5
21919,454,945,3
21920,178,1315,4
21921,429,806,2
21922,115,121,3
21923,264,774,2
21924,344,815,2
21925,87,167,4
21926,275,210,4
21927,54,272,5
21928,280,31,4
21929,478,318,5
21930,392,200,3
21931,464,269,5
21932,173,331,4
21933,450,553,2
21934,380,1404,2
21935,457,949,3
21936,351,327,5
21937,465,50,4
21938,222,24,3
21939,193,73,3
21940,430,744,3
21941,279,809,3
21942,292,7,3
21943,429,794,3
21944,452,609,4
21945,401,280,2
21946,283,435,5
21947,1,135,4
21948,479,228,4
21949,457,53,4
21950,201,962,4
21951,249,273,4
21952,205,300,3
21953,385,1286,3
21954,381,673,3
21955,286,394,5
21956,180,658,5
21957,299,728,2
21958,256,620,3
21959,307,230,5
21960,429,568,3
21961,84,15,4
21962,452,467,3
21963,425,491,2
21964,118,675,5
21965,204,300,3
21966,456,568,2
21967,321,529,4
21968,43,496,5
21969,301,237,4
21970,344,972,4
21971,395,210,5
21972,403,123,3
21973,320,566,3
21974,141,1244,3
21975,363,699,2
21976,378,280,2
21977,405,400,1
21978,380,58,2
21979,234,630,2
21980,416,496,5
21981,416,1089,2
21982,406,787,3
21983,484,235,2
21984,295,1473,4
21985,290,230,4
21986,330,357,4
21987,343,117,2
21988,144,847,4
21989,254,102,3
21990,127,750,1
21991,454,507,3
21992,239,162,5
21993,246,138,1
21994,326,705,3
21995,94,510,5
21996,484,550,4
21997,440,1504,4
21998,409,489,5
21999,201,950,3
22000,240,272,5
22001,416,930,3
22002,268,227,4
22003,21,563,2
22004,274,846,2
22005,60,97,3
22006,59,9,4
22007,246,652,5
22008,268,480,5
22009,301,94,4
22010,172,612,3
22011,486,846,2
22012,13,216,3
22013,405,302,4
22014,456,963,4
22015,187,735,4
22016,378,195,3
22017,405,778,1
22018,189,196,5
22019,268,407,1
22020,468,1008,4
22021,318,205,3
22022,48,483,5
22023,299,346,3
22024,401,144,5
22025,442,546,3
22026,140,294,3
22027,290,683,2
22028,236,1401,3
22029,87,100,5
22030,357,280,5
22031,422,181,4
22032,193,412,3
22033,416,1007,5
22034,198,403,4
22035,484,70,5
22036,389,630,3
22037,468,209,5
22038,94,419,3
22039,407,399,3
22040,41,196,3
22041,292,24,4
22042,125,210,5
22043,387,4,3
22044,461,682,1
22045,230,501,3
22046,250,844,4
22047,398,1126,4
22048,83,66,4
22049,451,262,1
22050,387,357,5
22051,138,518,4
22052,60,661,4
22053,445,1187,3
22054,236,523,2
22055,450,523,5
22056,391,205,5
22057,332,1011,3
22058,274,762,5
22059,332,298,4
22060,290,434,4
22061,455,343,4
22062,276,1006,3
22063,389,497,4
22064,279,824,4
22065,385,659,4
22066,174,1,3
22067,334,1313,4
22068,280,215,3
22069,406,1021,5
22070,15,251,2
22071,457,237,4
22072,323,121,3
22073,276,653,5
22074,465,198,2
22075,297,508,4
22076,341,358,1
22077,293,416,4
22078,320,763,4
22079,52,864,3
22080,200,546,3
22081,171,340,3
22082,262,99,3
22083,177,806,4
22084,387,603,4
22085,151,448,2
22086,15,936,5
22087,13,800,1
22088,246,211,4
22089,326,608,4
22090,417,928,3
22091,313,185,5
22092,308,208,4
22093,177,654,4
22094,254,1263,1
22095,405,625,3
22096,368,56,4
22097,78,301,5
22098,411,709,5
22099,447,133,4
22100,407,1230,2
22101,484,195,5
22102,360,744,4
22103,24,55,5
22104,327,746,3
22105,200,826,4
22106,6,165,5
22107,474,180,5
22108,60,181,4
22109,11,259,3
22110,330,699,5
22111,244,581,4
22112,467,50,4
22113,267,364,2
22114,49,145,1
22115,194,628,3
22116,184,117,2
22117,444,1483,2
22118,346,431,5
22119,374,151,3
22120,102,56,3
22121,269,357,5
22122,123,504,5
22123,425,241,2
22124,448,269,5
22125,406,93,4
22126,89,7,5
22127,405,671,2
22128,417,421,4
22129,7,192,4
22130,295,229,4
22131,359,7,5
22132,413,181,5
22133,46,125,4
22134,406,430,4
22135,183,216,4
22136,465,109,3
22137,425,204,4
22138,125,294,4
22139,299,167,3
22140,128,191,4
22141,373,162,3
22142,183,212,4
22143,408,319,5
22144,11,414,3
22145,92,234,4
22146,474,134,4
22147,274,1063,4
22148,234,182,3
22149,346,616,1
22150,23,597,3
22151,453,7,5
22152,262,423,4
22153,455,214,3
22154,253,156,3
22155,54,340,4
22156,102,650,3
22157,345,170,5
22158,159,1278,3
22159,334,230,4
22160,110,402,4
22161,453,456,3
22162,417,392,3
22163,141,235,1
22164,362,323,2
22165,387,233,3
22166,210,154,4
22167,102,182,3
22168,399,407,3
22169,465,474,3
22170,60,121,4
22171,326,38,3
22172,405,31,1
22173,356,315,4
22174,367,218,4
22175,435,1109,3
22176,287,200,4
22177,442,79,3
22178,77,201,4
22179,164,258,5
22180,452,805,4
22181,184,402,3
22182,256,234,5
22183,193,274,3
22184,268,402,1
22185,417,101,3
22186,479,931,2
22187,16,467,5
22188,416,385,5
22189,95,183,5
22190,54,7,4
22191,429,193,4
22192,264,222,5
22193,480,175,3
22194,7,447,5
22195,450,685,4
22196,253,732,4
22197,267,176,5
22198,458,48,4
22199,399,187,3
22200,370,435,3
22201,58,176,4
22202,258,258,2
22203,253,523,4
22204,374,202,3
22205,276,1245,3
22206,279,712,5
22207,416,176,4
22208,268,100,3
22209,188,483,5
22210,249,742,3
22211,294,472,3
22212,200,451,4
22213,339,233,1
22214,411,304,3
22215,69,763,3
22216,156,357,4
22217,186,106,2
22218,18,60,4
22219,451,322,4
22220,405,664,1
22221,279,990,1
22222,296,521,4
22223,417,748,4
22224,339,257,4
22225,249,583,4
22226,326,177,3
22227,85,319,4
22228,5,135,4
22229,330,238,5
22230,336,33,3
22231,254,400,3
22232,405,653,1
22233,480,183,4
22234,206,361,1
22235,405,452,5
22236,30,258,5
22237,442,44,2
22238,410,898,3
22239,94,1091,3
22240,378,423,4
22241,184,166,3
22242,295,217,4
22243,253,182,3
22244,385,479,5
22245,474,317,4
22246,254,133,5
22247,467,150,4
22248,312,488,5
22249,185,690,4
22250,82,514,4
22251,22,996,1
22252,130,746,5
22253,409,321,2
22254,372,23,5
22255,77,511,2
22256,62,230,2
22257,354,1017,3
22258,308,123,3
22259,437,213,4
22260,237,705,3
22261,342,28,2
22262,409,97,5
22263,157,50,4
22264,352,100,4
22265,99,619,4
22266,446,748,2
22267,92,29,3
22268,200,1419,5
22269,197,399,2
22270,95,175,5
22271,196,66,3
22272,387,273,4
22273,117,122,2
22274,143,272,4
22275,372,185,5
22276,94,386,4
22277,276,50,5
22278,312,428,3
22279,259,1135,5
22280,151,466,5
22281,184,631,4
22282,484,300,4
22283,387,215,2
22284,125,79,5
22285,316,170,4
22286,23,202,3
22287,469,499,5
22288,214,708,4
22289,145,559,2
22290,20,498,3
22291,296,257,5
22292,178,274,4
22293,354,173,3
22294,405,1240,1
22295,487,1044,3
22296,363,653,3
22297,459,978,2
22298,357,270,5
22299,280,232,3
22300,130,472,4
22301,254,313,5
22302,429,24,3
22303,348,225,3
22304,60,144,4
22305,412,724,4
22306,286,285,1
22307,194,197,4
22308,259,475,5
22309,361,525,4
22310,279,660,4
22311,428,301,4
22312,458,925,3
22313,354,387,4
22314,405,622,1
22315,450,478,5
22316,304,313,5
22317,417,655,4
22318,458,517,4
22319,385,1128,3
22320,234,48,2
22321,263,100,5
22322,387,223,5
22323,95,451,3
22324,463,410,1
22325,92,356,3
22326,417,638,4
22327,145,800,2
22328,198,1142,5
22329,447,174,5
22330,213,685,3
22331,422,15,3
22332,298,864,3
22333,487,56,4
22334,391,31,2
22335,269,51,2
22336,403,866,4
22337,194,135,3
22338,385,151,2
22339,303,12,4
22340,262,660,4
22341,222,80,2
22342,143,333,5
22343,286,251,5
22344,280,388,2
22345,407,684,3
22346,345,11,4
22347,416,338,3
22348,158,120,1
22349,459,322,4
22350,429,611,4
22351,416,204,5
22352,301,588,5
22353,65,50,5
22354,378,326,3
22355,110,1218,3
22356,75,220,1
22357,344,509,4
22358,429,56,4
22359,486,471,5
22360,159,294,4
22361,334,346,5
22362,387,1240,5
22363,401,202,4
22364,305,748,3
22365,373,161,4
22366,227,288,2
22367,194,633,3
22368,457,727,4
22369,276,426,3
22370,393,48,2
22371,13,523,4
22372,303,216,5
22373,291,285,4
22374,393,172,5
22375,405,40,2
22376,145,380,3
22377,7,612,5
22378,287,845,5
22379,437,89,2
22380,185,181,4
22381,279,234,2
22382,335,305,4
22383,448,292,4
22384,417,81,5
22385,363,566,3
22386,334,277,3
22387,26,151,3
22388,373,132,3
22389,399,809,3
22390,75,756,2
22391,62,273,4
22392,102,185,3
22393,10,697,3
22394,184,127,5
22395,42,229,4
22396,236,210,2
22397,85,393,4
22398,21,567,2
22399,427,1296,5
22400,249,1047,3
22401,85,10,4
22402,125,659,4
22403,55,117,3
22404,314,378,5
22405,69,282,3
22406,468,69,4
22407,158,168,5
22408,195,127,5
22409,7,91,3
22410,152,215,5
22411,286,658,5
22412,381,493,4
22413,72,443,3
22414,464,482,5
22415,339,484,5
22416,474,484,5
22417,54,25,4
22418,455,255,2
22419,392,180,5
22420,385,152,3
22421,222,679,2
22422,378,226,3
22423,361,813,4
22424,286,552,3
22425,416,997,3
22426,289,254,1
22427,336,122,5
22428,59,276,5
22429,234,980,2
22430,277,276,4
22431,457,370,3
22432,85,416,3
22433,387,735,2
22434,373,1087,1
22435,327,2,2
22436,394,132,4
22437,373,48,5
22438,279,1195,1
22439,152,410,4
22440,291,581,5
22441,207,993,3
22442,466,349,2
22443,393,1178,3
22444,456,710,3
22445,7,588,4
22446,429,128,3
22447,45,762,4
22448,393,81,2
22449,234,530,4
22450,398,154,2
22451,400,321,4
22452,151,525,4
22453,5,449,2
22454,332,8,5
22455,429,134,5
22456,416,328,5
22457,268,27,4
22458,38,84,5
22459,417,7,3
22460,94,225,3
22461,120,15,4
22462,5,226,3
22463,424,989,2
22464,482,321,3
22465,411,258,4
22466,435,63,2
22467,379,684,4
22468,95,180,3
22469,343,1067,3
22470,323,479,4
22471,451,683,1
22472,187,663,3
22473,76,216,4
22474,92,1040,3
22475,222,209,4
22476,377,7,4
22477,13,824,3
22478,236,1039,2
22479,437,131,5
22480,97,1,4
22481,455,508,4
22482,144,242,4
22483,381,1407,3
22484,454,378,3
22485,471,596,1
22486,329,198,4
22487,87,780,4
22488,387,549,5
22489,354,287,3
22490,458,321,3
22491,303,517,5
22492,20,588,4
22493,426,505,4
22494,28,164,4
22495,113,328,5
22496,1,68,4
22497,332,293,4
22498,343,79,4
22499,456,447,3
22500,251,22,5
22501,58,692,2
22502,235,69,4
22503,345,1226,3
22504,299,259,3
22505,332,12,5
22506,305,690,4
22507,130,469,5
22508,406,275,3
22509,96,174,5
22510,213,156,5
22511,212,199,5
22512,354,154,4
22513,317,264,4
22514,177,12,5
22515,435,225,3
22516,417,1215,2
22517,416,53,2
22518,152,371,4
22519,95,91,5
22520,454,153,3
22521,314,761,4
22522,407,88,3
22523,430,436,4
22524,153,294,2
22525,416,1041,3
22526,169,498,3
22527,487,280,5
22528,179,302,4
22529,21,872,2
22530,269,197,5
22531,102,672,1
22532,94,401,4
22533,320,586,3
22534,250,235,2
22535,7,660,5
22536,409,709,4
22537,222,651,4
22538,487,455,2
22539,304,286,1
22540,276,108,3
22541,94,451,4
22542,238,926,3
22543,270,546,4
22544,65,660,5
22545,327,484,3
22546,279,396,3
22547,322,196,4
22548,416,123,4
22549,271,118,3
22550,222,367,2
22551,363,222,5
22552,462,358,1
22553,471,477,5
22554,426,478,4
22555,373,633,4
22556,5,401,5
22557,389,95,3
22558,188,226,3
22559,280,161,4
22560,332,257,4
22561,182,191,4
22562,327,22,4
22563,354,955,3
22564,106,12,4
22565,55,181,4
22566,464,358,3
22567,35,261,3
22568,13,463,5
22569,207,224,3
22570,303,95,5
22571,21,680,1
22572,200,1219,3
22573,481,318,1
22574,13,327,3
22575,422,293,3
22576,406,769,1
22577,429,436,4
22578,38,445,2
22579,458,847,5
22580,42,173,5
22581,222,208,3
22582,2,295,4
22583,87,62,5
22584,27,286,3
22585,328,198,3
22586,115,183,5
22587,339,433,4
22588,339,383,1
22589,354,275,4
22590,431,988,2
22591,447,591,4
22592,119,1052,4
22593,183,77,3
22594,431,322,4
22595,62,431,2
22596,326,485,5
22597,271,479,4
22598,346,157,3
22599,439,257,4
22600,399,98,4
22601,91,612,4
22602,450,177,4
22603,130,769,3
22604,234,470,2
22605,166,984,5
22606,83,717,4
22607,276,473,4
22608,389,1147,4
22609,13,672,1
22610,463,311,4
22611,391,508,2
22612,293,742,2
22613,391,60,5
22614,279,153,5
22615,333,255,3
22616,405,1139,1
22617,414,310,4
22618,324,248,5
22619,487,597,4
22620,79,19,5
22621,221,23,4
22622,451,264,3
22623,385,1012,3
22624,379,89,4
22625,293,367,2
22626,450,742,4
22627,280,746,4
22628,327,151,4
22629,334,762,3
22630,263,1126,5
22631,487,470,5
22632,405,947,1
22633,7,294,1
22634,220,300,5
22635,11,56,4
22636,62,252,3
22637,389,80,3
22638,487,474,4
22639,365,342,2
22640,164,845,3
22641,145,988,1
22642,23,294,1
22643,311,483,4
22644,270,928,4
22645,94,647,5
22646,361,59,4
22647,173,321,4
22648,276,410,4
22649,18,476,3
22650,61,304,4
22651,72,134,5
22652,429,367,3
22653,151,286,5
22654,450,1044,4
22655,291,5,5
22656,135,98,5
22657,394,655,5
22658,5,405,3
22659,264,702,4
22660,339,1017,5
22661,354,100,5
22662,103,1089,1
22663,280,162,3
22664,44,98,2
22665,465,477,4
22666,308,143,4
22667,14,12,5
22668,293,313,4
22669,1,146,4
22670,456,231,2
22671,279,16,4
22672,314,1210,4
22673,423,977,1
22674,417,1018,3
22675,334,333,4
22676,467,762,3
22677,173,269,4
22678,311,276,4
22679,405,655,5
22680,460,129,3
22681,90,709,5
22682,435,841,2
22683,471,99,2
22684,279,398,4
22685,18,735,4
22686,435,123,2
22687,373,1147,4
22688,379,12,5
22689,346,29,4
22690,450,509,4
22691,115,4,4
22692,401,157,3
22693,472,118,4
22694,303,800,3
22695,399,265,3
22696,230,515,5
22697,416,366,4
22698,325,174,2
22699,69,475,3
22700,268,780,3
22701,343,23,5
22702,313,192,3
22703,87,575,3
22704,474,100,5
22705,339,451,3
22706,486,15,3
22707,469,484,5
22708,178,318,5
22709,83,846,3
22710,92,1073,5
22711,215,480,5
22712,130,54,5
22713,13,99,4
22714,112,879,4
22715,11,716,3
22716,454,607,2
22717,205,286,2
22718,295,660,5
22719,130,1151,3
22720,416,443,5
22721,311,622,3
22722,58,124,5
22723,378,845,3
22724,463,100,4
22725,401,528,5
22726,461,321,3
22727,418,315,2
22728,451,319,2
22729,75,123,3
22730,92,294,3
22731,432,123,3
22732,343,238,4
22733,38,70,5
22734,224,1221,3
22735,472,756,4
22736,381,526,4
22737,141,815,4
22738,307,215,4
22739,334,95,3
22740,454,746,2
22741,149,323,2
22742,474,474,5
22743,42,83,4
22744,229,245,3
22745,128,487,5
22746,392,297,4
22747,85,258,4
22748,458,591,3
22749,75,323,2
22750,10,50,5
22751,13,785,3
22752,325,211,3
22753,174,953,5
22754,463,10,1
22755,21,201,5
22756,151,137,5
22757,473,813,3
22758,409,162,4
22759,457,12,5
22760,412,70,4
22761,393,1074,3
22762,457,4,4
22763,269,154,3
22764,97,919,5
22765,130,1267,4
22766,321,633,5
22767,269,528,4
22768,280,56,5
22769,405,1566,1
22770,112,269,3
22771,58,11,5
22772,226,174,4
22773,196,257,2
22774,293,809,2
22775,352,195,4
22776,272,193,4
22777,340,946,5
22778,450,89,5
22779,256,1109,4
22780,487,76,4
22781,451,1392,1
22782,243,1,4
22783,393,391,3
22784,244,66,4
22785,402,25,4
22786,468,544,3
22787,276,1031,2
22788,349,10,5
22789,7,231,3
22790,328,553,3
22791,389,8,4
22792,468,405,2
22793,171,887,4
22794,65,185,4
22795,178,756,3
22796,178,846,3
22797,492,1021,3
22798,452,185,5
22799,416,1139,3
22800,458,410,1
22801,435,245,2
22802,415,328,5
22803,408,286,3
22804,398,158,3
22805,85,506,4
22806,463,3,2
22807,21,547,2
22808,334,61,3
22809,405,49,1
22810,461,1006,5
22811,178,764,3
22812,381,657,4
22813,484,554,4
22814,425,447,3
22815,28,670,4
22816,346,173,3
22817,20,866,1
22818,244,200,5
22819,286,1105,5
22820,181,1085,1
22821,459,181,4
22822,269,1135,2
22823,362,302,5
22824,401,237,3
22825,101,845,3
22826,177,693,4
22827,72,229,1
22828,406,526,5
22829,464,300,4
22830,152,1041,5
22831,198,871,1
22832,15,455,1
22833,84,111,4
22834,346,259,2
22835,128,328,2
22836,401,553,5
22837,268,399,3
22838,458,330,3
22839,222,282,4
22840,222,121,3
22841,293,111,2
22842,11,211,3
22843,405,648,1
22844,450,238,5
22845,1,176,5
22846,423,327,2
22847,478,151,5
22848,210,1012,4
22849,96,42,1
22850,144,257,4
22851,268,120,2
22852,65,294,4
22853,449,122,1
22854,373,366,4
22855,312,70,5
22856,89,187,5
22857,479,28,4
22858,429,826,3
22859,78,1047,1
22860,456,200,4
22861,334,89,4
22862,393,418,3
22863,311,768,2
22864,18,416,5
22865,429,170,5
22866,398,126,4
22867,463,103,1
22868,18,4,3
22869,435,300,2
22870,96,7,5
22871,446,883,3
22872,145,595,3
22873,445,504,3
22874,296,357,5
22875,42,385,5
22876,109,211,5
22877,358,584,4
22878,455,597,3
22879,141,121,4
22880,442,26,3
22881,405,772,1
22882,422,217,3
22883,276,942,4
22884,398,134,3
22885,197,333,2
22886,92,679,4
22887,451,331,5
22888,387,209,5
22889,151,382,4
22890,58,645,5
22891,486,823,4
22892,109,944,3
22893,318,238,3
22894,212,423,4
22895,270,60,5
22896,179,917,3
22897,299,1006,4
22898,348,409,4
22899,235,655,4
22900,84,1028,3
22901,18,45,5
22902,426,191,4
22903,328,380,3
22904,253,56,3
22905,122,193,4
22906,194,178,3
22907,404,243,3
22908,416,1495,3
22909,391,328,3
22910,23,14,4
22911,90,875,1
22912,59,232,3
22913,16,216,5
22914,110,849,3
22915,145,89,4
22916,227,294,3
22917,433,690,2
22918,130,501,5
22919,493,222,3
22920,301,143,4
22921,379,200,4
22922,222,546,3
22923,429,89,4
22924,450,29,3
22925,468,742,3
22926,308,473,3
22927,486,1014,3
22928,213,252,3
22929,380,1045,3
22930,291,1059,4
22931,274,924,3
22932,95,436,5
22933,7,201,2
22934,435,50,5
22935,281,333,3
22936,405,1210,1
22937,308,82,4
22938,407,660,3
22939,298,483,5
22940,301,550,3
22941,313,25,2
22942,195,59,3
22943,188,629,4
22944,456,3,4
22945,444,300,4
22946,24,238,5
22947,216,182,4
22948,437,433,3
22949,54,24,1
22950,128,942,5
22951,425,379,2
22952,125,323,3
22953,403,127,4
22954,288,544,5
22955,484,25,3
22956,65,168,4
22957,399,174,3
22958,407,4,4
22959,235,1021,5
22960,470,1097,3
22961,151,86,5
22962,60,195,4
22963,43,189,5
22964,389,152,4
22965,350,133,5
22966,336,168,5
22967,296,55,5
22968,299,191,4
22969,451,260,5
22970,14,920,4
22971,1,166,5
22972,320,627,4
22973,452,597,5
22974,405,1589,1
22975,128,838,5
22976,303,482,5
22977,158,546,3
22978,379,405,3
22979,387,64,3
22980,279,10,4
22981,343,77,3
22982,152,120,2
22983,189,1400,3
22984,189,172,5
22985,298,705,4
22986,387,1128,4
22987,60,385,4
22988,60,665,4
22989,336,1037,1
22990,311,465,4
22991,348,107,4
22992,437,466,2
22993,280,925,4
22994,249,1073,4
22995,234,183,4
22996,487,939,3
22997,459,846,4
22998,468,507,5
22999,407,869,3
23000,293,3,2
23001,435,226,4
23002,453,412,2
23003,416,259,2
23004,429,820,3
23005,419,286,4
23006,59,781,4
23007,468,294,3
23008,393,409,4
23009,330,864,4
23010,354,20,5
23011,403,240,1
23012,43,25,5
23013,437,969,4
23014,85,705,5
23015,378,117,3
23016,69,1142,4
23017,318,213,4
23018,254,1443,4
23019,332,815,4
23020,68,258,5
23021,346,89,4
23022,123,197,5
23023,406,453,2
23024,492,318,5
23025,451,875,2
23026,343,144,4
23027,101,1,3
23028,1,138,1
23029,102,175,4
23030,490,1,3
23031,436,102,4
23032,277,473,2
23033,262,169,3
23034,213,31,4
23035,343,155,1
23036,490,333,3
23037,458,939,4
23038,352,692,3
23039,407,859,3
23040,214,319,3
23041,416,423,4
23042,478,684,4
23043,264,269,5
23044,489,1293,5
23045,160,13,4
23046,37,665,3
23047,249,210,3
23048,424,683,3
23049,98,168,2
23050,213,286,3
23051,56,720,3
23052,313,837,4
23053,92,231,3
23054,384,878,4
23055,266,285,4
23056,328,241,5
23057,268,384,3
23058,15,306,5
23059,213,175,4
23060,394,154,3
23061,52,471,4
23062,445,475,5
23063,193,269,4
23064,465,481,4
23065,115,357,5
23066,435,257,4
23067,241,343,2
23068,74,313,5
23069,374,56,5
23070,434,546,5
23071,402,591,4
23072,200,282,4
23073,64,97,3
23074,244,111,4
23075,409,135,5
23076,187,97,3
23077,119,96,5
23078,403,410,2
23079,95,391,2
23080,457,228,5
23081,126,333,2
23082,276,1221,3
23083,486,221,4
23084,429,1443,2
23085,483,237,3
23086,130,888,3
23087,226,508,4
23088,271,1411,2
23089,293,240,2
23090,406,481,3
23091,472,250,5
23092,336,121,4
23093,308,432,4
23094,62,56,5
23095,1,247,1
23096,54,471,4
23097,406,715,4
23098,18,287,4
23099,453,568,3
23100,327,8,4
23101,299,895,2
23102,92,200,3
23103,452,1534,1
23104,308,254,2
23105,181,15,3
23106,433,748,4
23107,471,588,1
23108,221,335,4
23109,308,318,4
23110,100,300,4
23111,195,264,3
23112,94,642,4
23113,151,118,3
23114,151,631,3
23115,190,125,3
23116,393,808,4
23117,60,128,3
23118,94,190,5
23119,113,303,5
23120,373,480,3
23121,322,608,3
23122,394,550,4
23123,398,485,5
23124,332,11,5
23125,330,148,4
23126,117,237,4
23127,387,96,4
23128,1,89,5
23129,269,88,1
23130,9,615,4
23131,474,161,4
23132,145,1073,5
23133,490,9,4
23134,472,1210,3
23135,345,43,3
23136,128,873,1
23137,455,647,4
23138,110,33,4
23139,426,418,3
23140,472,625,4
23141,422,235,2
23142,92,198,5
23143,158,96,4
23144,450,15,3
23145,463,930,1
23146,458,152,5
23147,450,837,4
23148,327,4,4
23149,199,892,1
23150,293,258,3
23151,236,132,4
23152,279,129,1
23153,358,863,5
23154,226,527,4
23155,132,56,5
23156,271,392,3
23157,478,673,3
23158,119,831,2
23159,328,11,3
23160,404,259,5
23161,268,71,3
23162,11,577,3
23163,452,14,3
23164,428,289,4
23165,493,284,4
23166,194,90,3
23167,411,265,5
23168,313,328,4
23169,453,42,5
23170,94,943,3
23171,1,2,3
23172,336,94,3
23173,125,258,5
23174,175,193,4
23175,337,515,5
23176,393,997,1
23177,159,1095,5
23178,230,134,4
23179,487,1188,3
23180,301,144,4
23181,210,629,3
23182,246,412,1
23183,298,527,5
23184,437,1134,4
23185,344,272,5
23186,194,194,4
23187,76,324,4
23188,453,154,3
23189,196,108,4
23190,224,1401,1
23191,221,1090,3
23192,325,2,1
23193,445,87,3
23194,436,90,3
23195,429,640,3
23196,130,1034,2
23197,458,50,2
23198,380,770,3
23199,484,141,4
23200,270,713,5
23201,242,1,4
23202,253,588,5
23203,311,300,4
23204,482,988,4
23205,343,87,4
23206,13,739,4
23207,275,826,2
23208,305,163,3
23209,189,241,3
23210,301,76,4
23211,406,634,4
23212,293,89,5
23213,276,1047,3
23214,417,178,3
23215,288,427,5
23216,343,660,3
23217,468,31,3
23218,394,1033,3
23219,234,216,3
23220,389,174,4
23221,145,1132,3
23222,405,212,1
23223,313,525,5
23224,181,1349,1
23225,303,1270,1
23226,276,720,2
23227,155,990,3
23228,459,825,3
23229,397,513,5
23230,160,100,5
23231,403,471,5
23232,122,429,3
23233,146,258,4
23234,314,501,4
23235,244,537,5
23236,458,333,1
23237,286,417,3
23238,43,291,3
23239,395,342,4
23240,457,474,5
23241,400,304,4
23242,484,96,5
23243,376,514,4
23244,458,423,2
23245,286,475,4
23246,385,160,4
23247,450,65,3
23248,210,172,5
23249,222,79,5
23250,354,863,3
23251,416,708,4
23252,254,64,4
23253,267,231,4
23254,293,62,1
23255,210,23,5
23256,406,737,3
23257,312,1,5
23258,367,919,5
23259,43,82,4
23260,406,756,3
23261,373,392,4
23262,489,342,3
23263,313,480,5
23264,301,1074,2
23265,271,660,5
23266,14,127,2
23267,325,1,2
23268,308,30,4
23269,338,654,5
23270,450,49,5
23271,450,176,4
23272,162,11,4
23273,487,293,5
23274,407,269,3
23275,407,202,4
23276,405,552,1
23277,152,71,5
23278,305,88,2
23279,85,481,4
23280,446,294,1
23281,222,378,1
23282,389,172,5
23283,246,475,4
23284,174,221,4
23285,478,50,3
23286,474,921,3
23287,12,392,4
23288,438,237,5
23289,6,22,3
23290,213,181,4
23291,34,1024,5
23292,242,475,3
23293,207,137,3
23294,44,200,4
23295,71,64,4
23296,354,507,3
23297,435,550,3
23298,264,1074,4
23299,144,533,4
23300,479,168,5
23301,141,244,5
23302,325,272,3
23303,201,171,3
23304,263,316,5
23305,496,142,2
23306,344,955,4
23307,468,51,3
23308,394,554,4
23309,455,196,4
23310,250,288,4
23311,393,87,4
23312,398,95,5
23313,76,42,3
23314,440,283,5
23315,374,148,4
23316,380,71,4
23317,218,203,4
23318,25,479,5
23319,332,982,3
23320,13,83,2
23321,176,151,4
23322,194,503,4
23323,467,264,2
23324,455,161,4
23325,406,476,4
23326,494,64,5
23327,286,883,5
23328,100,328,4
23329,13,313,4
23330,64,265,4
23331,330,91,4
23332,326,491,4
23333,279,421,3
23334,335,902,5
23335,158,275,5
23336,452,173,4
23337,193,38,3
23338,151,528,5
23339,201,1422,2
23340,387,319,1
23341,360,45,4
23342,374,845,2
23343,71,257,5
23344,394,576,2
23345,417,727,5
23346,472,232,4
23347,268,369,1
23348,393,1120,3
23349,361,90,2
23350,271,218,3
23351,256,118,5
23352,457,471,4
23353,279,413,4
23354,396,288,3
23355,318,381,1
23356,50,319,5
23357,18,319,4
23358,385,865,4
23359,471,94,5
23360,378,87,4
23361,178,237,4
23362,314,794,4
23363,450,434,3
23364,433,657,5
23365,464,328,3
23366,77,97,2
23367,195,797,3
23368,455,300,4
23369,452,792,5
23370,422,410,5
23371,128,132,3
23372,181,1389,1
23373,373,648,4
23374,456,80,2
23375,326,720,2
23376,456,161,3
23377,59,216,4
23378,420,319,4
23379,178,472,4
23380,339,117,3
23381,435,136,4
23382,457,48,5
23383,184,528,5
23384,124,172,3
23385,483,144,2
23386,192,284,5
23387,73,255,2
23388,90,117,3
23389,168,126,5
23390,457,980,4
23391,145,510,4
23392,95,82,3
23393,19,319,4
23394,58,433,5
23395,21,322,3
23396,271,476,1
23397,195,753,3
23398,257,676,4
23399,430,9,3
23400,303,808,2
23401,271,12,4
23402,267,789,5
23403,5,443,4
23404,37,82,1
23405,313,823,3
23406,405,780,3
23407,385,24,3
23408,10,157,5
23409,15,928,1
23410,495,174,5
23411,454,82,4
23412,305,168,4
23413,328,739,3
23414,326,397,3
23415,432,246,4
23416,450,729,4
23417,301,527,4
23418,6,419,4
23419,198,690,3
23420,198,25,2
23421,452,488,4
23422,417,441,3
23423,207,291,3
23424,328,665,2
23425,379,461,4
23426,318,24,4
23427,90,175,3
23428,178,340,1
23429,449,1318,2
23430,323,741,3
23431,450,1184,1
23432,158,118,5
23433,495,167,4
23434,251,111,3
23435,145,1290,1
23436,224,276,3
23437,384,328,4
23438,486,689,2
23439,324,538,4
23440,234,174,3
23441,437,404,5
23442,13,462,5
23443,434,121,4
23444,293,503,4
23445,477,815,5
23446,333,435,4
23447,395,98,5
23448,454,245,3
23449,493,762,4
23450,481,210,4
23451,455,173,4
23452,374,819,3
23453,293,297,4
23454,58,501,2
23455,109,763,2
23456,6,50,4
23457,345,1117,4
23458,192,50,4
23459,454,172,2
23460,490,284,3
23461,56,183,5
23462,38,97,5
23463,280,98,5
23464,447,7,5
23465,313,496,5
23466,343,324,5
23467,479,174,5
23468,454,173,2
23469,311,729,4
23470,110,905,3
23471,23,414,3
23472,328,270,2
23473,416,105,2
23474,198,215,4
23475,94,25,3
23476,486,147,2
23477,6,520,4
23478,222,216,4
23479,15,14,4
23480,340,215,5
23481,460,286,4
23482,401,588,2
23483,457,631,4
23484,43,313,5
23485,353,328,2
23486,432,151,4
23487,445,845,2
23488,294,347,5
23489,429,1035,3
23490,457,699,4
23491,303,575,4
23492,493,69,5
23493,10,302,4
23494,387,50,5
23495,7,596,5
23496,312,434,3
23497,23,124,5
23498,256,232,3
23499,405,469,1
23500,284,262,4
23501,467,109,5
23502,426,754,1
23503,62,605,3
23504,486,476,3
23505,59,123,3
23506,361,475,4
23507,476,204,4
23508,493,751,5
23509,7,611,3
23510,106,211,4
23511,151,496,4
23512,339,650,4
23513,387,969,3
23514,345,696,3
23515,319,269,3
23516,131,251,5
23517,405,624,4
23518,487,658,4
23519,58,514,5
23520,280,94,2
23521,151,152,3
23522,363,752,5
23523,62,744,3
23524,460,289,4
23525,280,90,4
23526,497,234,2
23527,234,1447,3
23528,464,709,5
23529,456,443,4
23530,405,431,3
23531,326,501,3
23532,11,386,3
23533,269,723,1
23534,416,126,5
23535,20,423,2
23536,102,319,4
23537,295,91,5
23538,339,209,5
23539,200,1034,3
23540,60,210,4
23541,57,245,4
23542,473,1129,4
23543,473,257,4
23544,486,620,2
23545,363,469,2
23546,393,780,4
23547,487,121,4
23548,479,325,1
23549,291,8,4
23550,423,304,4
23551,406,28,3
23552,433,60,5
23553,13,768,4
23554,291,238,5
23555,274,274,4
23556,15,269,5
23557,468,71,5
23558,429,1203,4
23559,84,294,3
23560,435,254,3
23561,495,71,5
23562,42,228,4
23563,110,64,4
23564,80,303,4
23565,484,755,4
23566,94,260,2
23567,405,1111,1
23568,362,328,2
23569,457,871,1
23570,268,1074,3
23571,224,97,5
23572,312,69,4
23573,456,1,2
23574,396,329,2
23575,416,276,3
23576,232,133,4
23577,474,316,5
23578,48,480,4
23579,256,769,5
23580,332,159,5
23581,436,127,5
23582,62,241,1
23583,104,126,4
23584,256,568,5
23585,117,172,5
23586,378,1135,2
23587,399,91,4
23588,174,239,4
23589,406,831,2
23590,303,13,4
23591,357,10,5
23592,339,86,4
23593,318,605,4
23594,201,387,2
23595,315,56,5
23596,59,284,2
23597,457,597,3
23598,357,595,4
23599,468,283,4
23600,189,105,2
23601,472,181,5
23602,256,56,3
23603,373,1188,3
23604,181,845,3
23605,40,337,4
23606,484,53,1
23607,305,1513,2
23608,293,955,2
23609,244,281,3
23610,440,512,3
23611,368,181,4
23612,218,294,2
23613,100,1235,4
23614,6,169,4
23615,371,42,3
23616,301,405,4
23617,22,451,4
23618,158,745,4
23619,297,603,5
23620,497,840,3
23621,244,833,3
23622,331,694,4
23623,472,1091,4
23624,347,1,4
23625,488,480,3
23626,378,62,4
23627,331,482,2
23628,236,203,4
23629,396,591,3
23630,388,845,4
23631,498,475,3
23632,311,321,3
23633,493,61,4
23634,454,1003,2
23635,470,294,3
23636,297,265,3
23637,194,1412,2
23638,80,100,5
23639,214,427,5
23640,95,199,5
23641,422,590,2
23642,56,158,3
23643,177,121,2
23644,416,155,5
23645,456,479,5
23646,394,79,5
23647,401,318,4
23648,442,159,4
23649,256,1228,1
23650,207,12,3
23651,6,246,3
23652,268,158,2
23653,450,70,4
23654,370,98,4
23655,235,327,3
23656,207,562,2
23657,436,447,1
23658,256,1114,4
23659,165,15,5
23660,476,232,3
23661,101,924,4
23662,442,342,2
23663,178,1016,4
23664,255,672,2
23665,222,176,4
23666,495,139,2
23667,429,550,3
23668,416,197,5
23669,435,1419,2
23670,32,288,4
23671,478,282,3
23672,344,385,2
23673,104,10,2
23674,94,356,4
23675,255,118,1
23676,387,219,2
23677,379,158,1
23678,278,245,3
23679,294,332,3
23680,184,357,5
23681,440,515,4
23682,435,73,3
23683,316,173,1
23684,237,357,4
23685,236,211,3
23686,57,125,3
23687,391,460,4
23688,361,737,4
23689,377,316,4
23690,237,190,4
23691,125,1246,2
23692,87,48,4
23693,314,280,3
23694,487,501,4
23695,407,99,4
23696,495,674,3
23697,487,252,1
23698,474,649,4
23699,144,187,4
23700,315,25,5
23701,435,403,4
23702,308,708,4
23703,97,135,5
23704,249,203,5
23705,145,879,5
23706,110,94,4
23707,470,824,4
23708,346,7,2
23709,409,474,5
23710,450,728,3
23711,268,33,3
23712,44,135,5
23713,100,1237,3
23714,457,436,4
23715,402,1048,2
23716,429,403,4
23717,43,756,3
23718,194,357,4
23719,296,287,4
23720,463,864,3
23721,136,647,5
23722,395,328,4
23723,271,507,2
23724,43,939,3
23725,116,333,2
23726,104,845,3
23727,484,651,5
23728,394,455,4
23729,332,763,5
23730,18,520,4
23731,244,553,5
23732,385,674,3
23733,267,515,5
23734,26,276,4
23735,269,204,2
23736,60,510,5
23737,268,579,1
23738,415,56,5
23739,405,50,5
23740,397,504,5
23741,429,481,3
23742,201,1428,4
23743,72,525,4
23744,44,132,4
23745,416,1091,3
23746,91,988,2
23747,405,969,3
23748,313,486,3
23749,130,299,3
23750,336,63,2
23751,447,183,5
23752,59,59,5
23753,496,64,3
23754,434,275,3
23755,104,840,1
23756,497,1185,1
23757,488,568,3
23758,417,382,2
23759,347,187,5
23760,63,475,4
23761,452,420,3
23762,479,248,4
23763,246,853,5
23764,213,222,3
23765,437,393,3
23766,58,300,4
23767,405,185,4
23768,87,232,3
23769,488,510,4
23770,378,235,4
23771,21,878,2
23772,270,145,3
23773,198,168,4
23774,286,176,4
23775,383,81,4
23776,207,826,2
23777,472,400,5
23778,412,206,2
23779,7,682,2
23780,293,856,3
23781,75,845,3
23782,343,83,4
23783,436,392,4
23784,133,272,5
23785,338,301,4
23786,455,1174,3
23787,437,1211,4
23788,435,190,4
23789,290,403,2
23790,308,248,4
23791,436,895,4
23792,497,227,2
23793,287,50,5
23794,444,100,5
23795,406,596,3
23796,363,1035,2
23797,314,1152,4
23798,452,971,4
23799,92,742,3
23800,237,179,4
23801,52,22,5
23802,384,271,4
23803,456,818,3
23804,64,50,5
23805,16,143,5
23806,311,177,5
23807,94,77,3
23808,479,528,4
23809,328,823,3
23810,286,181,3
23811,487,672,4
23812,421,517,2
23813,453,188,4
23814,303,1157,2
23815,405,179,1
23816,230,570,4
23817,130,262,3
23818,186,829,4
23819,94,369,1
23820,497,363,2
23821,489,289,2
23822,432,763,5
23823,393,417,3
23824,454,88,4
23825,22,840,4
23826,251,64,5
23827,425,363,1
23828,429,705,4
23829,354,137,3
23830,230,609,3
23831,279,372,4
23832,268,124,4
23833,118,919,5
23834,417,508,3
23835,452,269,5
23836,406,222,3
23837,296,198,5
23838,92,91,3
23839,416,55,2
23840,181,989,1
23841,295,188,3
23842,181,1337,1
23843,22,932,1
23844,462,289,5
23845,59,606,4
23846,201,227,4
23847,264,194,5
23848,152,237,5
23849,7,529,2
23850,419,223,4
23851,234,47,2
23852,487,276,3
23853,363,760,1
23854,236,432,5
23855,239,675,5
23856,145,300,3
23857,13,606,4
23858,487,932,3
23859,391,288,3
23860,442,286,2
23861,64,162,3
23862,83,732,4
23863,90,302,5
23864,190,281,3
23865,404,289,1
23866,133,346,3
23867,423,1265,4
23868,62,554,1
23869,23,132,4
23870,194,229,1
23871,40,305,4
23872,312,206,5
23873,340,199,5
23874,469,610,4
23875,357,245,4
23876,334,345,2
23877,90,606,5
23878,5,257,5
23879,420,753,5
23880,236,483,5
23881,330,132,5
23882,328,399,2
23883,13,773,1
23884,416,554,3
23885,299,311,4
23886,128,340,4
23887,465,300,3
23888,18,168,3
23889,435,90,4
23890,455,511,5
23891,95,1091,3
23892,416,747,5
23893,342,606,5
23894,413,257,4
23895,417,715,2
23896,466,321,2
23897,450,174,5
23898,286,111,5
23899,436,746,5
23900,152,1301,5
23901,499,511,5
23902,499,210,3
23903,405,1592,1
23904,276,84,2
23905,437,483,5
23906,417,242,3
23907,82,168,5
23908,417,871,2
23909,416,402,5
23910,178,82,5
23911,126,315,4
23912,301,156,4
23913,311,549,2
23914,87,202,5
23915,200,69,5
23916,491,475,4
23917,267,455,3
23918,62,70,3
23919,84,274,4
23920,130,27,4
23921,276,264,3
23922,491,45,5
23923,276,750,4
23924,311,127,4
23925,370,856,3
23926,474,705,3
23927,301,91,3
23928,26,750,4
23929,334,310,3
23930,23,275,5
23931,450,1047,4
23932,272,98,4
23933,354,421,2
23934,194,546,3
23935,7,143,3
23936,13,200,3
23937,493,252,4
23938,75,926,3
23939,481,1089,3
23940,244,946,4
23941,311,63,3
23942,130,423,5
23943,268,222,4
23944,435,542,1
23945,346,141,4
23946,498,176,2
23947,435,186,4
23948,117,678,4
23949,292,250,3
23950,472,120,5
23951,393,727,3
23952,442,168,4
23953,7,678,3
23954,378,744,3
23955,87,199,5
23956,267,64,5
23957,18,153,4
23958,95,31,4
23959,453,33,4
23960,432,315,5
23961,437,737,1
23962,487,117,5
23963,307,227,5
23964,129,286,5
23965,407,879,3
23966,388,111,3
23967,85,432,4
23968,16,282,5
23969,109,735,5
23970,347,157,5
23971,215,496,5
23972,280,176,3
23973,130,252,5
23974,456,737,3
23975,94,703,3
23976,21,300,3
23977,207,23,4
23978,64,22,4
23979,387,61,3
23980,416,11,4
23981,90,703,3
23982,207,179,4
23983,151,1039,4
23984,43,1047,3
23985,42,582,3
23986,164,293,4
23987,286,1375,5
23988,200,169,5
23989,404,343,1
23990,477,280,4
23991,379,701,4
23992,301,240,4
23993,11,258,5
23994,61,258,4
23995,85,527,4
23996,16,502,4
23997,456,460,3
23998,145,929,2
23999,27,244,3
24000,445,829,1
24001,407,244,3
24002,427,874,5
24003,39,313,4
24004,429,140,1
24005,456,933,3
24006,367,176,5
24007,319,268,4
24008,334,1014,2
24009,15,13,1
24010,486,874,3
24011,45,934,2
24012,2,242,5
24013,427,245,5
24014,325,137,5
24015,362,264,1
24016,297,114,5
24017,59,161,3
24018,416,297,4
24019,328,28,5
24020,472,151,3
24021,85,284,3
24022,426,132,4
24023,360,1,3
24024,296,293,5
24025,455,323,3
24026,406,63,3
24027,59,22,4
24028,21,674,2
24029,117,789,4
24030,196,202,3
24031,279,70,1
24032,85,57,5
24033,59,1021,4
24034,374,763,3
24035,75,477,4
24036,119,1034,3
24037,374,144,5
24038,493,431,5
24039,28,859,3
24040,312,463,5
24041,493,121,5
24042,276,240,4
24043,321,211,4
24044,371,210,4
24045,83,71,3
24046,467,268,5
24047,376,246,3
24048,271,526,5
24049,360,582,4
24050,394,679,3
24051,201,1011,3
24052,393,1244,3
24053,272,210,5
24054,176,475,5
24055,463,285,4
24056,311,100,1
24057,392,169,4
24058,281,308,1
24059,325,604,4
24060,495,153,5
24061,244,721,5
24062,313,322,3
24063,472,195,5
24064,456,218,4
24065,169,483,3
24066,460,532,3
24067,291,706,3
24068,312,187,5
24069,127,222,5
24070,234,430,4
24071,380,28,4
24072,450,723,3
24073,474,488,3
24074,343,744,4
24075,173,874,4
24076,16,95,5
24077,59,99,4
24078,432,410,4
24079,451,457,2
24080,388,769,3
24081,181,455,1
24082,376,198,5
24083,442,780,3
24084,435,674,2
24085,334,678,3
24086,387,790,1
24087,211,9,3
24088,184,378,4
24089,298,194,5
24090,64,768,2
24091,402,864,3
24092,393,3,3
24093,328,699,4
24094,364,294,5
24095,53,121,4
24096,184,183,4
24097,102,665,1
24098,474,191,5
24099,11,745,5
24100,234,153,3
24101,165,176,4
24102,417,428,3
24103,16,404,5
24104,462,332,5
24105,184,44,4
24106,30,259,4
24107,95,170,5
24108,20,181,4
24109,416,289,3
24110,456,68,4
24111,474,136,4
24112,425,298,4
24113,92,755,3
24114,373,265,4
24115,407,185,5
24116,379,736,4
24117,434,220,5
24118,342,282,1
24119,366,413,4
24120,308,510,3
24121,339,69,4
24122,495,89,3
24123,130,269,4
24124,121,479,5
24125,318,289,3
24126,284,347,5
24127,446,880,2
24128,125,195,5
24129,380,213,2
24130,408,288,4
24131,486,321,3
24132,455,582,2
24133,313,770,4
24134,144,196,4
24135,312,174,5
24136,210,94,4
24137,348,988,3
24138,276,402,3
24139,386,515,5
24140,395,596,2
24141,435,800,4
24142,385,896,5
24143,189,99,5
24144,230,79,5
24145,256,403,4
24146,396,1399,3
24147,345,56,5
24148,423,276,5
24149,343,152,4
24150,85,447,3
24151,399,84,2
24152,375,939,3
24153,393,237,4
24154,405,996,1
24155,395,257,5
24156,296,100,5
24157,346,748,4
24158,479,135,4
24159,280,29,3
24160,339,99,4
24161,436,1119,4
24162,291,31,4
24163,199,116,5
24164,60,174,4
24165,405,66,5
24166,128,121,4
24167,206,269,4
24168,380,95,4
24169,500,111,4
24170,451,984,4
24171,492,492,4
24172,123,435,5
24173,206,308,2
24174,424,275,5
24175,496,526,3
24176,426,490,4
24177,135,288,3
24178,38,402,5
24179,331,32,4
24180,472,763,4
24181,484,265,5
24182,154,919,4
24183,144,215,4
24184,369,50,5
24185,89,111,4
24186,493,82,5
24187,457,241,3
24188,299,88,3
24189,497,566,3
24190,232,531,4
24191,425,257,3
24192,412,408,4
24193,165,222,5
24194,339,88,4
24195,399,405,3
24196,94,728,2
24197,13,663,5
24198,276,931,2
24199,174,269,5
24200,272,50,4
24201,276,79,4
24202,83,508,2
24203,409,676,2
24204,420,275,5
24205,180,186,4
24206,407,629,3
24207,359,286,5
24208,474,48,4
24209,312,850,5
24210,43,111,4
24211,339,436,4
24212,320,226,4
24213,181,363,1
24214,397,332,2
24215,383,268,5
24216,476,72,4
24217,12,133,4
24218,385,451,1
24219,95,1101,2
24220,301,265,4
24221,387,226,3
24222,391,8,3
24223,472,747,5
24224,450,477,4
24225,457,722,4
24226,314,393,4
24227,346,215,3
24228,262,433,4
24229,451,682,4
24230,114,56,3
24231,184,176,4
24232,83,527,4
24233,13,350,2
24234,348,934,4
24235,193,310,4
24236,405,1099,1
24237,379,285,5
24238,291,290,4
24239,430,273,4
24240,349,596,2
24241,459,79,3
24242,90,607,5
24243,82,1163,2
24244,502,892,2
24245,373,136,4
24246,432,258,4
24247,236,476,3
24248,417,217,4
24249,195,982,2
24250,488,748,4
24251,450,419,5
24252,192,121,2
24253,15,252,2
24254,109,323,3
24255,97,204,5
24256,334,655,4
24257,109,265,5
24258,450,689,3
24259,172,606,3
24260,37,273,3
24261,284,307,4
24262,423,326,4
24263,11,654,3
24264,222,735,5
24265,118,559,4
24266,85,188,2
24267,379,62,2
24268,437,517,4
24269,396,829,3
24270,376,111,4
24271,181,974,4
24272,391,604,4
24273,363,159,1
24274,214,181,3
24275,178,322,3
24276,85,222,2
24277,13,342,4
24278,84,276,4
24279,452,554,3
24280,214,650,5
24281,398,732,4
24282,182,203,3
24283,22,167,3
24284,48,1065,2
24285,249,89,5
24286,428,908,4
24287,457,456,2
24288,301,203,4
24289,497,465,3
24290,452,171,4
24291,253,22,5
24292,373,403,3
24293,464,333,4
24294,97,431,3
24295,421,182,5
24296,181,1038,1
24297,480,203,4
24298,328,1483,4
24299,336,105,4
24300,91,498,3
24301,434,125,5
24302,336,732,3
24303,429,15,5
24304,424,689,1
24305,370,285,3
24306,420,251,5
24307,500,781,3
24308,407,448,4
24309,446,326,2
24310,487,739,2
24311,367,179,5
24312,223,866,4
24313,389,514,5
24314,16,79,5
24315,145,202,4
24316,33,245,3
24317,454,605,2
24318,405,1018,1
24319,450,582,4
24320,339,234,4
24321,346,117,4
24322,60,8,3
24323,289,21,1
24324,241,335,3
24325,275,515,3
24326,43,1023,3
24327,297,8,5
24328,466,331,5
24329,396,619,3
24330,264,676,3
24331,64,568,4
24332,474,257,3
24333,198,210,4
24334,503,181,5
24335,416,1037,2
24336,381,150,4
24337,275,154,2
24338,343,786,4
24339,90,837,5
24340,85,423,4
24341,18,211,5
24342,11,57,2
24343,474,77,5
24344,459,282,3
24345,279,146,1
24346,94,176,4
24347,450,270,4
24348,502,301,1
24349,393,69,4
24350,89,1074,5
24351,406,431,3
24352,283,175,4
24353,222,41,3
24354,189,283,5
24355,347,77,5
24356,406,3,3
24357,80,213,3
24358,64,603,3
24359,474,76,4
24360,378,619,3
24361,418,258,5
24362,95,596,2
24363,198,101,5
24364,194,498,3
24365,472,682,4
24366,64,11,4
24367,493,100,5
24368,472,318,5
24369,332,273,5
24370,392,1012,4
24371,284,748,3
24372,294,340,4
24373,142,408,4
24374,450,7,4
24375,303,29,2
24376,440,323,1
24377,411,720,3
24378,427,989,5
24379,458,717,1
24380,325,1003,3
24381,396,1028,3
24382,213,432,4
24383,303,1273,2
24384,488,434,4
24385,188,498,5
24386,310,1386,1
24387,250,1199,3
24388,141,259,1
24389,13,829,3
24390,406,427,4
24391,503,1316,1
24392,253,331,3
24393,92,240,2
24394,151,171,5
24395,399,722,2
24396,429,201,3
24397,175,234,5
24398,391,69,4
24399,472,609,5
24400,467,288,4
24401,292,58,5
24402,499,664,3
24403,496,132,3
24404,286,90,4
24405,419,514,4
24406,254,548,2
24407,435,367,3
24408,496,1074,2
24409,346,12,5
24410,354,1194,4
24411,173,305,5
24412,3,321,5
24413,387,135,5
24414,305,479,3
24415,354,189,3
24416,378,924,3
24417,339,317,4
24418,122,661,4
24419,188,28,3
24420,57,833,4
24421,251,685,4
24422,345,288,3
24423,203,288,5
24424,43,269,5
24425,313,178,5
24426,51,83,5
24427,158,209,5
24428,487,172,4
24429,405,1267,1
24430,135,56,4
24431,489,292,4
24432,450,155,4
24433,161,265,2
24434,342,732,3
24435,222,729,4
24436,340,88,5
24437,360,405,3
24438,344,137,5
24439,450,12,4
24440,416,82,5
24441,360,174,3
24442,407,316,4
24443,248,196,2
24444,450,774,4
24445,363,742,2
24446,493,879,4
24447,314,411,4
24448,433,194,5
24449,404,258,4
24450,327,1170,4
24451,430,288,4
24452,77,56,4
24453,294,476,3
24454,15,927,4
24455,438,121,5
24456,200,177,4
24457,479,55,4
24458,167,225,3
24459,295,230,4
24460,43,408,5
24461,450,383,2
24462,180,380,5
24463,415,180,5
24464,295,158,4
24465,66,741,4
24466,383,504,4
24467,346,951,2
24468,495,478,4
24469,392,170,5
24470,446,311,2
24471,214,318,4
24472,334,28,3
24473,416,531,5
24474,424,243,4
24475,366,445,5
24476,226,408,5
24477,425,7,3
24478,170,326,5
24479,469,136,4
24480,449,171,4
24481,487,218,2
24482,26,304,4
24483,11,317,4
24484,324,275,4
24485,92,71,5
24486,92,12,5
24487,244,660,4
24488,280,1035,4
24489,305,1015,1
24490,458,13,4
24491,453,233,2
24492,437,133,5
24493,1,30,3
24494,429,291,4
24495,426,510,4
24496,450,488,4
24497,345,28,3
24498,7,628,3
24499,494,183,5
24500,394,50,5
24501,18,486,3
24502,343,528,3
24503,334,50,5
24504,423,690,4
24505,465,496,3
24506,474,265,5
24507,489,321,3
24508,495,658,3
24509,500,1012,4
24510,305,153,3
24511,15,255,5
24512,504,163,4
24513,177,55,3
24514,288,345,5
24515,184,443,3
24516,193,402,3
24517,21,675,5
24518,493,423,2
24519,4,328,3
24520,222,73,4
24521,500,159,2
24522,174,1035,4
24523,94,569,1
24524,368,201,5
24525,484,343,2
24526,272,23,5
24527,453,97,3
24528,123,100,4
24529,293,933,2
24530,416,339,5
24531,85,170,4
24532,429,1079,2
24533,5,25,3
24534,261,301,4
24535,270,722,4
24536,398,63,2
24537,399,157,3
24538,378,792,4
24539,85,100,3
24540,336,762,5
24541,329,284,3
24542,456,431,4
24543,275,196,3
24544,495,413,5
24545,268,541,3
24546,378,380,3
24547,1,63,2
24548,301,29,4
24549,462,678,3
24550,481,66,3
24551,431,754,3
24552,435,943,3
24553,406,514,1
24554,347,235,2
24555,323,186,4
24556,95,449,3
24557,500,665,3
24558,130,248,3
24559,450,145,3
24560,426,525,4
24561,221,218,4
24562,503,69,4
24563,143,313,5
24564,125,216,3
24565,435,40,3
24566,472,685,3
24567,5,442,1
24568,8,233,4
24569,18,61,4
24570,440,751,3
24571,215,191,4
24572,16,941,1
24573,48,1064,4
24574,294,363,1
24575,231,255,3
24576,355,264,4
24577,64,310,4
24578,498,191,4
24579,311,215,4
24580,151,185,4
24581,125,369,3
24582,280,217,3
24583,40,286,2
24584,454,519,2
24585,399,318,5
24586,222,228,5
24587,194,625,3
24588,119,689,4
24589,331,124,4
24590,339,100,5
24591,102,168,3
24592,405,1547,2
24593,174,451,5
24594,396,300,3
24595,416,21,3
24596,251,472,3
24597,417,201,4
24598,405,207,1
24599,498,192,5
24600,167,726,1
24601,336,796,3
24602,478,276,5
24603,436,739,4
24604,450,401,3
24605,70,214,3
24606,361,333,2
24607,435,11,5
24608,372,1273,4
24609,405,1400,1
24610,207,298,3
24611,178,790,3
24612,7,98,4
24613,346,50,5
24614,119,762,4
24615,474,553,2
24616,5,186,5
24617,268,738,2
24618,234,1121,5
24619,299,190,5
24620,10,694,5
24621,94,722,2
24622,201,82,4
24623,85,28,4
24624,478,866,1
24625,268,164,2
24626,82,9,4
24627,339,702,4
24628,409,749,3
24629,347,164,3
24630,179,690,1
24631,479,286,1
24632,435,215,2
24633,456,498,4
24634,128,499,5
24635,94,475,5
24636,483,181,4
24637,405,557,1
24638,130,892,3
24639,425,252,2
24640,314,697,3
24641,483,900,3
24642,393,685,3
24643,268,229,2
24644,227,137,5
24645,282,262,4
24646,369,243,3
24647,303,53,3
24648,429,195,4
24649,269,239,2
24650,463,306,4
24651,450,301,4
24652,499,312,4
24653,505,193,3
24654,350,172,5
24655,437,484,4
24656,345,702,4
24657,387,98,4
24658,470,544,3
24659,246,238,5
24660,466,172,4
24661,409,9,4
24662,489,1238,4
24663,371,265,5
24664,283,202,5
24665,417,184,4
24666,62,655,3
24667,233,261,5
24668,141,7,5
24669,426,605,4
24670,463,274,3
24671,497,31,3
24672,102,409,2
24673,256,31,5
24674,437,216,5
24675,263,174,5
24676,315,428,4
24677,13,686,5
24678,234,5,3
24679,279,283,3
24680,177,358,2
24681,14,319,1
24682,110,401,3
24683,144,435,4
24684,405,76,3
24685,284,900,4
24686,500,836,5
24687,177,223,4
24688,13,417,2
24689,105,748,2
24690,399,1035,3
24691,487,43,3
24692,416,83,5
24693,354,509,5
24694,145,939,4
24695,450,468,4
24696,454,482,3
24697,446,288,2
24698,234,1168,2
24699,234,855,3
24700,421,516,5
24701,193,562,3
24702,416,633,4
24703,210,56,5
24704,307,401,1
24705,457,455,4
24706,160,1012,5
24707,417,764,3
24708,48,519,3
24709,466,566,3
24710,497,540,2
24711,426,318,5
24712,65,255,3
24713,301,118,4
24714,126,346,3
24715,166,294,3
24716,3,260,4
24717,313,77,3
24718,145,276,1
24719,399,1137,4
24720,387,293,4
24721,352,172,5
24722,417,792,4
24723,499,347,4
24724,463,988,2
24725,294,752,3
24726,453,578,3
24727,264,184,5
24728,506,470,4
24729,170,984,5
24730,322,156,4
24731,144,326,4
24732,450,157,3
24733,379,704,3
24734,456,12,3
24735,157,290,4
24736,493,886,2
24737,210,180,4
24738,32,240,2
24739,422,222,4
24740,459,295,3
24741,417,475,4
24742,279,181,3
24743,4,258,5
24744,65,651,4
24745,416,142,4
24746,436,96,4
24747,92,92,4
24748,495,797,4
24749,303,458,3
24750,303,381,4
24751,394,229,3
24752,493,11,3
24753,59,3,4
24754,49,82,1
24755,85,641,4
24756,482,289,3
24757,405,649,1
24758,87,22,4
24759,128,71,4
24760,14,921,5
24761,6,293,3
24762,221,386,3
24763,495,127,4
24764,294,307,3
24765,450,771,3
24766,456,1478,4
24767,342,223,4
24768,386,222,4
24769,373,156,2
24770,405,239,3
24771,181,983,2
24772,365,1420,2
24773,399,1246,1
24774,244,780,4
24775,216,412,2
24776,416,739,5
24777,331,214,3
24778,279,470,3
24779,437,229,3
24780,110,226,3
24781,90,1097,4
24782,496,183,2
24783,474,79,5
24784,110,56,1
24785,178,281,3
24786,409,264,1
24787,405,1346,1
24788,267,1090,3
24789,235,303,4
24790,399,651,3
24791,405,812,1
24792,455,2,4
24793,70,483,5
24794,500,1047,3
24795,452,498,4
24796,472,380,5
24797,488,33,2
24798,414,300,4
24799,11,405,3
24800,327,85,2
24801,327,1103,4
24802,354,1065,3
24803,405,791,1
24804,292,1142,4
24805,459,3,2
24806,270,531,4
24807,210,195,4
24808,453,11,5
24809,118,7,5
24810,301,665,2
24811,90,485,5
24812,457,640,4
24813,83,204,5
24814,394,208,5
24815,5,432,4
24816,500,294,3
24817,295,43,4
24818,145,486,3
24819,506,1046,4
24820,30,2,3
24821,103,204,3
24822,308,499,3
24823,455,465,3
24824,495,140,5
24825,317,322,3
24826,387,217,3
24827,128,222,3
24828,405,761,1
24829,16,4,5
24830,452,96,2
24831,216,313,5
24832,472,27,4
24833,497,242,1
24834,282,890,4
24835,233,640,2
24836,303,847,4
24837,62,875,4
24838,452,483,5
24839,128,197,4
24840,381,517,4
24841,319,306,4
24842,387,222,4
24843,474,610,3
24844,174,12,5
24845,463,1383,2
24846,448,303,4
24847,214,479,4
24848,185,1020,4
24849,416,77,4
24850,488,198,4
24851,200,226,4
24852,504,546,4
24853,456,1019,4
24854,227,324,4
24855,417,419,4
24856,158,89,5
24857,328,1313,4
24858,390,277,2
24859,457,742,4
24860,458,209,4
24861,444,678,3
24862,293,1208,3
24863,269,157,3
24864,488,405,3
24865,175,147,3
24866,4,210,3
24867,198,300,2
24868,416,317,5
24869,7,199,5
24870,355,360,4
24871,49,627,2
24872,505,140,4
24873,409,12,4
24874,387,547,4
24875,435,659,4
24876,291,469,5
24877,430,1347,5
24878,429,570,4
24879,18,951,3
24880,409,60,5
24881,22,862,1
24882,448,884,4
24883,443,271,4
24884,454,196,2
24885,357,105,4
24886,308,88,4
24887,474,646,4
24888,271,137,4
24889,11,692,4
24890,493,96,4
24891,429,280,2
24892,435,174,5
24893,448,896,5
24894,291,1478,2
24895,399,1231,3
24896,1,249,4
24897,487,232,4
24898,361,1103,4
24899,365,995,4
24900,7,229,3
24901,168,275,3
24902,37,174,5
24903,328,688,1
24904,409,210,4
24905,339,483,5
24906,404,331,3
24907,381,995,4
24908,128,652,3
24909,44,380,4
24910,94,1014,4
24911,337,471,5
24912,346,944,3
24913,90,661,5
24914,290,483,5
24915,181,924,3
24916,437,473,5
24917,407,218,4
24918,469,641,4
24919,92,54,3
24920,474,506,5
24921,94,179,5
24922,224,470,4
24923,497,575,3
24924,297,302,4
24925,59,615,4
24926,152,69,5
24927,85,1173,4
24928,429,1010,3
24929,264,288,5
24930,407,227,2
24931,419,257,4
24932,63,108,2
24933,397,483,5
24934,159,243,4
24935,499,181,3
24936,113,7,3
24937,100,678,3
24938,197,586,3
24939,308,237,3
24940,313,420,5
24941,499,514,5
24942,453,117,4
24943,474,508,3
24944,451,303,2
24945,381,1018,4
24946,318,1044,4
24947,505,989,1
24948,159,333,5
24949,151,70,4
24950,470,268,2
24951,354,660,3
24952,448,268,3
24953,363,11,5
24954,352,50,5
24955,345,111,4
24956,454,707,3
24957,468,498,5
24958,81,726,4
24959,495,230,5
24960,270,356,3
24961,378,684,3
24962,468,4,5
24963,456,660,5
24964,59,55,5
24965,385,145,1
24966,381,20,5
24967,474,322,4
24968,305,631,3
24969,66,127,4
24970,381,318,5
24971,397,615,5
24972,234,746,2
24973,186,934,3
24974,405,191,4
24975,405,67,5
24976,7,23,3
24977,339,150,4
24978,138,182,4
24979,357,147,5
24980,476,765,4
24981,58,185,2
24982,233,192,5
24983,398,953,3
24984,424,289,5
24985,429,549,4
24986,181,1002,1
24987,374,70,4
24988,487,237,4
24989,56,200,4
24990,457,118,4
24991,6,503,3
24992,151,181,5
24993,452,216,3
24994,320,2,4
24995,230,240,1
24996,379,93,3
24997,25,655,4
24998,93,866,2
24999,26,1014,3
25000,145,1291,3
25001,42,54,4
25002,177,50,5
25003,253,1016,3
25004,271,443,3
25005,311,121,4
25006,383,357,5
25007,425,302,5
25008,442,569,2
25009,262,235,2
25010,447,135,5
25011,234,1269,3
25012,218,168,4
25013,411,22,4
25014,431,307,3
25015,239,181,3
25016,457,127,5
25017,454,323,2
25018,456,177,4
25019,249,12,5
25020,7,583,2
25021,478,354,3
25022,407,405,3
25023,378,223,4
25024,464,194,5
25025,181,477,1
25026,286,924,4
25027,118,223,5
25028,144,281,3
25029,114,156,4
25030,498,127,4
25031,416,14,4
25032,484,228,5
25033,422,324,5
25034,497,627,3
25035,379,568,5
25036,479,88,4
25037,373,401,4
25038,505,591,4
25039,342,301,5
25040,268,597,2
25041,158,684,3
25042,250,333,4
25043,429,504,3
25044,130,246,4
25045,189,204,5
25046,404,1238,3
25047,458,792,4
25048,393,321,3
25049,466,232,4
25050,504,66,4
25051,117,763,5
25052,387,746,1
25053,283,168,5
25054,16,770,3
25055,406,921,4
25056,303,117,3
25057,296,125,5
25058,378,157,3
25059,194,481,3
25060,299,300,4
25061,301,403,4
25062,463,1164,1
25063,450,650,4
25064,235,512,5
25065,486,690,2
25066,399,496,3
25067,18,430,4
25068,488,58,3
25069,212,268,5
25070,21,669,1
25071,506,479,4
25072,341,1025,5
25073,405,726,1
25074,401,483,4
25075,457,664,4
25076,344,696,3
25077,500,244,3
25078,487,140,3
25079,90,70,5
25080,385,604,4
25081,450,288,3
25082,365,269,4
25083,417,1139,3
25084,130,765,4
25085,484,463,4
25086,339,357,5
25087,7,175,5
25088,392,346,4
25089,102,652,2
25090,149,286,5
25091,52,121,4
25092,470,919,3
25093,43,1035,4
25094,497,780,2
25095,437,276,5
25096,459,1047,3
25097,234,156,2
25098,291,367,4
25099,13,855,4
25100,379,1022,3
25101,177,153,4
25102,269,778,3
25103,497,260,4
25104,415,641,3
25105,405,2,1
25106,325,271,3
25107,360,124,5
25108,268,4,4
25109,201,1193,4
25110,239,185,4
25111,345,143,5
25112,145,236,1
25113,141,974,4
25114,497,943,4
25115,253,494,5
25116,262,421,4
25117,374,289,1
25118,22,105,1
25119,506,410,2
25120,338,607,4
25121,125,451,4
25122,311,176,4
25123,435,135,3
25124,458,346,4
25125,465,525,3
25126,59,357,5
25127,480,172,3
25128,123,462,4
25129,468,116,4
25130,214,223,3
25131,437,88,3
25132,425,515,3
25133,174,364,1
25134,505,99,4
25135,451,749,3
25136,507,343,5
25137,98,514,5
25138,1,269,5
25139,416,1336,1
25140,385,429,4
25141,271,179,4
25142,271,393,4
25143,390,275,5
25144,406,461,3
25145,327,154,4
25146,293,7,3
25147,468,469,4
25148,417,483,5
25149,358,511,2
25150,416,1400,4
25151,313,94,3
25152,343,521,5
25153,49,382,2
25154,450,95,3
25155,254,542,3
25156,402,124,4
25157,151,230,3
25158,499,238,2
25159,254,196,4
25160,417,728,3
25161,463,282,3
25162,450,1,4
25163,87,871,4
25164,316,923,5
25165,336,4,4
25166,60,357,4
25167,279,128,5
25168,18,402,3
25169,378,806,4
25170,417,778,4
25171,239,474,5
25172,417,1000,4
25173,94,192,4
25174,417,1207,3
25175,308,157,5
25176,279,1435,3
25177,267,385,3
25178,429,625,3
25179,497,252,3
25180,477,781,4
25181,423,347,3
25182,85,1010,2
25183,221,298,4
25184,203,100,1
25185,455,504,4
25186,276,354,4
25187,250,527,4
25188,236,591,4
25189,104,257,4
25190,44,100,5
25191,183,55,4
25192,8,518,4
25193,32,475,5
25194,291,823,3
25195,128,268,3
25196,447,258,5
25197,5,194,4
25198,399,452,3
25199,405,554,1
25200,372,262,4
25201,381,566,2
25202,334,1170,4
25203,250,313,5
25204,230,98,5
25205,318,161,3
25206,313,118,4
25207,279,99,3
25208,18,165,4
25209,468,411,3
25210,308,641,4
25211,326,8,4
25212,256,106,4
25213,385,1159,4
25214,389,519,4
25215,450,154,3
25216,2,283,5
25217,497,508,3
25218,298,294,3
25219,389,132,5
25220,504,179,1
25221,391,318,4
25222,504,807,4
25223,417,561,3
25224,130,235,4
25225,463,127,5
25226,268,128,3
25227,299,1506,4
25228,6,465,1
25229,378,7,4
25230,130,411,5
25231,276,1301,4
25232,488,154,3
25233,88,311,5
25234,207,276,2
25235,92,674,4
25236,490,993,1
25237,5,229,2
25238,486,287,4
25239,456,484,4
25240,327,70,4
25241,497,657,3
25242,330,63,3
25243,80,154,3
25244,64,475,5
25245,389,467,3
25246,399,1184,3
25247,120,258,5
25248,181,105,1
25249,95,168,4
25250,262,210,3
25251,95,28,4
25252,217,29,2
25253,421,7,3
25254,334,591,4
25255,1,32,5
25256,452,207,4
25257,298,58,4
25258,388,301,4
25259,191,300,4
25260,514,96,5
25261,399,188,4
25262,378,210,4
25263,56,550,4
25264,280,220,5
25265,184,381,4
25266,99,315,4
25267,505,713,3
25268,221,7,4
25269,377,338,3
25270,287,237,5
25271,297,430,1
25272,426,613,3
25273,330,98,5
25274,392,813,3
25275,276,415,3
25276,94,111,4
25277,425,751,2
25278,394,101,4
25279,94,528,5
25280,251,33,3
25281,234,180,3
25282,383,100,4
25283,83,832,3
25284,41,202,2
25285,334,428,4
25286,378,385,4
25287,142,333,5
25288,95,491,4
25289,169,495,3
25290,416,93,4
25291,457,219,4
25292,336,1041,2
25293,363,68,2
25294,271,523,4
25295,425,877,3
25296,312,632,3
25297,330,99,4
25298,493,925,3
25299,493,156,1
25300,472,71,2
25301,314,423,4
25302,490,257,3
25303,276,823,3
25304,429,211,5
25305,468,23,4
25306,23,961,5
25307,66,405,3
25308,61,327,2
25309,49,159,2
25310,503,659,5
25311,417,1232,2
25312,234,1051,2
25313,503,900,5
25314,393,1468,4
25315,74,351,3
25316,105,690,3
25317,232,117,3
25318,286,703,2
25319,145,156,5
25320,503,194,4
25321,303,11,4
25322,355,271,3
25323,292,523,4
25324,236,496,3
25325,264,1355,4
25326,59,483,5
25327,474,293,4
25328,452,588,3
25329,22,431,4
25330,416,257,3
25331,63,333,4
25332,271,98,5
25333,508,238,4
25334,2,276,4
25335,102,245,3
25336,435,376,2
25337,301,181,5
25338,76,1157,1
25339,436,504,4
25340,503,164,3
25341,511,346,4
25342,450,1020,4
25343,90,89,5
25344,338,513,5
25345,504,72,4
25346,514,15,4
25347,6,461,4
25348,498,54,2
25349,246,441,3
25350,371,423,5
25351,157,100,5
25352,216,280,2
25353,315,173,4
25354,457,57,4
25355,498,187,4
25356,207,483,5
25357,77,268,5
25358,90,300,3
25359,104,258,3
25360,23,588,4
25361,455,70,3
25362,60,494,4
25363,401,404,2
25364,224,284,3
25365,493,411,1
25366,399,97,4
25367,222,186,5
25368,153,50,1
25369,489,310,4
25370,504,678,4
25371,486,994,3
25372,233,47,5
25373,450,712,3
25374,96,194,2
25375,488,474,2
25376,417,774,4
25377,413,302,2
25378,244,215,4
25379,337,127,3
25380,497,274,3
25381,483,462,3
25382,70,24,4
25383,417,1041,3
25384,253,12,5
25385,87,866,4
25386,450,227,3
25387,404,739,4
25388,506,281,3
25389,504,1263,4
25390,191,891,3
25391,477,709,5
25392,459,827,3
25393,267,732,4
25394,396,100,2
25395,201,751,3
25396,416,196,5
25397,425,156,5
25398,450,923,5
25399,312,493,5
25400,316,185,2
25401,201,455,3
25402,405,732,5
25403,200,984,3
25404,405,1439,1
25405,42,756,5
25406,85,205,4
25407,165,270,4
25408,484,560,4
25409,372,129,4
25410,360,328,3
25411,109,425,2
25412,347,432,4
25413,445,209,4
25414,167,318,5
25415,437,69,2
25416,254,435,3
25417,467,257,4
25418,307,56,4
25419,83,69,4
25420,279,132,3
25421,262,451,4
25422,480,615,4
25423,330,94,4
25424,325,434,5
25425,457,66,4
25426,330,28,5
25427,251,1016,3
25428,385,186,1
25429,311,562,3
25430,234,887,3
25431,266,25,3
25432,411,227,3
25433,472,758,1
25434,416,515,5
25435,425,32,3
25436,393,929,3
25437,83,233,4
25438,38,588,5
25439,92,409,3
25440,256,785,4
25441,435,86,4
25442,504,581,4
25443,83,15,4
25444,321,48,4
25445,11,508,4
25446,435,5,2
25447,472,568,5
25448,263,202,4
25449,214,64,5
25450,269,48,5
25451,438,181,4
25452,7,187,4
25453,281,304,5
25454,303,603,5
25455,506,229,4
25456,276,526,4
25457,486,882,2
25458,416,692,5
25459,402,182,5
25460,222,1016,3
25461,223,974,2
25462,62,50,5
25463,76,318,3
25464,413,236,4
25465,342,26,2
25466,385,1103,3
25467,194,562,2
25468,53,64,5
25469,415,754,4
25470,361,514,5
25471,237,408,5
25472,293,684,3
25473,404,348,3
25474,58,1101,5
25475,301,132,4
25476,208,194,5
25477,324,294,5
25478,11,79,4
25479,363,79,2
25480,109,79,5
25481,488,180,2
25482,276,192,5
25483,489,881,2
25484,210,517,4
25485,499,482,2
25486,177,92,4
25487,119,332,4
25488,428,331,4
25489,13,796,3
25490,311,783,3
25491,399,431,2
25492,469,153,4
25493,234,735,3
25494,436,642,4
25495,230,25,3
25496,438,118,4
25497,468,249,3
25498,383,654,5
25499,320,71,3
25500,76,7,4
25501,385,1160,2
25502,500,971,5
25503,270,90,5
25504,307,185,3
25505,121,165,4
25506,346,1135,4
25507,354,202,3
25508,425,68,4
25509,321,64,3
25510,384,316,5
25511,503,127,5
25512,13,827,3
25513,264,19,5
25514,249,588,3
25515,314,588,5
25516,406,923,3
25517,174,715,3
25518,193,82,2
25519,308,276,4
25520,479,1013,1
25521,191,900,4
25522,455,279,3
25523,506,494,5
25524,280,769,3
25525,210,568,4
25526,474,744,3
25527,94,187,4
25528,405,395,3
25529,213,143,5
25530,497,382,4
25531,500,469,4
25532,346,300,5
25533,214,127,4
25534,375,288,4
25535,381,961,3
25536,332,931,2
25537,64,82,3
25538,38,127,2
25539,389,127,5
25540,423,751,3
25541,391,774,2
25542,110,895,2
25543,215,271,4
25544,336,575,3
25545,454,404,3
25546,11,222,3
25547,18,91,3
25548,379,631,5
25549,343,614,5
25550,271,371,5
25551,91,132,3
25552,406,172,5
25553,506,465,4
25554,505,245,4
25555,190,471,5
25556,149,302,4
25557,446,888,1
25558,363,651,3
25559,442,42,4
25560,194,423,3
25561,405,560,1
25562,184,945,4
25563,113,424,1
25564,215,313,5
25565,468,13,4
25566,60,735,5
25567,437,747,4
25568,271,77,4
25569,60,435,4
25570,378,732,4
25571,417,1446,3
25572,274,866,4
25573,393,154,2
25574,450,1222,3
25575,331,1194,3
25576,461,269,3
25577,178,38,3
25578,169,684,5
25579,336,1437,2
25580,70,8,4
25581,34,324,5
25582,506,560,3
25583,151,1203,5
25584,194,736,2
25585,145,363,4
25586,352,129,5
25587,515,344,2
25588,275,71,3
25589,454,234,3
25590,31,268,3
25591,450,1152,5
25592,361,639,4
25593,487,255,2
25594,31,32,5
25595,409,153,4
25596,396,25,3
25597,447,748,1
25598,478,188,4
25599,293,588,3
25600,297,154,5
25601,469,605,4
25602,378,68,2
25603,395,231,4
25604,343,42,4
25605,301,739,2
25606,301,521,3
25607,406,175,5
25608,470,950,3
25609,326,435,3
25610,363,293,4
25611,130,692,5
25612,493,210,5
25613,59,770,4
25614,445,479,3
25615,496,318,4
25616,182,111,4
25617,64,511,4
25618,425,675,3
25619,276,343,4
25620,244,732,1
25621,227,1028,2
25622,305,971,4
25623,337,520,5
25624,466,546,4
25625,321,153,4
25626,387,277,4
25627,236,225,3
25628,10,606,5
25629,268,226,4
25630,416,750,5
25631,303,28,3
25632,429,673,3
25633,59,210,4
25634,186,1399,2
25635,393,717,3
25636,474,1009,4
25637,416,682,3
25638,308,1411,4
25639,451,1393,2
25640,470,546,4
25641,406,632,4
25642,145,767,2
25643,417,293,4
25644,486,257,3
25645,162,144,3
25646,450,101,5
25647,417,679,2
25648,179,307,3
25649,116,304,2
25650,342,423,4
25651,385,175,4
25652,43,97,5
25653,422,682,2
25654,314,996,4
25655,5,183,4
25656,487,710,4
25657,474,117,4
25658,102,210,3
25659,370,607,5
25660,346,746,3
25661,450,395,3
25662,145,1028,5
25663,58,310,4
25664,478,658,3
25665,437,124,5
25666,66,248,4
25667,389,167,3
25668,13,679,4
25669,113,948,3
25670,23,530,4
25671,450,1050,4
25672,136,137,5
25673,450,94,4
25674,468,258,4
25675,392,249,1
25676,387,161,1
25677,459,411,2
25678,489,457,3
25679,361,170,5
25680,498,474,4
25681,479,640,4
25682,512,265,4
25683,382,150,2
25684,235,83,4
25685,405,98,4
25686,206,748,4
25687,488,468,5
25688,347,240,5
25689,406,135,5
25690,330,451,5
25691,388,682,4
25692,276,62,2
25693,209,286,2
25694,59,675,5
25695,210,327,4
25696,293,25,3
25697,20,94,2
25698,66,508,4
25699,269,582,4
25700,62,512,4
25701,401,535,2
25702,290,496,4
25703,416,790,4
25704,45,820,4
25705,90,639,5
25706,239,512,5
25707,347,158,3
25708,450,272,5
25709,296,259,1
25710,230,951,5
25711,356,347,4
25712,389,90,3
25713,279,401,5
25714,275,62,3
25715,474,707,5
25716,5,440,1
25717,82,284,4
25718,451,270,4
25719,515,362,4
25720,327,328,2
25721,1,141,3
25722,18,519,4
25723,500,116,4
25724,293,250,3
25725,407,502,2
25726,196,340,3
25727,69,42,5
25728,296,663,5
25729,249,546,3
25730,339,410,2
25731,298,430,5
25732,223,930,2
25733,295,161,4
25734,170,323,3
25735,398,88,4
25736,360,483,5
25737,513,117,5
25738,385,425,3
25739,291,655,4
25740,233,14,4
25741,84,1,2
25742,374,252,3
25743,497,570,3
25744,178,24,3
25745,198,222,3
25746,119,56,4
25747,109,568,5
25748,244,521,4
25749,435,792,4
25750,487,12,5
25751,475,286,2
25752,256,79,5
25753,203,815,4
25754,406,148,3
25755,200,28,5
25756,308,19,3
25757,413,284,4
25758,224,313,5
25759,391,61,5
25760,249,423,4
25761,160,273,5
25762,327,475,4
25763,416,81,5
25764,504,370,3
25765,456,1267,4
25766,5,29,4
25767,450,629,4
25768,176,952,2
25769,350,185,5
25770,454,258,4
25771,73,32,4
25772,456,57,4
25773,177,268,3
25774,506,385,4
25775,344,291,3
25776,500,58,3
25777,24,180,5
25778,95,708,2
25779,497,188,3
25780,13,529,4
25781,271,127,5
25782,458,12,5
25783,456,423,3
25784,360,515,4
25785,339,678,2
25786,109,181,5
25787,18,284,3
25788,400,749,4
25789,478,48,4
25790,311,444,2
25791,262,1095,2
25792,313,428,3
25793,417,70,4
25794,94,763,3
25795,442,350,2
25796,346,636,3
25797,43,231,4
25798,45,756,2
25799,234,591,3
25800,43,196,4
25801,327,190,4
25802,78,257,4
25803,436,168,3
25804,105,264,2
25805,416,241,5
25806,463,249,2
25807,42,43,2
25808,523,114,5
25809,156,651,4
25810,378,501,4
25811,194,356,2
25812,157,934,2
25813,403,274,3
25814,267,164,3
25815,154,288,3
25816,429,124,4
25817,97,132,5
25818,500,237,3
25819,57,11,3
25820,308,231,3
25821,291,33,4
25822,417,708,2
25823,246,567,5
25824,447,151,3
25825,488,292,3
25826,295,60,5
25827,339,127,5
25828,415,479,4
25829,250,988,4
25830,417,56,5
25831,198,1,4
25832,430,293,3
25833,505,748,1
25834,512,23,4
25835,90,136,5
25836,144,1065,4
25837,48,294,3
25838,312,521,5
25839,276,691,4
25840,293,462,4
25841,435,153,3
25842,435,62,3
25843,280,507,3
25844,321,480,4
25845,445,844,2
25846,379,649,4
25847,387,1134,1
25848,222,521,5
25849,95,70,4
25850,457,229,4
25851,447,231,2
25852,493,652,5
25853,151,716,2
25854,398,94,2
25855,7,547,3
25856,474,172,5
25857,114,655,3
25858,253,202,5
25859,504,1437,2
25860,515,313,4
25861,518,124,3
25862,102,548,2
25863,497,258,4
25864,325,186,4
25865,158,39,5
25866,68,458,1
25867,309,319,4
25868,504,414,5
25869,425,583,3
25870,495,379,5
25871,405,374,1
25872,380,665,2
25873,387,147,2
25874,207,458,3
25875,110,215,3
25876,343,530,5
25877,116,511,4
25878,415,195,5
25879,85,194,4
25880,508,195,3
25881,477,15,4
25882,360,326,3
25883,268,324,4
25884,280,725,3
25885,407,519,4
25886,475,100,5
25887,102,231,2
25888,339,161,3
25889,95,463,5
25890,438,286,2
25891,417,20,2
25892,94,268,4
25893,23,100,5
25894,313,258,3
25895,406,276,4
25896,92,218,4
25897,495,56,5
25898,313,663,5
25899,113,124,3
25900,86,270,5
25901,416,331,4
25902,13,884,2
25903,392,134,5
25904,363,117,5
25905,249,741,4
25906,498,522,3
25907,303,258,4
25908,437,211,4
25909,118,79,5
25910,234,16,2
25911,334,642,5
25912,346,38,3
25913,280,1466,5
25914,194,121,2
25915,416,845,4
25916,495,451,4
25917,301,81,3
25918,505,498,5
25919,437,518,2
25920,186,754,2
25921,261,687,5
25922,308,118,3
25923,64,227,3
25924,455,321,2
25925,213,504,5
25926,499,661,3
25927,301,447,4
25928,26,246,4
25929,504,194,3
25930,387,470,3
25931,279,932,3
25932,103,405,3
25933,296,79,4
25934,7,449,3
25935,451,332,4
25936,167,96,5
25937,21,413,2
25938,393,802,3
25939,455,204,4
25940,31,175,5
25941,385,1066,4
25942,286,147,5
25943,59,642,5
25944,259,121,3
25945,428,896,4
25946,405,1221,1
25947,468,285,4
25948,328,62,3
25949,354,889,5
25950,446,303,2
25951,448,316,1
25952,56,399,4
25953,371,627,4
25954,96,195,5
25955,393,376,4
25956,201,772,5
25957,374,1215,1
25958,308,558,4
25959,383,1063,5
25960,116,268,5
25961,328,226,3
25962,178,685,4
25963,224,333,3
25964,270,5,5
25965,57,64,5
25966,374,1049,1
25967,167,478,5
25968,224,326,4
25969,193,781,3
25970,89,240,4
25971,409,483,4
25972,327,327,3
25973,347,756,2
25974,416,1074,5
25975,509,319,2
25976,326,657,5
25977,92,364,3
25978,495,391,3
25979,6,410,4
25980,472,739,5
25981,461,313,4
25982,122,180,5
25983,454,642,2
25984,518,1047,4
25985,494,237,4
25986,499,215,4
25987,472,255,5
25988,378,496,3
25989,387,91,4
25990,416,225,1
25991,361,430,5
25992,429,166,5
25993,373,423,2
25994,96,318,5
25995,307,181,5
25996,13,880,3
25997,387,151,3
25998,48,269,1
25999,275,99,3
26000,234,185,3
26001,68,286,5
26002,500,30,4
26003,473,547,3
26004,473,10,3
26005,177,11,4
26006,326,64,4
26007,366,561,5
26008,148,50,5
26009,49,1018,2
26010,90,972,4
26011,486,818,3
26012,479,422,3
26013,17,137,4
26014,64,436,5
26015,79,906,5
26016,516,199,3
26017,450,225,4
26018,407,635,3
26019,381,847,4
26020,479,161,3
26021,145,687,2
26022,321,510,5
26023,505,187,1
26024,201,956,4
26025,436,125,4
26026,256,684,5
26027,91,135,4
26028,358,558,4
26029,279,94,3
26030,312,176,4
26031,326,511,4
26032,301,502,4
26033,451,1296,3
26034,18,949,3
26035,94,90,3
26036,331,735,4
26037,72,212,5
26038,472,365,4
26039,421,11,2
26040,269,96,1
26041,406,641,5
26042,314,125,5
26043,303,137,4
26044,363,531,4
26045,518,291,3
26046,447,117,4
26047,145,23,4
26048,374,186,5
26049,333,513,4
26050,445,295,1
26051,383,340,5
26052,103,301,4
26053,346,180,5
26054,409,191,5
26055,75,678,3
26056,494,1,3
26057,326,651,4
26058,167,435,5
26059,271,286,4
26060,315,176,4
26061,416,283,5
26062,320,550,5
26063,307,204,3
26064,327,1007,4
26065,167,1304,4
26066,235,603,3
26067,279,624,4
26068,425,22,3
26069,221,358,3
26070,393,1258,3
26071,457,282,4
26072,145,877,2
26073,465,179,3
26074,472,88,2
26075,510,289,2
26076,325,50,5
26077,181,1359,1
26078,305,327,3
26079,361,502,4
26080,18,200,3
26081,214,154,3
26082,13,316,5
26083,387,47,4
26084,457,258,5
26085,487,136,5
26086,59,111,4
26087,145,789,4
26088,378,15,4
26089,305,64,5
26090,44,249,4
26091,348,126,5
26092,457,240,3
26093,359,298,5
26094,393,90,2
26095,294,619,3
26096,466,1313,3
26097,321,9,4
26098,174,1282,5
26099,132,175,3
26100,405,729,4
26101,5,378,1
26102,159,274,3
26103,279,444,3
26104,479,71,1
26105,435,154,4
26106,25,474,4
26107,374,161,5
26108,234,1133,3
26109,449,546,2
26110,430,302,4
26111,361,60,4
26112,328,70,4
26113,303,239,3
26114,479,748,3
26115,450,402,4
26116,434,756,2
26117,380,463,4
26118,476,781,4
26119,428,879,4
26120,474,234,5
26121,330,568,5
26122,269,77,1
26123,92,591,4
26124,351,300,5
26125,505,468,4
26126,379,233,3
26127,201,1268,4
26128,425,529,4
26129,22,231,2
26130,435,284,2
26131,406,71,3
26132,375,5,4
26133,327,12,3
26134,437,581,1
26135,466,350,4
26136,409,484,4
26137,202,204,3
26138,405,1253,1
26139,363,70,2
26140,394,84,4
26141,494,199,4
26142,486,6,4
26143,339,530,5
26144,383,531,3
26145,360,748,2
26146,232,246,4
26147,277,147,4
26148,416,347,4
26149,470,93,4
26150,22,367,1
26151,392,880,4
26152,271,505,4
26153,246,12,5
26154,389,997,3
26155,514,429,4
26156,280,239,3
26157,306,321,3
26158,524,151,1
26159,472,1469,4
26160,501,25,3
26161,15,50,5
26162,118,132,4
26163,495,1444,2
26164,125,790,4
26165,314,815,5
26166,13,155,2
26167,203,993,3
26168,405,1290,2
26169,376,427,4
26170,291,140,4
26171,244,941,4
26172,278,286,5
26173,210,435,4
26174,495,200,5
26175,325,28,3
26176,450,736,5
26177,43,479,4
26178,286,224,5
26179,481,313,4
26180,227,321,3
26181,525,1,4
26182,470,221,4
26183,250,676,5
26184,2,1,4
26185,221,156,5
26186,63,15,3
26187,128,133,5
26188,426,1204,4
26189,64,679,3
26190,389,474,5
26191,443,323,2
26192,521,81,1
26193,178,1101,4
26194,471,418,3
26195,52,117,4
26196,5,392,2
26197,181,877,2
26198,65,258,3
26199,379,191,5
26200,271,257,4
26201,170,348,3
26202,178,1157,3
26203,524,205,5
26204,56,234,4
26205,224,736,3
26206,193,94,3
26207,216,58,4
26208,271,1046,4
26209,524,89,5
26210,514,746,5
26211,158,293,4
26212,122,69,2
26213,128,655,3
26214,479,164,4
26215,454,11,1
26216,416,1426,5
26217,7,419,3
26218,486,123,3
26219,229,311,5
26220,416,268,4
26221,292,482,5
26222,470,293,4
26223,488,655,3
26224,71,175,4
26225,109,29,3
26226,445,480,3
26227,160,531,5
26228,178,95,5
26229,524,660,5
26230,447,642,4
26231,383,223,3
26232,181,336,2
26233,195,1416,2
26234,458,742,4
26235,308,15,3
26236,292,156,5
26237,130,982,1
26238,376,223,4
26239,483,250,3
26240,178,591,5
26241,213,655,4
26242,435,85,4
26243,405,1588,1
26244,40,245,3
26245,436,200,3
26246,393,257,4
26247,347,226,4
26248,178,238,4
26249,232,302,5
26250,524,285,3
26251,130,532,5
26252,184,512,4
26253,59,713,5
26254,13,646,4
26255,184,527,4
26256,479,385,2
26257,454,257,4
26258,230,265,5
26259,101,280,3
26260,428,988,1
26261,26,628,3
26262,454,197,4
26263,16,240,4
26264,405,573,3
26265,262,181,3
26266,13,689,2
26267,123,98,4
26268,62,1,2
26269,463,284,3
26270,151,781,3
26271,178,235,1
26272,405,1166,1
26273,13,347,5
26274,251,1098,3
26275,334,83,4
26276,325,768,3
26277,271,663,4
26278,416,329,3
26279,503,173,5
26280,64,431,4
26281,193,72,2
26282,22,449,1
26283,104,302,5
26284,336,388,1
26285,46,245,3
26286,429,485,3
26287,339,80,3
26288,378,693,4
26289,31,490,4
26290,271,614,4
26291,265,298,5
26292,381,283,5
26293,337,15,5
26294,467,240,3
26295,348,111,5
26296,64,748,1
26297,303,387,5
26298,497,385,3
26299,163,433,1
26300,470,246,2
26301,92,145,2
26302,475,347,4
26303,405,1590,1
26304,117,144,4
26305,354,753,5
26306,365,288,5
26307,10,221,4
26308,181,591,4
26309,457,1012,4
26310,373,655,5
26311,329,169,4
26312,276,797,3
26313,167,240,1
26314,102,566,2
26315,374,620,3
26316,417,123,2
26317,437,657,5
26318,195,1407,2
26319,387,97,2
26320,102,91,3
26321,506,1608,2
26322,327,211,3
26323,398,480,5
26324,57,763,5
26325,457,769,2
26326,486,3,2
26327,504,755,4
26328,217,33,4
26329,59,443,5
26330,417,273,3
26331,59,647,5
26332,484,778,5
26333,354,255,2
26334,441,9,4
26335,455,304,3
26336,104,313,4
26337,293,38,1
26338,10,432,4
26339,385,482,3
26340,374,974,4
26341,450,707,5
26342,246,208,4
26343,91,176,5
26344,518,25,5
26345,262,959,2
26346,492,483,2
26347,514,328,3
26348,393,876,3
26349,125,435,4
26350,440,971,5
26351,432,150,5
26352,270,335,3
26353,399,12,3
26354,378,248,3
26355,303,540,1
26356,474,285,5
26357,405,1148,1
26358,357,597,4
26359,479,436,4
26360,173,690,5
26361,181,475,2
26362,458,1261,4
26363,152,504,4
26364,374,924,5
26365,445,117,1
26366,298,134,5
26367,44,81,4
26368,346,366,2
26369,365,294,1
26370,262,40,4
26371,13,554,2
26372,343,89,3
26373,524,615,2
26374,394,128,3
26375,11,69,3
26376,116,306,3
26377,90,1195,5
26378,449,1006,4
26379,436,288,4
26380,84,225,4
26381,500,553,2
26382,327,1017,2
26383,285,302,5
26384,5,390,5
26385,456,50,4
26386,354,652,4
26387,142,124,4
26388,520,315,4
26389,508,69,3
26390,337,449,4
26391,95,193,3
26392,413,9,4
26393,303,3,3
26394,480,174,5
26395,60,1050,3
26396,67,25,4
26397,327,464,4
26398,122,582,5
26399,259,288,3
26400,519,1617,5
26401,496,156,3
26402,293,165,3
26403,222,31,5
26404,90,430,3
26405,267,229,4
26406,435,423,2
26407,495,235,5
26408,276,73,3
26409,116,116,3
26410,504,118,3
26411,514,189,5
26412,292,607,4
26413,450,60,3
26414,412,7,5
26415,508,144,3
26416,374,89,2
26417,437,218,2
26418,493,180,4
26419,26,126,4
26420,161,435,2
26421,405,525,1
26422,279,436,4
26423,148,89,5
26424,354,1197,3
26425,10,116,4
26426,321,175,3
26427,437,746,4
26428,435,751,4
26429,360,308,4
26430,495,216,4
26431,67,546,3
26432,354,515,3
26433,279,597,5
26434,463,1012,2
26435,234,602,4
26436,346,802,4
26437,398,735,4
26438,23,652,4
26439,435,1401,4
26440,456,369,3
26441,446,328,3
26442,43,140,4
26443,449,117,3
26444,299,484,4
26445,495,68,5
26446,267,926,2
26447,430,264,2
26448,94,809,2
26449,201,11,4
26450,453,172,5
26451,405,776,1
26452,393,1228,3
26453,222,388,2
26454,388,742,5
26455,495,44,3
26456,429,165,5
26457,316,168,3
26458,60,608,5
26459,363,72,1
26460,378,387,4
26461,453,384,2
26462,386,833,3
26463,468,251,4
26464,328,317,4
26465,6,504,3
26466,344,405,2
26467,72,582,4
26468,419,181,4
26469,453,427,3
26470,504,402,4
26471,483,249,2
26472,450,613,4
26473,206,262,1
26474,293,746,3
26475,94,66,2
26476,379,79,5
26477,455,778,4
26478,217,679,5
26479,435,161,3
26480,394,210,4
26481,280,1221,5
26482,450,465,4
26483,286,209,4
26484,459,274,4
26485,438,866,5
26486,504,215,4
26487,488,485,3
26488,442,82,3
26489,523,382,5
26490,417,206,2
26491,257,70,4
26492,479,230,4
26493,348,121,5
26494,72,15,5
26495,508,735,4
26496,246,95,3
26497,115,33,4
26498,139,460,3
26499,456,673,3
26500,450,747,4
26501,297,514,3
26502,442,943,4
26503,472,141,4
26504,327,321,3
26505,525,123,3
26506,472,501,3
26507,379,559,3
26508,523,153,4
26509,276,692,4
26510,466,2,1
26511,174,696,4
26512,94,586,1
26513,468,321,3
26514,230,28,5
26515,23,283,4
26516,487,143,3
26517,303,525,5
26518,314,1041,4
26519,181,934,3
26520,511,292,5
26521,382,56,5
26522,181,1162,1
26523,327,218,3
26524,255,685,3
26525,416,367,5
26526,248,7,2
26527,528,485,2
26528,378,651,4
26529,480,483,3
26530,504,199,4
26531,393,480,4
26532,38,1033,5
26533,393,559,3
26534,299,461,3
26535,284,272,5
26536,515,690,2
26537,234,4,4
26538,268,397,2
26539,327,285,4
26540,49,1072,1
26541,450,493,4
26542,14,96,4
26543,493,546,5
26544,417,265,3
26545,492,127,5
26546,484,926,4
26547,181,1026,1
26548,19,288,3
26549,85,197,5
26550,417,154,4
26551,193,300,4
26552,254,8,5
26553,194,405,2
26554,453,100,5
26555,497,100,4
26556,426,494,3
26557,305,121,3
26558,378,11,3
26559,298,23,4
26560,311,1042,3
26561,314,367,4
26562,205,315,4
26563,291,417,4
26564,429,216,4
26565,276,21,3
26566,233,378,4
26567,97,526,3
26568,406,215,3
26569,94,56,5
26570,56,210,5
26571,18,474,4
26572,308,591,3
26573,320,421,4
26574,32,248,4
26575,197,678,2
26576,245,133,2
26577,401,1016,3
26578,201,238,3
26579,254,78,3
26580,295,118,3
26581,498,197,5
26582,495,172,5
26583,528,239,5
26584,270,279,5
26585,399,559,3
26586,311,750,5
26587,416,219,4
26588,486,286,2
26589,296,523,4
26590,280,235,5
26591,429,31,3
26592,207,60,3
26593,16,469,3
26594,367,559,4
26595,433,59,5
26596,371,50,4
26597,83,322,3
26598,399,710,2
26599,493,298,3
26600,298,318,5
26601,263,690,5
26602,178,90,3
26603,112,321,3
26604,363,537,1
26605,6,321,3
26606,429,258,4
26607,286,144,3
26608,92,100,5
26609,499,742,4
26610,429,392,3
26611,497,82,4
26612,504,197,4
26613,123,483,4
26614,318,94,4
26615,313,404,4
26616,472,411,4
26617,126,328,5
26618,504,417,3
26619,130,82,5
26620,345,1008,3
26621,94,508,5
26622,469,530,5
26623,504,719,3
26624,504,281,4
26625,393,1185,3
26626,435,175,4
26627,518,919,5
26628,474,498,4
26629,504,934,4
26630,504,75,4
26631,497,864,3
26632,480,234,4
26633,286,216,4
26634,494,191,4
26635,311,724,4
26636,206,1434,1
26637,508,172,5
26638,314,11,5
26639,435,200,5
26640,422,53,4
26641,504,143,4
26642,347,982,1
26643,524,650,2
26644,474,196,5
26645,442,685,2
26646,197,684,4
26647,472,1095,4
26648,483,449,3
26649,425,841,1
26650,222,238,5
26651,450,123,2
26652,472,135,4
26653,263,87,4
26654,479,1244,3
26655,241,288,5
26656,445,248,1
26657,339,186,4
26658,456,1008,4
26659,18,9,5
26660,246,746,4
26661,265,245,4
26662,486,717,2
26663,95,971,3
26664,301,195,5
26665,532,58,4
26666,10,334,4
26667,13,613,4
26668,48,496,5
26669,26,181,4
26670,244,1079,2
26671,330,554,3
26672,458,288,3
26673,189,132,5
26674,160,671,5
26675,489,271,4
26676,180,258,5
26677,458,956,5
26678,354,66,2
26679,253,300,4
26680,429,137,5
26681,291,546,3
26682,257,245,4
26683,342,8,4
26684,436,325,3
26685,507,338,5
26686,472,578,5
26687,1,211,3
26688,530,527,4
26689,504,1442,3
26690,194,69,4
26691,416,746,5
26692,64,569,3
26693,287,9,5
26694,311,196,5
26695,396,742,4
26696,450,10,4
26697,276,558,4
26698,81,275,4
26699,406,204,5
26700,452,203,3
26701,280,765,4
26702,44,159,3
26703,531,990,5
26704,264,514,5
26705,524,1268,3
26706,7,574,5
26707,463,149,2
26708,279,71,3
26709,63,1012,3
26710,506,72,3
26711,503,137,5
26712,62,1009,4
26713,389,602,4
26714,86,328,2
26715,370,135,4
26716,232,603,4
26717,472,217,5
26718,478,496,5
26719,387,768,1
26720,7,616,4
26721,59,416,3
26722,399,554,3
26723,101,257,4
26724,321,83,4
26725,506,1219,2
26726,114,855,3
26727,145,117,5
26728,92,1011,3
26729,85,30,3
26730,425,17,4
26731,39,937,5
26732,42,720,4
26733,349,544,4
26734,102,501,2
26735,276,462,4
26736,270,727,5
26737,207,88,2
26738,151,782,4
26739,116,324,2
26740,456,273,3
26741,488,491,4
26742,81,1047,3
26743,176,25,3
26744,123,319,4
26745,213,511,4
26746,203,150,5
26747,230,237,5
26748,500,223,4
26749,92,143,3
26750,186,595,3
26751,374,106,3
26752,21,240,4
26753,417,118,4
26754,65,514,4
26755,459,336,2
26756,83,739,5
26757,266,286,4
26758,156,178,5
26759,256,185,5
26760,347,692,4
26761,236,216,5
26762,250,340,4
26763,353,272,5
26764,476,1188,2
26765,524,605,1
26766,496,633,3
26767,435,1074,2
26768,95,423,5
26769,118,53,5
26770,524,182,5
26771,401,430,2
26772,344,70,3
26773,200,107,3
26774,399,226,3
26775,459,121,5
26776,398,125,3
26777,73,171,5
26778,505,54,3
26779,518,284,4
26780,37,825,2
26781,130,261,4
26782,479,122,1
26783,190,898,2
26784,137,174,5
26785,351,245,3
26786,227,273,3
26787,382,332,3
26788,229,272,3
26789,109,216,3
26790,437,781,4
26791,452,1427,5
26792,479,655,4
26793,514,47,4
26794,450,514,5
26795,210,290,4
26796,409,478,4
26797,437,168,3
26798,409,1065,2
26799,343,1,5
26800,416,346,4
26801,342,131,5
26802,397,588,4
26803,458,284,4
26804,327,182,4
26805,268,729,3
26806,301,228,3
26807,502,683,3
26808,239,65,5
26809,467,100,5
26810,425,286,1
26811,361,129,4
26812,460,1115,3
26813,532,603,5
26814,363,1214,1
26815,373,432,5
26816,94,786,3
26817,314,1311,5
26818,234,69,4
26819,450,1041,4
26820,128,159,4
26821,5,101,5
26822,524,603,3
26823,338,443,5
26824,372,1109,4
26825,477,88,5
26826,456,985,3
26827,529,325,3
26828,464,705,5
26829,419,89,3
26830,251,429,4
26831,388,298,5
26832,198,763,3
26833,405,644,3
26834,354,193,3
26835,483,313,2
26836,456,86,2
26837,497,765,3
26838,160,248,5
26839,345,1023,2
26840,500,133,3
26841,425,445,3
26842,19,887,4
26843,236,673,4
26844,301,127,4
26845,294,410,4
26846,74,328,4
26847,378,404,4
26848,144,69,5
26849,161,181,2
26850,474,210,5
26851,105,271,2
26852,417,16,3
26853,445,831,1
26854,303,518,4
26855,10,692,4
26856,474,756,1
26857,454,100,4
26858,119,329,3
26859,303,420,4
26860,174,210,4
26861,327,69,2
26862,184,1014,2
26863,447,5,3
26864,94,932,2
26865,455,529,3
26866,501,307,4
26867,506,50,5
26868,454,143,4
26869,392,59,4
26870,394,156,4
26871,145,738,3
26872,5,208,4
26873,524,1044,4
26874,346,576,3
26875,484,879,4
26876,401,632,4
26877,401,282,3
26878,6,522,5
26879,416,94,2
26880,495,29,2
26881,483,271,3
26882,44,25,2
26883,303,25,4
26884,274,98,5
26885,436,276,4
26886,508,188,4
26887,184,1167,5
26888,15,333,1
26889,474,496,4
26890,171,258,4
26891,360,50,4
26892,157,1244,3
26893,373,143,3
26894,148,209,5
26895,437,132,5
26896,42,934,4
26897,416,915,5
26898,393,815,4
26899,474,676,3
26900,493,250,4
26901,497,802,2
26902,429,184,4
26903,234,137,3
26904,70,300,4
26905,480,319,3
26906,256,815,5
26907,371,64,4
26908,371,655,4
26909,457,54,4
26910,405,957,1
26911,94,93,4
26912,405,416,2
26913,58,652,5
26914,495,109,5
26915,496,97,1
26916,330,729,5
26917,347,356,5
26918,392,650,5
26919,406,219,3
26920,326,483,5
26921,271,235,3
26922,488,605,3
26923,13,357,3
26924,92,421,4
26925,87,228,5
26926,18,972,3
26927,3,268,3
26928,256,741,4
26929,436,794,4
26930,92,160,4
26931,495,222,5
26932,112,339,4
26933,315,327,4
26934,476,238,3
26935,417,198,4
26936,333,153,4
26937,296,180,5
26938,194,820,1
26939,222,506,2
26940,504,404,4
26941,422,327,3
26942,399,582,3
26943,87,21,3
26944,203,283,5
26945,299,1005,5
26946,311,648,4
26947,86,888,4
26948,298,1,5
26949,275,408,3
26950,379,447,4
26951,101,742,4
26952,496,380,2
26953,297,237,4
26954,279,291,3
26955,517,284,2
26956,143,323,3
26957,77,250,3
26958,500,739,2
26959,286,121,3
26960,293,939,2
26961,346,56,5
26962,60,173,4
26963,125,705,5
26964,455,47,2
26965,511,313,5
26966,245,1033,5
26967,506,779,2
26968,509,50,5
26969,23,856,4
26970,193,508,4
26971,104,289,4
26972,527,152,2
26973,339,276,4
26974,1,40,3
26975,450,13,3
26976,464,326,4
26977,527,956,4
26978,368,313,5
26979,454,509,2
26980,271,520,5
26981,339,157,4
26982,160,410,4
26983,524,198,4
26984,7,656,3
26985,474,61,3
26986,339,428,5
26987,468,137,4
26988,321,1126,3
26989,332,264,3
26990,387,972,2
26991,332,456,4
26992,437,208,5
26993,485,289,3
26994,37,566,4
26995,532,95,5
26996,7,558,4
26997,491,19,4
26998,13,191,3
26999,489,272,5
27000,500,164,4
27001,437,794,4
27002,436,159,4
27003,500,1163,1
27004,311,423,5
27005,342,1167,1
27006,52,204,4
27007,429,1217,2
27008,519,352,5
27009,178,127,5
27010,43,133,4
27011,532,70,4
27012,92,651,4
27013,42,58,5
27014,109,411,4
27015,435,49,4
27016,296,303,4
27017,406,1202,3
27018,85,712,3
27019,429,164,4
27020,425,55,4
27021,91,603,5
27022,13,909,5
27023,497,152,2
27024,177,176,4
27025,327,298,3
27026,276,222,4
27027,456,69,4
27028,507,826,5
27029,303,544,4
27030,200,392,5
27031,358,318,5
27032,128,387,2
27033,514,402,4
27034,489,263,2
27035,389,780,3
27036,495,642,4
27037,161,186,4
27038,345,223,5
27039,459,1,4
27040,417,367,2
27041,351,1024,4
27042,363,216,3
27043,26,831,2
27044,109,809,4
27045,280,324,5
27046,299,962,4
27047,339,709,5
27048,94,993,4
27049,450,451,4
27050,184,708,4
27051,197,895,3
27052,439,405,4
27053,406,474,5
27054,476,944,2
27055,42,125,4
27056,328,12,5
27057,398,494,3
27058,497,588,4
27059,199,1326,3
27060,430,221,5
27061,105,313,5
27062,210,69,4
27063,393,761,4
27064,476,734,4
27065,205,1025,1
27066,385,8,5
27067,295,631,5
27068,223,591,3
27069,268,179,4
27070,408,315,5
27071,466,334,3
27072,416,25,4
27073,107,268,4
27074,405,419,4
27075,360,248,4
27076,75,114,4
27077,393,421,2
27078,385,496,2
27079,533,949,4
27080,102,38,2
27081,18,94,3
27082,508,568,4
27083,497,230,2
27084,184,654,4
27085,110,231,1
27086,62,436,3
27087,507,1034,5
27088,521,1016,3
27089,223,749,4
27090,313,167,3
27091,380,566,3
27092,393,239,4
27093,102,332,3
27094,235,701,4
27095,350,265,2
27096,345,534,4
27097,454,651,4
27098,104,290,4
27099,52,588,4
27100,416,785,3
27101,447,678,3
27102,208,996,3
27103,389,208,5
27104,532,369,3
27105,138,133,4
27106,354,661,4
27107,312,514,3
27108,502,294,3
27109,405,1587,1
27110,373,189,5
27111,502,879,3
27112,496,154,2
27113,473,276,4
27114,452,684,4
27115,398,49,3
27116,35,881,2
27117,453,268,4
27118,119,276,2
27119,509,288,5
27120,189,647,4
27121,381,139,3
27122,294,413,3
27123,429,692,3
27124,303,54,3
27125,472,552,5
27126,291,231,3
27127,312,654,5
27128,339,640,5
27129,246,679,2
27130,500,386,3
27131,435,118,2
27132,493,175,4
27133,298,79,5
27134,125,780,2
27135,450,418,4
27136,95,205,3
27137,472,395,3
27138,506,1016,4
27139,318,282,4
27140,465,28,3
27141,244,105,2
27142,380,699,3
27143,129,302,4
27144,486,597,3
27145,425,1464,2
27146,26,24,3
27147,417,1182,3
27148,389,610,5
27149,109,403,5
27150,275,135,3
27151,387,195,4
27152,91,182,4
27153,195,326,3
27154,61,748,2
27155,327,708,4
27156,533,477,4
27157,500,640,4
27158,6,47,3
27159,346,181,5
27160,230,568,3
27161,256,88,5
27162,318,378,4
27163,18,707,3
27164,269,185,5
27165,425,679,3
27166,406,198,2
27167,389,612,4
27168,367,183,5
27169,373,64,4
27170,184,738,3
27171,330,293,3
27172,385,143,3
27173,336,1496,1
27174,387,650,2
27175,198,56,5
27176,314,284,3
27177,426,524,4
27178,293,660,2
27179,268,89,4
27180,262,735,4
27181,524,66,3
27182,497,101,4
27183,233,196,5
27184,254,1183,4
27185,497,87,3
27186,532,216,5
27187,374,928,1
27188,44,448,2
27189,43,86,4
27190,338,708,5
27191,313,493,3
27192,303,550,3
27193,222,806,4
27194,487,265,5
27195,422,250,5
27196,331,958,5
27197,474,529,5
27198,503,54,2
27199,476,585,1
27200,429,591,3
27201,286,14,4
27202,426,835,3
27203,460,301,3
27204,370,195,4
27205,257,1160,4
27206,496,727,5
27207,230,95,5
27208,303,382,3
27209,363,322,2
27210,279,649,3
27211,320,66,4
27212,456,1168,4
27213,486,276,4
27214,374,226,5
27215,327,428,4
27216,1,270,5
27217,446,754,3
27218,291,403,4
27219,478,604,3
27220,393,494,4
27221,304,895,3
27222,453,17,4
27223,35,678,3
27224,194,693,4
27225,466,333,4
27226,385,134,5
27227,455,692,3
27228,524,95,3
27229,239,421,5
27230,498,258,2
27231,501,324,4
27232,214,100,4
27233,345,70,5
27234,479,752,3
27235,1,133,4
27236,473,508,2
27237,106,216,5
27238,405,769,1
27239,456,640,4
27240,85,512,3
27241,90,26,4
27242,13,321,2
27243,453,276,5
27244,521,179,4
27245,503,402,3
27246,144,244,3
27247,484,94,4
27248,381,99,5
27249,416,710,4
27250,514,175,4
27251,472,475,5
27252,42,175,2
27253,291,215,4
27254,275,132,3
27255,314,78,4
27256,417,255,3
27257,234,950,2
27258,426,1064,4
27259,267,655,4
27260,145,761,4
27261,327,1069,4
27262,417,39,3
27263,533,1177,1
27264,532,333,4
27265,425,327,4
27266,504,403,3
27267,459,222,4
27268,416,144,5
27269,417,562,4
27270,144,144,4
27271,474,181,5
27272,159,72,3
27273,187,651,5
27274,64,191,4
27275,437,58,4
27276,328,559,3
27277,60,433,4
27278,334,125,3
27279,409,615,5
27280,450,611,5
27281,193,237,4
27282,405,211,1
27283,327,686,4
27284,405,1307,1
27285,523,662,4
27286,207,756,2
27287,435,27,1
27288,445,1277,2
27289,505,66,4
27290,532,399,3
27291,311,504,4
27292,121,1266,4
27293,365,151,4
27294,416,393,4
27295,378,1048,2
27296,429,93,4
27297,314,1267,3
27298,487,45,5
27299,291,563,3
27300,373,499,4
27301,495,217,5
27302,116,191,4
27303,305,180,4
27304,320,82,3
27305,338,83,2
27306,62,91,4
27307,279,1266,1
27308,416,158,3
27309,454,79,4
27310,453,288,4
27311,190,15,4
27312,151,549,4
27313,484,597,3
27314,487,87,5
27315,437,381,5
27316,405,788,1
27317,181,358,2
27318,478,17,2
27319,97,183,5
27320,83,249,2
27321,183,176,3
27322,18,480,4
27323,387,511,3
27324,94,741,4
27325,177,469,4
27326,496,1133,3
27327,429,762,4
27328,347,117,5
27329,13,401,1
27330,405,404,4
27331,385,483,4
27332,407,455,3
27333,390,126,5
27334,407,1012,3
27335,232,514,4
27336,87,722,4
27337,383,89,3
27338,524,143,3
27339,222,271,4
27340,194,1011,3
27341,374,69,5
27342,70,83,4
27343,313,168,3
27344,497,94,3
27345,354,272,3
27346,454,1269,3
27347,305,170,4
27348,197,56,1
27349,504,1508,3
27350,496,921,5
27351,268,981,1
27352,96,181,5
27353,145,977,3
27354,373,66,4
27355,453,68,4
27356,183,1159,3
27357,334,197,4
27358,521,156,4
27359,308,68,4
27360,505,705,3
27361,3,288,2
27362,501,151,4
27363,32,313,4
27364,308,241,4
27365,307,660,3
27366,303,357,5
27367,83,411,2
27368,116,203,5
27369,459,8,5
27370,73,272,4
27371,495,392,5
27372,450,258,4
27373,107,313,2
27374,510,330,2
27375,303,455,3
27376,189,1065,5
27377,23,433,5
27378,293,433,3
27379,372,559,4
27380,15,118,1
27381,269,715,4
27382,222,257,4
27383,160,455,4
27384,287,682,4
27385,416,468,5
27386,391,659,4
27387,518,934,3
27388,44,24,3
27389,533,526,2
27390,463,993,2
27391,429,531,5
27392,378,716,3
27393,457,395,2
27394,467,1142,5
27395,210,482,5
27396,13,553,2
27397,286,1239,3
27398,146,328,3
27399,77,215,2
27400,215,196,4
27401,497,1555,2
27402,473,293,4
27403,58,741,2
27404,525,281,3
27405,301,196,4
27406,417,485,3
27407,183,210,3
27408,236,462,4
27409,276,331,4
27410,60,405,4
27411,8,229,5
27412,120,121,4
27413,26,302,5
27414,428,877,5
27415,533,50,5
27416,464,116,4
27417,497,549,4
27418,263,543,5
27419,437,97,3
27420,487,188,4
27421,102,771,2
27422,463,124,5
27423,469,194,5
27424,293,160,4
27425,478,81,4
27426,276,128,4
27427,487,549,4
27428,407,208,4
27429,416,783,3
27430,435,54,4
27431,424,127,4
27432,503,281,3
27433,58,171,5
27434,276,120,2
27435,505,422,3
27436,312,1126,4
27437,43,735,4
27438,451,292,3
27439,58,172,5
27440,53,568,4
27441,118,56,5
27442,407,230,4
27443,483,277,3
27444,327,222,2
27445,216,790,3
27446,437,42,3
27447,486,1202,4
27448,199,93,4
27449,94,1218,4
27450,447,286,2
27451,102,53,2
27452,178,405,3
27453,497,77,3
27454,487,541,3
27455,85,412,3
27456,379,575,2
27457,290,1285,3
27458,373,828,3
27459,202,481,1
27460,24,69,5
27461,407,1,4
27462,18,639,4
27463,264,217,3
27464,60,835,4
27465,236,685,2
27466,257,181,5
27467,44,678,3
27468,504,529,4
27469,106,280,2
27470,7,140,5
27471,514,302,5
27472,151,657,5
27473,377,98,5
27474,334,746,3
27475,254,28,4
27476,64,218,1
27477,43,217,2
27478,479,133,2
27479,363,58,3
27480,287,181,3
27481,416,931,3
27482,436,381,4
27483,479,405,4
27484,506,77,3
27485,290,926,3
27486,351,322,5
27487,380,670,1
27488,24,486,3
27489,478,369,3
27490,448,900,3
27491,457,114,5
27492,399,1139,4
27493,53,118,4
27494,296,61,3
27495,486,886,3
27496,151,275,5
27497,241,682,2
27498,418,899,5
27499,16,11,5
27500,371,117,3
27501,417,665,2
27502,43,1048,3
27503,267,550,4
27504,303,616,4
27505,8,228,5
27506,435,354,3
27507,348,291,4
27508,244,746,3
27509,497,99,3
27510,379,168,4
27511,521,69,3
27512,499,11,3
27513,151,603,5
27514,262,55,3
27515,344,280,3
27516,496,38,2
27517,188,5,4
27518,299,508,4
27519,487,161,5
27520,194,1041,2
27521,8,195,5
27522,432,1016,3
27523,200,982,2
27524,396,333,4
27525,454,686,2
27526,495,629,3
27527,270,257,4
27528,315,271,3
27529,308,469,5
27530,454,50,4
27531,476,1074,4
27532,416,684,5
27533,85,27,4
27534,347,460,3
27535,295,705,4
27536,260,288,3
27537,279,219,2
27538,133,313,3
27539,374,983,2
27540,13,527,5
27541,69,886,4
27542,251,313,5
27543,230,204,4
27544,283,49,4
27545,405,667,1
27546,308,430,4
27547,201,735,3
27548,339,508,4
27549,60,59,5
27550,390,319,5
27551,456,222,2
27552,152,720,5
27553,334,657,4
27554,524,1560,4
27555,397,22,4
27556,64,182,4
27557,123,286,5
27558,222,473,1
27559,183,226,3
27560,393,630,4
27561,53,546,4
27562,398,28,5
27563,256,210,4
27564,312,214,3
27565,409,166,4
27566,129,311,3
27567,215,203,3
27568,43,347,3
27569,102,29,1
27570,330,135,3
27571,474,481,4
27572,253,8,4
27573,532,132,5
27574,450,905,5
27575,109,64,2
27576,314,627,4
27577,287,426,3
27578,124,28,3
27579,474,244,4
27580,456,111,3
27581,493,79,5
27582,308,715,5
27583,346,369,3
27584,426,492,5
27585,487,679,2
27586,340,50,4
27587,246,24,4
27588,380,81,3
27589,466,315,5
27590,314,1471,4
27591,256,15,5
27592,343,177,4
27593,304,300,5
27594,452,234,3
27595,269,1397,4
27596,417,270,2
27597,7,677,3
27598,487,735,4
27599,433,333,2
27600,524,1154,1
27601,500,287,3
27602,486,718,3
27603,115,922,3
27604,471,1,4
27605,450,1479,3
27606,13,843,5
27607,495,133,3
27608,158,194,5
27609,385,169,5
27610,249,467,4
27611,382,180,5
27612,122,724,4
27613,324,260,5
27614,382,197,4
27615,497,56,4
27616,239,50,5
27617,417,943,3
27618,269,212,4
27619,159,319,1
27620,337,636,4
27621,500,1014,2
27622,141,313,5
27623,380,340,3
27624,447,484,5
27625,535,1,3
27626,221,407,2
27627,419,134,5
27628,524,234,4
27629,453,234,3
27630,455,257,4
27631,207,524,4
27632,145,410,4
27633,244,173,4
27634,459,147,3
27635,174,323,1
27636,317,748,5
27637,533,288,2
27638,429,185,4
27639,279,764,3
27640,345,294,3
27641,305,195,3
27642,520,283,4
27643,91,98,5
27644,158,399,3
27645,405,1108,1
27646,536,174,5
27647,460,322,3
27648,267,405,3
27649,7,100,5
27650,251,813,3
27651,401,762,2
27652,23,82,3
27653,382,14,3
27654,97,197,3
27655,513,472,4
27656,487,820,3
27657,523,186,3
27658,234,381,3
27659,454,56,3
27660,219,1014,3
27661,303,270,4
27662,486,125,3
27663,269,783,1
27664,118,135,5
27665,59,432,4
27666,431,300,4
27667,221,50,4
27668,524,942,4
27669,256,22,5
27670,286,737,4
27671,119,1260,5
27672,253,100,4
27673,178,97,5
27674,478,739,4
27675,151,770,4
27676,387,113,4
27677,215,50,5
27678,282,340,3
27679,389,451,2
27680,405,714,1
27681,434,1051,3
27682,469,134,5
27683,527,588,4
27684,169,331,5
27685,417,461,3
27686,514,748,2
27687,528,58,5
27688,316,730,4
27689,194,762,3
27690,394,31,3
27691,334,286,4
27692,416,13,5
27693,325,1232,1
27694,405,1571,1
27695,2,305,3
27696,181,1277,2
27697,426,616,4
27698,181,920,1
27699,213,185,5
27700,430,286,4
27701,459,864,4
27702,476,748,2
27703,25,143,3
27704,189,501,4
27705,405,971,1
27706,434,1095,5
27707,43,3,2
27708,480,347,3
27709,314,801,3
27710,60,582,4
27711,152,275,4
27712,442,710,5
27713,405,1200,1
27714,22,202,5
27715,239,961,5
27716,293,29,1
27717,507,117,3
27718,492,124,4
27719,16,947,4
27720,268,234,4
27721,500,827,2
27722,465,588,4
27723,524,479,4
27724,446,688,2
27725,455,1137,3
27726,455,727,3
27727,7,557,4
27728,330,210,5
27729,495,1110,4
27730,15,15,4
27731,94,509,5
27732,272,96,5
27733,87,144,4
27734,151,238,5
27735,130,98,5
27736,535,286,2
27737,346,184,1
27738,251,151,5
27739,109,77,4
27740,454,736,3
27741,59,423,5
27742,416,67,4
27743,437,480,4
27744,435,294,4
27745,476,328,4
27746,497,71,4
27747,308,201,5
27748,535,519,3
27749,130,939,4
27750,393,410,4
27751,276,959,4
27752,385,487,4
27753,484,234,4
27754,533,103,3
27755,286,588,5
27756,119,22,4
27757,458,86,5
27758,463,1117,1
27759,344,129,4
27760,439,282,3
27761,450,502,5
27762,398,274,3
27763,535,515,3
27764,502,890,2
27765,430,12,4
27766,92,620,3
27767,389,105,3
27768,239,499,5
27769,235,181,3
27770,99,125,4
27771,429,12,5
27772,279,978,1
27773,504,288,5
27774,469,10,5
27775,413,245,2
27776,177,200,4
27777,363,7,3
27778,253,343,4
27779,198,276,3
27780,438,280,5
27781,527,28,3
27782,271,703,3
27783,381,1117,4
27784,16,498,5
27785,472,720,5
27786,455,31,4
27787,384,313,5
27788,201,631,2
27789,454,272,5
27790,389,384,2
27791,487,69,4
27792,456,168,4
27793,393,465,4
27794,123,657,4
27795,416,879,3
27796,339,197,5
27797,297,258,5
27798,457,157,5
27799,262,1013,2
27800,293,1229,1
27801,130,929,4
27802,340,520,5
27803,451,1025,3
27804,339,227,2
27805,474,696,3
27806,489,343,5
27807,134,328,4
27808,533,275,4
27809,526,7,4
27810,75,427,4
27811,308,523,4
27812,324,749,3
27813,394,541,3
27814,429,1017,3
27815,267,810,3
27816,340,173,5
27817,75,304,2
27818,116,888,2
27819,262,582,4
27820,89,724,4
27821,387,176,3
27822,41,318,4
27823,387,455,4
27824,527,615,4
27825,358,529,3
27826,145,54,5
27827,500,1,4
27828,158,652,4
27829,393,356,3
27830,479,211,4
27831,504,276,3
27832,485,347,2
27833,389,234,4
27834,313,483,5
27835,405,1549,1
27836,487,1217,3
27837,10,480,5
27838,276,17,4
27839,59,508,5
27840,184,411,3
27841,313,1091,2
27842,450,792,4
27843,110,230,3
27844,404,678,4
27845,472,1248,4
27846,56,232,4
27847,334,371,2
27848,141,118,5
27849,524,423,4
27850,16,200,5
27851,269,659,4
27852,269,462,3
27853,70,161,3
27854,381,898,5
27855,90,427,5
27856,213,405,3
27857,358,268,3
27858,100,286,3
27859,181,1280,1
27860,152,161,5
27861,487,81,3
27862,160,202,4
27863,57,24,3
27864,116,900,4
27865,473,1142,5
27866,130,159,4
27867,519,1280,5
27868,436,400,3
27869,506,475,1
27870,54,291,1
27871,532,746,5
27872,391,276,3
27873,234,143,3
27874,184,401,3
27875,274,591,4
27876,301,47,4
27877,301,235,2
27878,427,688,5
27879,291,391,1
27880,218,712,3
27881,497,1042,3
27882,456,581,3
27883,243,423,3
27884,456,578,2
27885,533,328,4
27886,249,64,5
27887,262,785,3
27888,524,187,5
27889,246,1052,1
27890,533,595,2
27891,119,916,1
27892,427,292,2
27893,426,673,4
27894,70,313,4
27895,517,300,5
27896,532,769,2
27897,256,54,5
27898,110,586,3
27899,94,404,4
27900,398,159,3
27901,114,318,3
27902,479,616,4
27903,100,908,1
27904,527,963,4
27905,303,658,5
27906,343,229,4
27907,18,166,4
27908,121,628,3
27909,299,1050,4
27910,407,29,3
27911,64,179,5
27912,468,1168,2
27913,128,1048,2
27914,279,189,5
27915,95,506,3
27916,457,959,4
27917,198,121,3
27918,411,527,4
27919,320,288,4
27920,478,403,2
27921,537,28,3
27922,312,524,5
27923,497,228,3
27924,405,226,2
27925,256,1041,4
27926,254,768,3
27927,514,269,4
27928,216,215,5
27929,63,741,3
27930,327,715,4
27931,535,789,2
27932,479,489,5
27933,325,655,4
27934,328,172,4
27935,499,463,5
27936,6,482,4
27937,6,529,4
27938,215,300,3
27939,279,109,5
27940,21,436,4
27941,450,131,4
27942,210,821,3
27943,90,651,5
27944,535,836,5
27945,13,883,3
27946,374,741,3
27947,201,588,4
27948,391,334,5
27949,1,239,4
27950,85,153,3
27951,279,1087,2
27952,533,245,3
27953,504,77,4
27954,339,423,3
27955,257,198,3
27956,320,79,4
27957,512,1,4
27958,104,748,2
27959,466,882,5
27960,482,298,4
27961,90,306,4
27962,416,452,3
27963,347,404,4
27964,246,216,3
27965,305,286,4
27966,490,123,2
27967,145,257,5
27968,336,56,4
27969,490,764,1
27970,378,1407,3
27971,323,678,2
27972,234,474,4
27973,311,479,5
27974,303,340,5
27975,3,355,3
27976,21,976,1
27977,500,143,3
27978,332,1090,5
27979,308,522,3
27980,92,554,2
27981,38,188,2
27982,342,367,5
27983,341,259,3
27984,27,148,3
27985,103,250,4
27986,416,248,5
27987,378,1211,3
27988,453,298,4
27989,97,96,5
27990,194,50,3
27991,13,95,5
27992,279,1402,1
27993,370,183,4
27994,303,952,3
27995,65,63,2
27996,82,99,4
27997,82,740,2
27998,102,194,3
27999,533,582,3
28000,334,905,1
28001,195,413,3
28002,214,180,5
28003,360,306,4
28004,305,792,4
28005,311,357,5
28006,406,772,4
28007,250,179,4
28008,58,1105,2
28009,222,710,4
28010,537,526,3
28011,109,70,4
28012,505,195,3
28013,189,855,3
28014,497,161,5
28015,535,165,4
28016,504,693,4
28017,478,1521,3
28018,346,172,5
28019,303,508,4
28020,497,54,3
28021,7,27,4
28022,420,288,3
28023,21,301,4
28024,435,157,4
28025,497,501,2
28026,456,462,3
28027,269,518,4
28028,500,815,3
28029,373,385,3
28030,389,483,5
28031,407,291,4
28032,533,252,4
28033,181,982,1
28034,90,170,5
28035,118,513,5
28036,533,651,4
28037,447,111,3
28038,527,127,5
28039,435,338,2
28040,406,508,4
28041,472,288,5
28042,536,274,4
28043,514,609,4
28044,489,331,5
28045,405,627,1
28046,123,479,4
28047,276,158,3
28048,178,751,4
28049,145,566,5
28050,454,531,2
28051,36,358,5
28052,15,302,4
28053,109,1074,4
28054,216,82,4
28055,5,399,3
28056,437,217,3
28057,71,197,5
28058,327,502,3
28059,38,105,3
28060,534,1047,4
28061,295,125,5
28062,421,914,3
28063,508,223,4
28064,285,198,5
28065,427,1265,5
28066,435,128,3
28067,388,895,4
28068,435,38,2
28069,7,609,3
28070,385,871,1
28071,79,690,4
28072,405,702,1
28073,416,448,3
28074,405,643,1
28075,427,303,5
28076,518,14,3
28077,458,282,2
28078,342,124,4
28079,524,483,4
28080,200,179,4
28081,59,52,4
28082,532,348,4
28083,184,82,3
28084,504,419,3
28085,504,1135,4
28086,537,46,3
28087,313,430,5
28088,144,823,3
28089,272,42,4
28090,239,190,1
28091,145,450,3
28092,278,258,3
28093,87,502,5
28094,313,409,2
28095,459,252,4
28096,342,410,3
28097,408,347,3
28098,422,515,4
28099,506,88,4
28100,454,326,4
28101,497,217,4
28102,398,700,2
28103,279,1305,4
28104,260,882,5
28105,327,582,4
28106,511,271,5
28107,119,300,5
28108,293,302,4
28109,329,274,3
28110,449,276,5
28111,417,89,5
28112,291,1303,3
28113,299,529,4
28114,28,323,3
28115,484,255,3
28116,535,1093,4
28117,450,673,3
28118,416,917,4
28119,405,399,1
28120,468,132,5
28121,433,1598,1
28122,305,16,3
28123,425,98,4
28124,399,587,3
28125,452,517,2
28126,83,191,4
28127,491,657,5
28128,486,1514,4
28129,387,250,4
28130,18,781,3
28131,342,174,2
28132,406,206,1
28133,83,121,4
28134,144,87,5
28135,92,64,4
28136,408,539,1
28137,466,176,4
28138,379,527,3
28139,454,631,2
28140,507,323,5
28141,201,423,4
28142,442,1067,3
28143,184,20,4
28144,327,1073,2
28145,308,1126,3
28146,188,764,4
28147,233,527,5
28148,141,127,2
28149,469,1558,5
28150,274,282,5
28151,254,1469,3
28152,498,1426,3
28153,439,93,4
28154,291,763,4
28155,18,425,3
28156,51,603,3
28157,7,77,5
28158,130,31,4
28159,293,824,3
28160,262,473,2
28161,346,288,2
28162,223,924,1
28163,490,126,2
28164,194,9,4
28165,392,325,4
28166,454,427,4
28167,454,735,2
28168,26,1012,4
28169,275,1,4
28170,34,294,1
28171,407,1044,3
28172,469,173,4
28173,222,723,3
28174,450,56,4
28175,493,528,5
28176,200,89,5
28177,503,182,3
28178,332,597,5
28179,385,1428,4
28180,213,24,5
28181,214,172,3
28182,50,324,5
28183,271,602,3
28184,370,425,3
28185,450,940,2
28186,506,230,4
28187,533,450,5
28188,217,546,2
28189,445,147,2
28190,334,510,4
28191,378,182,4
28192,276,763,3
28193,92,800,3
28194,88,300,3
28195,373,4,4
28196,342,196,3
28197,151,378,4
28198,92,449,3
28199,18,132,5
28200,5,456,1
28201,474,72,3
28202,214,522,4
28203,180,153,1
28204,455,126,5
28205,201,582,5
28206,437,421,4
28207,153,265,4
28208,489,681,3
28209,428,300,5
28210,313,418,3
28211,313,840,2
28212,488,228,4
28213,318,869,3
28214,504,1415,3
28215,484,122,2
28216,347,252,2
28217,183,181,2
28218,373,208,4
28219,520,1051,3
28220,59,1050,2
28221,224,744,1
28222,443,258,5
28223,49,80,1
28224,14,750,3
28225,252,1,5
28226,220,305,4
28227,42,161,4
28228,103,255,5
28229,450,1192,5
28230,256,233,4
28231,357,820,4
28232,429,47,4
28233,406,179,5
28234,168,871,3
28235,466,748,2
28236,72,118,3
28237,457,380,4
28238,527,204,5
28239,453,156,5
28240,25,195,4
28241,393,89,3
28242,385,192,5
28243,435,1133,2
28244,254,265,3
28245,435,672,1
28246,363,859,4
28247,58,463,3
28248,537,602,3
28249,207,210,3
28250,180,733,5
28251,22,216,4
28252,373,110,3
28253,256,174,4
28254,504,28,4
28255,459,22,5
28256,495,53,1
28257,486,146,2
28258,437,748,4
28259,450,158,3
28260,485,307,3
28261,201,789,3
28262,16,510,4
28263,455,584,4
28264,43,317,2
28265,454,568,4
28266,44,429,4
28267,177,628,2
28268,457,428,5
28269,503,313,5
28270,387,769,1
28271,110,325,3
28272,450,203,4
28273,23,780,1
28274,127,62,5
28275,128,218,3
28276,497,562,2
28277,133,749,4
28278,13,92,3
28279,343,508,5
28280,500,172,2
28281,7,405,3
28282,464,258,5
28283,348,323,5
28284,268,328,1
28285,391,462,4
28286,59,194,3
28287,311,651,4
28288,94,97,4
28289,230,427,5
28290,497,168,5
28291,297,117,4
28292,345,588,3
28293,332,322,4
28294,450,193,5
28295,534,455,5
28296,498,489,3
28297,208,739,4
28298,374,143,2
28299,275,416,3
28300,405,569,1
28301,110,802,3
28302,11,24,3
28303,389,131,3
28304,399,633,3
28305,104,508,2
28306,504,972,3
28307,409,514,5
28308,416,972,4
28309,474,11,5
28310,314,993,5
28311,328,589,4
28312,269,1006,3
28313,246,77,2
28314,497,655,4
28315,234,131,3
28316,328,649,3
28317,109,452,2
28318,425,474,4
28319,405,41,1
28320,405,70,3
28321,430,98,5
28322,533,724,4
28323,456,100,3
28324,95,94,5
28325,73,289,2
28326,405,1182,1
28327,497,105,2
28328,234,842,4
28329,49,692,1
28330,326,230,3
28331,344,459,4
28332,487,215,4
28333,489,302,5
28334,447,281,3
28335,56,1035,4
28336,64,183,5
28337,500,529,4
28338,85,1170,3
28339,11,580,5
28340,401,328,4
28341,2,14,4
28342,305,223,4
28343,354,423,4
28344,346,959,2
28345,99,845,3
28346,537,682,1
28347,181,760,1
28348,514,179,4
28349,450,612,4
28350,445,64,2
28351,13,292,5
28352,152,15,5
28353,348,546,3
28354,505,623,3
28355,374,872,5
28356,508,150,5
28357,246,413,4
28358,506,510,5
28359,321,530,4
28360,234,163,3
28361,363,895,3
28362,168,294,4
28363,5,168,3
28364,347,468,2
28365,62,715,2
28366,394,56,5
28367,488,662,4
28368,489,908,5
28369,406,211,5
28370,20,763,1
28371,476,33,4
28372,216,402,2
28373,442,482,3
28374,527,646,5
28375,230,1,5
28376,523,154,4
28377,96,216,4
28378,222,227,3
28379,486,270,2
28380,500,522,4
28381,537,557,3
28382,121,595,2
28383,252,410,5
28384,201,124,3
28385,271,864,3
28386,406,529,2
28387,393,870,3
28388,64,203,4
28389,269,53,1
28390,137,243,4
28391,527,64,3
28392,451,937,4
28393,291,232,4
28394,291,128,4
28395,233,223,4
28396,369,172,5
28397,514,83,5
28398,406,652,2
28399,172,772,1
28400,12,195,4
28401,451,299,1
28402,417,72,4
28403,254,423,5
28404,271,89,3
28405,487,73,3
28406,298,257,4
28407,82,211,4
28408,506,1014,3
28409,363,448,5
28410,102,235,3
28411,87,1041,4
28412,363,29,1
28413,488,333,4
28414,440,271,5
28415,541,756,4
28416,405,85,4
28417,537,504,3
28418,466,682,1
28419,528,358,2
28420,524,410,2
28421,497,79,4
28422,100,690,4
28423,249,1,4
28424,504,1004,4
28425,486,331,2
28426,286,707,5
28427,442,1183,3
28428,293,482,4
28429,82,462,4
28430,1,194,4
28431,7,391,3
28432,109,239,4
28433,407,345,4
28434,459,993,3
28435,393,404,3
28436,222,214,4
28437,163,272,4
28438,121,427,4
28439,254,678,3
28440,481,42,3
28441,291,236,4
28442,454,490,2
28443,363,603,4
28444,343,943,4
28445,160,474,4
28446,533,673,3
28447,382,7,2
28448,538,164,3
28449,374,550,5
28450,90,19,3
28451,381,682,2
28452,511,299,2
28453,450,1054,2
28454,293,732,3
28455,486,336,2
28456,405,548,1
28457,301,501,3
28458,537,1065,1
28459,59,176,5
28460,327,651,4
28461,343,180,5
28462,453,59,2
28463,429,264,3
28464,447,483,5
28465,60,95,4
28466,422,1199,3
28467,512,198,5
28468,279,395,4
28469,533,322,4
28470,421,174,5
28471,221,240,4
28472,387,1091,1
28473,488,200,2
28474,515,288,4
28475,360,170,5
28476,372,447,5
28477,200,195,5
28478,15,280,3
28479,504,443,3
28480,280,1041,5
28481,394,222,4
28482,325,191,3
28483,262,69,4
28484,417,286,5
28485,492,97,3
28486,450,134,3
28487,109,739,4
28488,64,269,5
28489,268,1091,2
28490,497,257,4
28491,305,215,2
28492,207,566,4
28493,532,655,5
28494,423,328,1
28495,303,151,5
28496,299,197,3
28497,373,163,4
28498,509,680,1
28499,236,151,2
28500,82,81,3
28501,409,496,5
28502,326,44,1
28503,392,344,4
28504,486,121,3
28505,508,13,4
28506,394,385,5
28507,524,702,4
28508,535,171,3
28509,10,527,4
28510,455,222,3
28511,361,53,2
28512,334,1041,3
28513,421,302,4
28514,94,183,5
28515,93,1,5
28516,506,520,5
28517,394,144,5
28518,267,408,5
28519,481,596,4
28520,181,360,1
28521,130,665,3
28522,205,875,2
28523,339,134,5
28524,474,199,5
28525,435,1044,4
28526,357,471,5
28527,94,41,3
28528,524,193,4
28529,535,506,5
28530,389,411,4
28531,246,572,3
28532,465,190,4
28533,240,245,4
28534,457,20,5
28535,373,144,3
28536,145,825,4
28537,64,195,5
28538,458,234,4
28539,393,1014,3
28540,327,172,4
28541,401,707,2
28542,84,866,4
28543,473,268,5
28544,435,710,4
28545,504,96,4
28546,200,54,4
28547,200,98,5
28548,256,117,5
28549,293,182,5
28550,277,742,4
28551,477,255,5
28552,276,1407,1
28553,28,200,2
28554,478,288,5
28555,537,150,3
28556,180,790,1
28557,537,203,4
28558,537,177,3
28559,95,179,3
28560,455,277,4
28561,59,489,4
28562,514,344,3
28563,12,202,4
28564,363,707,3
28565,219,855,5
28566,523,516,5
28567,429,179,3
28568,537,507,4
28569,126,311,4
28570,293,15,3
28571,499,213,3
28572,524,179,5
28573,458,952,2
28574,457,529,4
28575,45,50,5
28576,345,365,2
28577,370,114,3
28578,391,71,3
28579,236,275,3
28580,495,162,3
28581,145,379,3
28582,466,27,3
28583,458,182,4
28584,53,96,4
28585,351,880,2
28586,406,235,4
28587,42,219,1
28588,513,546,4
28589,298,133,3
28590,89,137,1
28591,455,1265,3
28592,125,41,2
28593,98,322,3
28594,90,18,3
28595,426,657,5
28596,535,662,3
28597,234,546,1
28598,246,1411,2
28599,457,64,5
28600,521,153,4
28601,503,153,2
28602,220,294,4
28603,442,403,4
28604,445,1528,2
28605,425,562,1
28606,435,255,3
28607,56,376,3
28608,425,597,1
28609,499,427,5
28610,393,56,2
28611,189,24,4
28612,532,412,2
28613,269,274,1
28614,354,604,4
28615,75,408,4
28616,194,414,3
28617,117,546,3
28618,406,411,4
28619,445,881,1
28620,154,482,4
28621,142,463,3
28622,450,99,4
28623,467,248,3
28624,185,276,4
28625,8,684,4
28626,380,512,3
28627,469,923,5
28628,299,275,4
28629,301,28,4
28630,542,206,2
28631,358,213,5
28632,500,319,4
28633,94,392,3
28634,291,79,5
28635,530,535,4
28636,185,111,4
28637,101,255,4
28638,99,358,2
28639,376,181,4
28640,255,281,1
28641,296,199,5
28642,320,568,4
28643,498,11,3
28644,450,607,5
28645,416,473,2
28646,521,100,3
28647,532,692,5
28648,21,261,1
28649,130,79,5
28650,217,79,5
28651,496,1401,3
28652,535,285,4
28653,67,24,4
28654,141,1283,3
28655,125,109,3
28656,59,149,4
28657,355,286,5
28658,454,215,4
28659,537,312,3
28660,501,127,5
28661,308,512,5
28662,9,690,1
28663,194,230,1
28664,87,781,5
28665,496,1444,1
28666,249,228,4
28667,144,476,2
28668,524,928,4
28669,466,550,3
28670,250,475,4
28671,436,1178,3
28672,164,370,5
28673,407,229,3
28674,178,298,2
28675,144,258,4
28676,416,12,5
28677,268,249,4
28678,399,747,5
28679,203,276,4
28680,487,194,5
28681,514,150,3
28682,339,203,4
28683,269,81,3
28684,279,139,3
28685,339,208,4
28686,195,152,3
28687,389,435,4
28688,363,849,2
28689,268,1037,2
28690,94,125,1
28691,360,205,5
28692,13,419,3
28693,95,649,4
28694,7,56,5
28695,58,732,3
28696,398,715,2
28697,472,374,2
28698,405,1558,1
28699,401,724,4
28700,312,671,5
28701,178,92,3
28702,234,610,4
28703,343,302,4
28704,308,71,4
28705,433,294,3
28706,339,735,4
28707,405,73,5
28708,495,163,5
28709,346,293,3
28710,393,274,4
28711,65,778,4
28712,537,206,1
28713,60,736,5
28714,392,488,4
28715,390,742,4
28716,497,174,4
28717,406,4,2
28718,332,370,2
28719,21,748,1
28720,83,1047,2
28721,498,302,3
28722,380,61,4
28723,130,407,2
28724,254,210,5
28725,429,1033,1
28726,255,447,3
28727,526,269,5
28728,62,729,3
28729,158,129,5
28730,293,252,2
28731,525,829,2
28732,57,249,5
28733,405,39,1
28734,234,140,2
28735,514,558,4
28736,512,318,5
28737,95,282,4
28738,458,293,5
28739,455,25,3
28740,58,512,3
28741,541,654,3
28742,194,182,3
28743,458,317,5
28744,445,959,5
28745,276,99,4
28746,215,288,2
28747,441,15,3
28748,207,237,4
28749,495,616,4
28750,250,270,4
28751,512,11,5
28752,5,50,4
28753,405,517,3
28754,115,96,3
28755,279,455,5
28756,236,56,5
28757,252,276,5
28758,322,23,5
28759,478,350,1
28760,24,176,5
28761,36,289,2
28762,242,331,5
28763,344,487,5
28764,523,242,5
28765,95,356,4
28766,489,682,4
28767,311,12,4
28768,135,234,4
28769,373,186,5
28770,318,376,3
28771,82,28,3
28772,339,29,3
28773,442,156,4
28774,417,1210,2
28775,295,738,4
28776,452,204,3
28777,524,127,5
28778,459,597,3
28779,537,570,2
28780,521,230,3
28781,354,14,4
28782,195,500,4
28783,49,13,3
28784,222,845,3
28785,255,982,2
28786,399,214,4
28787,325,961,4
28788,386,117,5
28789,474,1123,4
28790,178,249,3
28791,457,96,5
28792,95,63,3
28793,378,277,4
28794,412,56,5
28795,436,172,3
28796,222,132,2
28797,505,271,4
28798,351,343,3
28799,472,97,3
28800,318,628,4
28801,542,396,4
28802,60,153,3
28803,387,156,5
28804,405,1575,1
28805,399,975,2
28806,518,763,1
28807,393,423,3
28808,92,504,3
28809,487,294,4
28810,297,298,5
28811,164,866,5
28812,363,298,5
28813,184,25,4
28814,30,304,4
28815,112,323,3
28816,537,475,4
28817,187,214,4
28818,447,85,4
28819,311,8,4
28820,378,631,4
28821,537,134,5
28822,36,333,4
28823,527,1109,3
28824,141,279,1
28825,430,117,3
28826,197,39,2
28827,442,628,4
28828,532,1119,5
28829,494,107,4
28830,498,228,2
28831,154,191,4
28832,269,1011,4
28833,325,23,5
28834,532,345,4
28835,276,603,5
28836,271,570,3
28837,295,527,4
28838,545,554,3
28839,308,357,4
28840,399,432,3
28841,181,1132,1
28842,363,571,1
28843,309,334,4
28844,119,11,5
28845,506,463,3
28846,128,245,2
28847,463,221,5
28848,537,1085,4
28849,382,504,3
28850,497,1016,4
28851,253,685,2
28852,233,197,5
28853,402,529,4
28854,479,144,4
28855,459,1040,2
28856,532,96,5
28857,361,150,2
28858,405,1159,1
28859,44,71,3
28860,455,245,3
28861,391,294,2
28862,535,8,4
28863,429,602,5
28864,450,127,5
28865,416,588,5
28866,312,684,5
28867,223,682,4
28868,463,14,1
28869,361,504,4
28870,109,71,4
28871,174,111,5
28872,299,432,3
28873,447,447,3
28874,293,1248,2
28875,41,175,5
28876,62,238,5
28877,506,176,5
28878,52,237,4
28879,59,1119,4
28880,207,5,3
28881,521,288,3
28882,72,664,3
28883,237,9,4
28884,292,298,4
28885,379,398,1
28886,151,31,3
28887,276,100,5
28888,393,473,3
28889,514,4,4
28890,293,546,1
28891,94,83,4
28892,254,449,5
28893,58,175,5
28894,436,821,4
28895,486,220,3
28896,62,174,4
28897,206,691,1
28898,301,373,4
28899,494,194,4
28900,308,198,3
28901,193,541,1
28902,545,132,4
28903,44,231,2
28904,474,618,4
28905,356,316,4
28906,457,232,4
28907,144,333,3
28908,429,223,4
28909,506,97,4
28910,399,1090,2
28911,537,143,1
28912,233,8,3
28913,389,173,3
28914,506,402,4
28915,516,191,4
28916,504,234,3
28917,303,1510,3
28918,289,222,2
28919,450,428,4
28920,500,216,4
28921,405,1274,1
28922,344,202,4
28923,152,785,5
28924,479,54,3
28925,326,72,2
28926,353,326,2
28927,359,472,4
28928,151,561,3
28929,234,1044,2
28930,308,448,3
28931,532,338,3
28932,504,133,5
28933,344,647,4
28934,259,15,3
28935,482,257,4
28936,405,720,1
28937,453,416,2
28938,495,566,4
28939,201,438,1
28940,527,207,4
28941,454,837,2
28942,60,229,4
28943,95,779,3
28944,368,217,5
28945,15,930,2
28946,393,138,3
28947,389,69,5
28948,244,458,3
28949,279,190,3
28950,274,100,5
28951,505,651,3
28952,339,151,4
28953,254,227,4
28954,279,150,3
28955,474,42,4
28956,345,382,4
28957,539,382,5
28958,531,905,4
28959,380,435,3
28960,378,469,5
28961,151,517,2
28962,435,21,4
28963,290,484,3
28964,534,926,4
28965,128,82,5
28966,347,470,5
28967,536,2,4
28968,186,121,2
28969,43,778,5
28970,493,527,5
28971,410,886,2
28972,399,384,2
28973,399,234,3
28974,311,191,4
28975,545,222,4
28976,207,696,3
28977,18,588,4
28978,399,195,2
28979,293,460,3
28980,481,524,5
28981,401,1011,3
28982,450,378,5
28983,474,1172,4
28984,533,274,4
28985,45,596,3
28986,454,96,4
28987,300,876,5
28988,197,435,5
28989,456,523,4
28990,521,72,3
28991,249,789,5
28992,130,237,5
28993,532,301,4
28994,493,1278,5
28995,465,64,5
28996,84,543,5
28997,416,354,4
28998,287,4,4
28999,90,285,5
29000,295,421,4
29001,276,916,4
29002,151,1070,4
29003,246,993,3
29004,6,510,4
29005,466,269,2
29006,347,17,4
29007,59,673,5
29008,399,412,2
29009,187,65,5
29010,336,90,5
29011,458,307,4
29012,284,539,2
29013,458,1048,4
29014,132,523,4
29015,301,133,4
29016,198,208,3
29017,314,161,5
29018,233,91,3
29019,435,351,2
29020,190,823,2
29021,151,566,3
29022,152,354,3
29023,18,435,4
29024,271,135,4
29025,407,290,3
29026,291,1077,4
29027,363,271,4
29028,479,255,2
29029,240,873,2
29030,5,408,5
29031,514,1,5
29032,532,235,3
29033,498,1103,4
29034,13,79,3
29035,437,1075,4
29036,38,1035,5
29037,69,245,1
29038,442,12,4
29039,371,197,4
29040,211,457,4
29041,13,674,3
29042,104,316,4
29043,290,167,2
29044,270,7,4
29045,534,117,5
29046,221,402,2
29047,457,134,5
29048,404,300,4
29049,474,591,3
29050,44,69,4
29051,201,1224,2
29052,514,11,4
29053,542,648,4
29054,486,1589,3
29055,405,588,2
29056,293,133,3
29057,81,150,3
29058,193,1,4
29059,244,1132,4
29060,187,197,4
29061,94,750,4
29062,312,486,5
29063,206,1022,1
29064,533,475,1
29065,299,514,5
29066,308,1456,4
29067,547,328,4
29068,201,129,4
29069,392,270,4
29070,219,71,1
29071,496,746,3
29072,321,499,3
29073,337,125,4
29074,543,210,3
29075,303,328,3
29076,416,326,5
29077,367,145,3
29078,239,427,5
29079,6,493,5
29080,178,729,4
29081,201,1070,5
29082,269,1188,1
29083,82,283,2
29084,313,655,4
29085,533,122,1
29086,500,421,4
29087,497,268,4
29088,178,876,2
29089,406,168,3
29090,374,963,5
29091,108,127,4
29092,293,651,3
29093,10,274,4
29094,228,938,1
29095,393,95,4
29096,32,1023,3
29097,198,298,1
29098,406,468,1
29099,72,9,5
29100,15,866,4
29101,429,428,4
29102,437,674,3
29103,246,254,1
29104,398,85,4
29105,7,62,3
29106,256,794,4
29107,458,237,4
29108,290,629,3
29109,378,217,3
29110,12,242,5
29111,279,529,3
29112,339,195,3
29113,334,425,4
29114,59,135,5
29115,487,227,3
29116,527,99,3
29117,430,164,3
29118,254,71,3
29119,55,118,5
29120,409,855,4
29121,476,63,3
29122,271,441,3
29123,37,147,3
29124,207,319,3
29125,399,1393,3
29126,456,449,3
29127,58,189,3
29128,217,56,5
29129,425,325,3
29130,416,156,5
29131,423,696,3
29132,271,651,4
29133,455,97,5
29134,73,64,5
29135,266,275,5
29136,421,176,5
29137,435,111,3
29138,371,22,5
29139,243,1148,3
29140,21,406,1
29141,520,269,5
29142,213,942,4
29143,346,156,4
29144,416,916,3
29145,402,696,4
29146,246,81,5
29147,184,483,5
29148,537,844,4
29149,244,162,4
29150,416,627,5
29151,405,51,1
29152,533,303,4
29153,405,1425,1
29154,62,472,2
29155,474,183,5
29156,454,133,4
29157,508,239,2
29158,460,146,4
29159,533,847,3
29160,24,729,5
29161,81,121,4
29162,263,58,4
29163,541,28,4
29164,98,88,3
29165,533,218,2
29166,347,31,5
29167,416,87,5
29168,324,150,4
29169,233,204,5
29170,542,318,4
29171,227,1007,4
29172,399,143,5
29173,130,313,5
29174,234,195,2
29175,280,771,3
29176,253,15,4
29177,457,717,3
29178,401,316,5
29179,393,622,4
29180,479,523,4
29181,184,285,5
29182,311,31,4
29183,136,318,5
29184,488,243,3
29185,59,741,4
29186,334,423,5
29187,426,435,3
29188,479,50,4
29189,178,654,3
29190,18,213,5
29191,495,581,5
29192,222,396,1
29193,416,720,4
29194,428,323,3
29195,234,133,3
29196,221,732,4
29197,527,210,4
29198,401,197,4
29199,442,1098,4
29200,330,660,5
29201,504,25,4
29202,57,318,5
29203,151,154,4
29204,409,318,4
29205,176,325,3
29206,449,127,5
29207,455,428,4
29208,264,123,4
29209,456,286,3
29210,23,418,4
29211,416,985,3
29212,416,812,4
29213,548,273,5
29214,535,182,3
29215,307,419,4
29216,435,470,2
29217,268,1054,1
29218,354,32,3
29219,245,756,3
29220,13,849,1
29221,459,278,4
29222,405,1074,3
29223,217,373,2
29224,480,510,4
29225,474,237,4
29226,548,690,3
29227,178,280,4
29228,537,318,4
29229,416,98,5
29230,347,763,5
29231,532,938,3
29232,486,1093,4
29233,374,465,5
29234,457,15,4
29235,326,433,2
29236,104,181,5
29237,537,874,3
29238,486,1079,2
29239,201,546,2
29240,305,317,4
29241,268,72,3
29242,454,685,3
29243,320,1215,1
29244,325,654,4
29245,279,124,3
29246,318,763,3
29247,230,82,5
29248,145,356,4
29249,297,160,1
29250,268,1231,2
29251,121,313,5
29252,342,286,4
29253,507,682,5
29254,117,173,5
29255,450,294,4
29256,233,129,3
29257,263,222,4
29258,532,690,4
29259,435,1204,3
29260,292,209,5
29261,178,265,5
29262,307,135,4
29263,69,273,3
29264,334,488,5
29265,546,413,4
29266,269,931,1
29267,398,491,5
29268,508,502,4
29269,468,182,5
29270,263,498,5
29271,472,743,4
29272,13,339,3
29273,381,102,2
29274,361,673,4
29275,358,127,1
29276,375,185,5
29277,465,395,1
29278,7,29,3
29279,50,276,2
29280,130,974,4
29281,62,1134,2
29282,214,475,5
29283,32,271,3
29284,70,393,4
29285,533,161,4
29286,144,288,2
29287,36,875,3
29288,151,131,5
29289,401,272,3
29290,238,845,3
29291,429,448,3
29292,137,476,1
29293,180,684,5
29294,487,95,4
29295,466,357,4
29296,8,435,5
29297,486,285,5
29298,524,527,5
29299,201,505,3
29300,425,1597,3
29301,373,142,3
29302,548,636,4
29303,465,584,3
29304,338,175,4
29305,45,411,3
29306,26,14,3
29307,42,202,5
29308,158,985,4
29309,328,540,3
29310,452,161,5
29311,262,131,5
29312,274,69,5
29313,523,393,5
29314,409,89,5
29315,416,70,5
29316,59,462,5
29317,445,748,1
29318,352,385,4
29319,504,420,3
29320,59,403,5
29321,435,402,3
29322,492,511,5
29323,393,443,3
29324,537,687,1
29325,399,95,3
29326,450,469,4
29327,463,150,2
29328,327,919,5
29329,264,873,3
29330,495,501,3
29331,374,1134,4
29332,157,289,4
29333,103,257,3
29334,223,926,4
29335,524,467,4
29336,406,174,4
29337,468,98,5
29338,478,23,2
29339,188,157,3
29340,393,364,2
29341,399,38,2
29342,109,373,5
29343,380,306,4
29344,45,13,5
29345,454,228,3
29346,417,579,2
29347,339,180,5
29348,459,123,3
29349,222,941,3
29350,307,529,4
29351,292,180,5
29352,432,844,4
29353,474,171,4
29354,532,763,5
29355,264,185,5
29356,141,298,5
29357,435,80,2
29358,404,332,4
29359,533,82,4
29360,405,796,3
29361,532,532,3
29362,408,358,4
29363,385,144,3
29364,56,117,5
29365,299,474,5
29366,476,42,4
29367,301,746,3
29368,467,124,5
29369,537,663,3
29370,181,1097,1
29371,437,654,5
29372,327,865,5
29373,398,497,3
29374,110,41,4
29375,210,181,5
29376,249,237,5
29377,512,1459,4
29378,399,760,1
29379,535,181,4
29380,548,276,3
29381,147,937,3
29382,389,23,4
29383,545,399,4
29384,222,549,4
29385,503,88,4
29386,522,100,5
29387,330,197,5
29388,458,694,4
29389,201,95,3
29390,409,609,3
29391,378,403,4
29392,327,676,3
29393,176,741,3
29394,527,285,5
29395,391,544,4
29396,312,510,5
29397,254,588,3
29398,25,265,4
29399,7,552,4
29400,296,528,5
29401,393,117,4
29402,410,328,3
29403,433,12,5
29404,339,1110,4
29405,405,1579,1
29406,287,121,4
29407,496,42,5
29408,222,655,4
29409,393,479,4
29410,312,414,3
29411,184,97,2
29412,135,230,3
29413,542,214,3
29414,532,492,4
29415,456,133,3
29416,13,585,4
29417,26,546,2
29418,470,952,3
29419,508,73,3
29420,399,566,4
29421,521,241,4
29422,406,519,4
29423,129,678,1
29424,268,381,3
29425,417,685,1
29426,522,96,3
29427,7,600,4
29428,411,195,3
29429,213,257,4
29430,276,800,3
29431,174,739,5
29432,500,175,5
29433,497,1407,3
29434,456,61,4
29435,535,39,4
29436,487,196,5
29437,243,215,3
29438,484,422,3
29439,387,806,1
29440,450,208,5
29441,100,874,1
29442,394,433,4
29443,181,291,3
29444,311,732,4
29445,385,658,2
29446,506,603,5
29447,227,934,2
29448,288,234,4
29449,498,32,4
29450,184,215,4
29451,505,566,3
29452,217,541,3
29453,194,529,4
29454,443,327,4
29455,345,278,3
29456,499,750,5
29457,13,712,4
29458,221,79,4
29459,479,118,3
29460,450,290,4
29461,160,770,4
29462,533,405,3
29463,518,547,3
29464,10,333,4
29465,454,250,4
29466,454,566,4
29467,97,205,2
29468,490,15,1
29469,435,196,4
29470,85,134,5
29471,279,1499,4
29472,458,9,5
29473,429,77,3
29474,65,28,4
29475,504,295,4
29476,343,1073,4
29477,70,168,4
29478,521,202,3
29479,405,1112,2
29480,498,538,1
29481,487,260,2
29482,510,325,1
29483,413,275,5
29484,329,137,5
29485,303,50,5
29486,417,325,2
29487,327,772,3
29488,200,325,5
29489,517,1016,1
29490,535,212,4
29491,339,5,3
29492,389,954,4
29493,399,420,3
29494,137,260,3
29495,498,12,4
29496,378,632,5
29497,384,289,5
29498,525,411,3
29499,132,12,4
29500,534,237,4
29501,551,684,5
29502,538,963,4
29503,521,161,2
29504,181,413,2
29505,174,100,5
29506,338,216,4
29507,49,420,4
29508,498,515,4
29509,373,409,2
29510,95,275,3
29511,524,168,3
29512,293,810,1
29513,275,162,3
29514,295,417,5
29515,494,126,4
29516,417,386,3
29517,311,218,4
29518,277,925,4
29519,116,310,4
29520,328,232,3
29521,59,11,5
29522,437,91,3
29523,551,578,5
29524,378,720,2
29525,417,68,3
29526,452,458,1
29527,311,228,5
29528,527,634,5
29529,321,463,3
29530,13,110,3
29531,472,3,5
29532,435,637,4
29533,303,250,4
29534,429,366,3
29535,84,25,3
29536,24,421,5
29537,189,136,4
29538,194,837,4
29539,466,651,3
29540,488,520,4
29541,494,50,5
29542,339,649,5
29543,468,435,4
29544,360,165,4
29545,130,477,4
29546,492,185,3
29547,18,504,5
29548,438,845,4
29549,497,89,4
29550,487,586,2
29551,484,258,5
29552,521,232,3
29553,459,220,3
29554,297,283,4
29555,112,1106,4
29556,495,404,4
29557,9,294,4
29558,497,197,3
29559,7,446,2
29560,426,174,3
29561,69,246,5
29562,70,183,4
29563,21,281,2
29564,521,248,3
29565,515,292,3
29566,253,591,3
29567,472,368,3
29568,332,333,5
29569,395,378,5
29570,308,1154,2
29571,119,25,5
29572,84,317,3
29573,7,380,4
29574,340,417,5
29575,56,191,4
29576,291,946,4
29577,290,465,3
29578,551,756,1
29579,543,135,5
29580,387,593,3
29581,506,367,3
29582,479,1016,3
29583,3,320,5
29584,518,1017,3
29585,20,934,4
29586,544,326,3
29587,344,926,2
29588,488,186,4
29589,267,144,5
29590,276,271,4
29591,361,165,5
29592,487,202,5
29593,303,650,5
29594,537,529,3
29595,397,177,5
29596,450,1030,1
29597,473,7,2
29598,542,746,4
29599,435,474,3
29600,525,300,4
29601,303,1073,4
29602,90,174,5
29603,308,842,3
29604,60,418,3
29605,313,485,3
29606,458,521,4
29607,345,241,4
29608,467,340,3
29609,393,1040,3
29610,151,638,5
29611,471,969,2
29612,426,610,4
29613,347,276,3
29614,43,172,4
29615,506,678,3
29616,532,312,2
29617,160,201,5
29618,307,200,3
29619,450,632,5
29620,295,513,4
29621,535,489,4
29622,495,62,3
29623,22,988,1
29624,141,261,1
29625,524,742,3
29626,519,335,5
29627,291,12,5
29628,33,294,3
29629,90,317,4
29630,504,71,5
29631,363,121,2
29632,90,896,3
29633,346,2,5
29634,497,386,2
29635,234,1205,1
29636,339,474,4
29637,546,928,4
29638,445,313,2
29639,301,111,1
29640,332,1047,3
29641,504,716,4
29642,543,982,3
29643,496,1473,3
29644,416,264,3
29645,399,393,4
29646,119,226,3
29647,481,507,4
29648,543,83,4
29649,524,506,4
29650,299,811,4
29651,194,118,3
29652,293,942,4
29653,283,625,3
29654,450,663,4
29655,387,102,3
29656,498,218,3
29657,313,144,4
29658,474,346,5
29659,315,1065,4
29660,393,1224,3
29661,500,83,4
29662,452,259,2
29663,323,763,4
29664,206,359,1
29665,458,753,4
29666,101,841,2
29667,291,475,5
29668,429,805,3
29669,331,198,4
29670,222,391,3
29671,262,485,4
29672,405,519,2
29673,426,98,4
29674,363,88,2
29675,43,559,1
29676,393,843,3
29677,96,238,4
29678,548,322,4
29679,543,95,3
29680,336,1011,2
29681,263,204,4
29682,405,710,4
29683,64,237,4
29684,530,156,4
29685,450,878,2
29686,506,295,4
29687,454,210,4
29688,452,97,4
29689,109,122,2
29690,489,355,5
29691,215,636,2
29692,459,255,4
29693,226,507,2
29694,312,855,5
29695,416,316,3
29696,195,508,3
29697,523,83,5
29698,447,845,3
29699,551,405,3
29700,495,831,1
29701,450,132,5
29702,354,9,3
29703,315,276,4
29704,484,1,5
29705,535,923,4
29706,327,644,3
29707,336,125,3
29708,303,1142,4
29709,363,200,3
29710,393,1239,3
29711,286,763,2
29712,290,69,4
29713,399,48,3
29714,542,508,3
29715,480,298,2
29716,439,288,3
29717,435,834,5
29718,189,97,4
29719,503,385,1
29720,211,1127,1
29721,407,172,4
29722,339,737,3
29723,2,287,3
29724,535,454,3
29725,92,1157,2
29726,249,309,3
29727,521,238,3
29728,416,249,3
29729,339,22,5
29730,332,824,3
29731,44,313,4
29732,48,528,5
29733,201,591,3
29734,178,578,4
29735,301,559,4
29736,407,28,4
29737,327,209,4
29738,92,7,4
29739,96,190,4
29740,301,1135,3
29741,405,707,1
29742,270,447,4
29743,14,238,5
29744,314,806,4
29745,308,195,5
29746,38,356,2
29747,421,117,5
29748,224,689,3
29749,90,762,3
29750,10,33,4
29751,184,747,3
29752,435,1231,2
29753,263,646,5
29754,161,22,2
29755,271,234,5
29756,10,245,4
29757,504,204,3
29758,270,794,4
29759,279,1361,3
29760,453,239,3
29761,16,509,2
29762,363,77,2
29763,276,298,5
29764,459,323,3
29765,364,262,3
29766,460,302,4
29767,48,183,5
29768,141,333,5
29769,186,568,4
29770,210,483,5
29771,451,995,1
29772,453,651,4
29773,379,153,4
29774,239,1204,4
29775,334,1198,3
29776,345,709,4
29777,535,953,5
29778,380,168,4
29779,474,517,4
29780,68,475,5
29781,217,720,3
29782,527,190,4
29783,437,179,4
29784,293,291,2
29785,276,974,2
29786,548,264,4
29787,157,269,4
29788,458,8,4
29789,553,505,5
29790,181,290,2
29791,526,315,5
29792,106,1242,4
29793,102,204,4
29794,399,153,2
29795,499,414,3
29796,295,105,4
29797,545,210,5
29798,433,322,2
29799,406,1220,3
29800,286,212,1
29801,378,200,3
29802,516,523,3
29803,543,79,4
29804,511,294,4
29805,216,943,5
29806,178,469,3
29807,508,218,2
29808,94,49,4
29809,138,487,3
29810,88,1191,5
29811,220,264,3
29812,370,176,4
29813,87,111,4
29814,313,449,3
29815,370,64,4
29816,374,176,4
29817,494,748,1
29818,430,100,5
29819,303,928,3
29820,194,28,5
29821,12,168,4
29822,16,109,4
29823,544,312,2
29824,347,333,5
29825,279,172,2
29826,311,209,2
29827,239,268,2
29828,99,345,3
29829,234,160,2
29830,506,222,4
29831,330,151,4
29832,286,217,3
29833,532,682,4
29834,429,457,1
29835,293,14,3
29836,389,81,3
29837,552,13,3
29838,537,1111,3
29839,387,737,3
29840,314,942,3
29841,508,436,4
29842,385,811,4
29843,329,185,3
29844,109,1035,2
29845,541,210,5
29846,504,50,3
29847,64,588,4
29848,237,485,4
29849,405,1184,1
29850,20,210,4
29851,487,4,4
29852,456,54,3
29853,85,193,3
29854,506,70,4
29855,508,209,5
29856,102,211,3
29857,268,11,4
29858,484,202,5
29859,151,845,4
29860,422,558,4
29861,314,685,4
29862,498,652,5
29863,417,222,3
29864,389,693,4
29865,269,632,4
29866,551,552,3
29867,343,231,5
29868,458,663,4
29869,551,13,1
29870,463,689,2
29871,109,449,5
29872,453,174,4
29873,280,200,5
29874,10,404,4
29875,506,1279,4
29876,545,101,4
29877,113,116,3
29878,15,243,1
29879,389,1444,3
29880,454,203,2
29881,178,1048,2
29882,439,475,3
29883,447,963,5
29884,197,22,5
29885,201,381,3
29886,380,423,3
29887,407,732,4
29888,429,755,3
29889,363,193,3
29890,498,171,3
29891,203,222,4
29892,465,1078,2
29893,7,258,4
29894,75,294,3
29895,267,182,5
29896,450,751,5
29897,537,1068,3
29898,454,654,2
29899,182,126,5
29900,532,373,3
29901,320,1522,3
29902,416,865,3
29903,472,559,5
29904,490,1128,4
29905,343,63,4
29906,450,1039,5
29907,474,493,4
29908,450,967,5
29909,99,201,3
29910,356,310,3
29911,399,1192,3
29912,478,219,2
29913,540,7,4
29914,314,699,5
29915,407,91,4
29916,72,628,4
29917,128,815,3
29918,442,800,3
29919,210,208,5
29920,85,99,5
29921,453,721,4
29922,455,318,3
29923,303,1013,1
29924,454,1107,4
29925,535,607,5
29926,234,1445,4
29927,425,230,4
29928,435,473,3
29929,175,419,5
29930,308,655,4
29931,325,502,4
29932,533,525,3
29933,538,202,4
29934,450,1603,3
29935,437,512,4
29936,280,1207,4
29937,298,118,4
29938,447,435,4
29939,293,831,3
29940,60,506,5
29941,541,399,3
29942,407,118,3
29943,482,301,4
29944,506,655,4
29945,85,14,4
29946,454,248,3
29947,269,66,1
29948,387,117,3
29949,507,892,5
29950,5,416,1
29951,342,68,3
29952,56,88,1
29953,222,468,2
29954,456,216,4
29955,207,248,3
29956,201,191,4
29957,22,184,5
29958,497,298,3
29959,328,186,4
29960,328,344,4
29961,343,931,3
29962,489,334,4
29963,486,299,1
29964,373,90,4
29965,138,194,5
29966,146,301,2
29967,407,400,1
29968,497,722,3
29969,213,478,5
29970,363,179,4
29971,405,1265,2
29972,347,50,5
29973,92,204,4
29974,7,593,5
29975,534,1028,5
29976,128,1035,3
29977,421,56,5
29978,326,96,3
29979,472,633,4
29980,503,514,3
29981,299,47,4
29982,449,170,4
29983,459,832,3
29984,545,73,4
29985,456,92,4
29986,327,550,2
29987,532,515,5
29988,497,155,3
29989,504,1136,5
29990,506,608,4
29991,381,259,2
29992,59,181,5
29993,372,452,4
29994,321,186,4
29995,392,114,4
29996,8,174,5
29997,244,655,5
29998,535,174,4
29999,129,882,2
30000,338,514,5
30001,389,393,2
30002,554,28,4
30003,409,1537,4
30004,144,117,4
30005,528,751,4
30006,250,237,2
30007,440,319,2
30008,457,168,5
30009,217,550,1
30010,227,460,2
30011,492,86,3
30012,125,399,3
30013,372,100,3
30014,230,650,4
30015,437,684,3
30016,244,246,5
30017,399,382,3
30018,405,1239,1
30019,521,291,1
30020,478,79,4
30021,24,8,5
30022,305,1073,1
30023,497,692,3
30024,382,258,2
30025,59,174,5
30026,450,472,4
30027,184,956,3
30028,346,358,4
30029,313,479,5
30030,533,357,3
30031,90,480,5
30032,357,117,5
30033,521,427,3
30034,553,511,5
30035,298,97,4
30036,128,497,3
30037,294,240,3
30038,128,26,4
30039,280,219,2
30040,70,95,4
30041,125,914,1
30042,132,127,4
30043,348,7,4
30044,412,114,4
30045,506,646,4
30046,330,470,5
30047,32,405,4
30048,125,585,4
30049,416,388,2
30050,495,1419,1
30051,464,181,3
30052,536,143,5
30053,269,644,5
30054,442,210,3
30055,365,1137,5
30056,547,316,5
30057,380,286,5
30058,437,672,1
30059,318,566,4
30060,90,1199,5
30061,10,174,4
30062,85,659,4
30063,385,273,2
30064,497,748,4
30065,347,1016,3
30066,425,853,4
30067,456,1220,3
30068,550,259,2
30069,421,213,3
30070,83,871,2
30071,453,471,4
30072,398,82,5
30073,380,217,2
30074,455,694,4
30075,556,327,5
30076,101,597,3
30077,249,125,3
30078,387,246,3
30079,57,126,3
30080,104,333,2
30081,426,607,4
30082,181,1114,1
30083,343,277,4
30084,425,943,4
30085,499,207,5
30086,293,177,4
30087,276,151,5
30088,374,743,1
30089,200,411,3
30090,234,463,4
30091,532,331,4
30092,120,117,3
30093,69,181,5
30094,13,68,3
30095,533,931,2
30096,500,1111,4
30097,85,182,4
30098,518,717,5
30099,421,175,2
30100,161,50,2
30101,442,281,3
30102,495,69,3
30103,500,1616,4
30104,346,77,4
30105,203,257,3
30106,299,538,3
30107,398,385,3
30108,48,523,5
30109,311,520,5
30110,95,210,5
30111,426,601,3
30112,347,28,4
30113,301,426,4
30114,184,66,4
30115,537,1073,3
30116,405,1522,1
30117,394,7,5
30118,10,129,4
30119,336,237,5
30120,124,154,5
30121,492,64,4
30122,189,238,5
30123,197,230,4
30124,100,880,1
30125,87,172,5
30126,505,79,3
30127,7,178,4
30128,429,581,2
30129,535,185,4
30130,269,182,4
30131,389,531,4
30132,96,98,5
30133,111,344,2
30134,391,132,4
30135,311,194,4
30136,276,802,3
30137,515,329,2
30138,484,318,5
30139,429,55,4
30140,305,735,4
30141,532,210,5
30142,445,871,2
30143,351,289,5
30144,368,569,3
30145,90,568,5
30146,264,286,2
30147,506,209,4
30148,360,936,4
30149,372,332,4
30150,269,69,1
30151,465,855,4
30152,476,435,3
30153,416,576,5
30154,503,607,5
30155,387,265,4
30156,467,108,4
30157,249,483,5
30158,234,211,3
30159,446,270,4
30160,409,175,4
30161,524,284,3
30162,425,229,3
30163,435,357,4
30164,511,333,4
30165,246,118,1
30166,519,349,5
30167,453,475,5
30168,460,311,5
30169,28,449,2
30170,426,836,3
30171,559,524,3
30172,294,331,4
30173,13,709,4
30174,454,131,3
30175,394,1371,2
30176,385,127,4
30177,459,111,3
30178,537,1139,2
30179,445,405,4
30180,378,111,3
30181,417,181,3
30182,354,709,5
30183,186,303,3
30184,435,961,1
30185,456,919,4
30186,550,405,4
30187,54,1,4
30188,501,1278,3
30189,251,117,4
30190,234,393,2
30191,375,183,5
30192,370,323,2
30193,79,268,5
30194,331,414,4
30195,151,582,5
30196,334,312,2
30197,495,679,3
30198,535,203,3
30199,457,218,4
30200,87,1177,1
30201,186,332,4
30202,85,191,4
30203,551,690,5
30204,472,755,4
30205,445,544,2
30206,237,178,4
30207,523,549,4
30208,474,195,5
30209,130,181,5
30210,405,956,2
30211,405,555,1
30212,454,434,3
30213,95,1133,3
30214,373,191,4
30215,16,237,5
30216,478,392,2
30217,313,50,5
30218,201,1073,2
30219,515,893,1
30220,541,420,4
30221,399,826,2
30222,389,605,5
30223,504,567,2
30224,533,546,3
30225,184,399,3
30226,328,561,3
30227,250,100,5
30228,201,729,2
30229,405,1104,1
30230,482,295,3
30231,416,357,5
30232,429,81,3
30233,269,241,1
30234,381,1401,4
30235,75,1,4
30236,262,100,3
30237,452,614,3
30238,452,494,5
30239,445,325,1
30240,532,205,5
30241,357,1034,2
30242,551,365,5
30243,336,383,1
30244,553,182,3
30245,293,636,4
30246,6,495,4
30247,486,748,2
30248,270,250,2
30249,433,754,3
30250,62,1091,3
30251,448,750,5
30252,326,790,1
30253,63,405,4
30254,496,420,3
30255,8,82,5
30256,393,415,4
30257,313,629,3
30258,234,102,2
30259,405,183,1
30260,271,699,4
30261,447,405,2
30262,553,523,4
30263,435,786,4
30264,222,338,1
30265,116,258,4
30266,487,540,2
30267,128,732,4
30268,524,490,3
30269,186,540,4
30270,125,513,4
30271,460,149,4
30272,450,474,5
30273,276,88,3
30274,160,508,5
30275,249,568,4
30276,504,186,3
30277,373,382,4
30278,94,808,2
30279,338,1,3
30280,551,864,5
30281,437,1090,1
30282,518,458,3
30283,113,50,5
30284,339,663,5
30285,494,507,4
30286,527,513,4
30287,264,211,5
30288,38,395,3
30289,370,484,4
30290,262,559,3
30291,130,894,4
30292,90,528,5
30293,188,462,4
30294,495,1183,4
30295,144,729,4
30296,94,204,4
30297,234,516,3
30298,299,251,5
30299,79,319,4
30300,535,70,4
30301,553,22,5
30302,94,716,3
30303,15,310,4
30304,506,732,4
30305,21,989,3
30306,334,405,3
30307,474,198,3
30308,271,269,4
30309,489,878,2
30310,332,328,5
30311,188,553,4
30312,450,765,3
30313,115,56,5
30314,293,497,4
30315,243,1465,3
30316,70,1146,3
30317,385,506,2
30318,417,324,1
30319,263,250,2
30320,251,118,3
30321,455,898,3
30322,455,174,4
30323,299,746,4
30324,457,845,4
30325,221,59,2
30326,13,170,5
30327,75,196,4
30328,472,658,5
30329,92,425,4
30330,82,424,1
30331,339,614,3
30332,504,616,4
30333,416,58,5
30334,435,72,4
30335,290,1047,4
30336,472,1119,5
30337,524,199,4
30338,529,331,4
30339,313,393,4
30340,416,795,2
30341,487,732,5
30342,437,144,2
30343,232,132,5
30344,453,50,5
30345,58,1089,1
30346,24,582,4
30347,94,143,4
30348,234,515,5
30349,269,428,5
30350,295,134,5
30351,293,204,3
30352,500,275,1
30353,560,7,3
30354,181,118,2
30355,456,101,3
30356,202,242,3
30357,181,749,1
30358,506,148,3
30359,458,357,3
30360,334,1312,4
30361,503,241,5
30362,57,748,4
30363,495,470,5
30364,465,283,3
30365,540,100,5
30366,444,912,4
30367,299,498,4
30368,452,162,3
30369,70,132,4
30370,122,269,5
30371,23,7,4
30372,526,283,3
30373,381,228,4
30374,320,1091,4
30375,276,144,5
30376,21,760,1
30377,343,930,1
30378,424,323,5
30379,417,65,4
30380,42,471,4
30381,87,449,3
30382,58,70,4
30383,118,551,5
30384,416,462,5
30385,92,78,3
30386,385,961,4
30387,452,60,1
30388,38,247,5
30389,128,692,4
30390,464,1598,3
30391,178,11,5
30392,486,872,5
30393,454,485,4
30394,99,121,3
30395,449,105,1
30396,371,180,4
30397,125,1185,3
30398,216,318,5
30399,116,297,3
30400,339,511,5
30401,79,116,5
30402,204,262,4
30403,26,405,2
30404,269,42,5
30405,548,248,4
30406,60,160,4
30407,561,51,3
30408,215,202,4
30409,537,70,4
30410,234,528,4
30411,211,520,4
30412,497,720,2
30413,5,162,1
30414,332,746,5
30415,500,120,3
30416,551,286,4
30417,33,682,4
30418,62,283,4
30419,24,11,5
30420,429,578,3
30421,554,8,4
30422,354,1063,3
30423,393,552,2
30424,423,9,5
30425,406,202,3
30426,269,315,4
30427,82,409,1
30428,102,450,1
30429,497,13,2
30430,259,781,3
30431,279,843,4
30432,244,64,5
30433,327,164,3
30434,466,902,5
30435,551,458,2
30436,178,763,4
30437,279,1121,4
30438,38,313,5
30439,394,746,2
30440,378,285,4
30441,450,482,5
30442,503,747,3
30443,551,31,4
30444,560,123,2
30445,303,619,3
30446,511,355,2
30447,425,244,1
30448,43,280,3
30449,536,230,5
30450,303,168,5
30451,447,1132,3
30452,519,327,4
30453,266,14,4
30454,56,862,3
30455,500,276,5
30456,530,476,4
30457,560,108,1
30458,269,218,2
30459,267,380,2
30460,431,245,4
30461,322,656,5
30462,178,354,4
30463,505,1285,3
30464,508,88,3
30465,326,33,2
30466,508,109,3
30467,60,212,5
30468,11,238,3
30469,458,57,1
30470,15,257,4
30471,533,345,3
30472,361,190,5
30473,537,588,1
30474,541,781,5
30475,526,301,2
30476,511,358,1
30477,378,153,4
30478,18,582,5
30479,1,256,4
30480,268,1046,3
30481,7,416,5
30482,405,141,2
30483,435,151,3
30484,327,72,2
30485,114,176,5
30486,537,697,2
30487,552,151,3
30488,397,127,5
30489,489,991,3
30490,267,124,5
30491,361,274,3
30492,201,31,1
30493,374,97,5
30494,5,95,4
30495,68,409,3
30496,334,231,2
30497,152,274,5
30498,416,143,5
30499,157,117,5
30500,450,1261,4
30501,373,165,5
30502,327,340,4
30503,450,614,4
30504,532,468,5
30505,373,497,3
30506,456,202,3
30507,109,413,3
30508,58,209,5
30509,429,168,5
30510,360,284,3
30511,536,204,4
30512,230,216,4
30513,286,805,3
30514,454,194,3
30515,504,132,5
30516,374,64,5
30517,501,1534,4
30518,380,654,4
30519,311,521,4
30520,533,118,4
30521,24,727,3
30522,463,597,2
30523,483,405,3
30524,379,195,3
30525,454,655,3
30526,110,340,3
30527,401,321,2
30528,501,298,4
30529,405,528,1
30530,277,619,4
30531,374,5,4
30532,512,313,3
30533,130,227,3
30534,500,56,5
30535,487,288,4
30536,308,699,4
30537,101,117,4
30538,527,653,4
30539,499,183,4
30540,82,826,3
30541,476,175,4
30542,294,298,5
30543,338,490,5
30544,263,879,2
30545,445,595,2
30546,201,121,2
30547,505,258,1
30548,535,508,5
30549,62,222,5
30550,200,549,4
30551,393,194,4
30552,68,111,3
30553,116,1254,2
30554,57,1096,3
30555,343,257,3
30556,500,3,4
30557,249,183,4
30558,537,291,2
30559,561,164,2
30560,235,196,3
30561,434,833,4
30562,251,281,4
30563,360,845,3
30564,114,180,3
30565,321,7,4
30566,293,941,2
30567,452,969,2
30568,545,710,3
30569,387,76,3
30570,416,140,4
30571,369,166,4
30572,534,591,5
30573,126,344,4
30574,450,700,1
30575,318,174,4
30576,297,83,4
30577,545,228,5
30578,244,174,3
30579,22,1003,1
30580,351,678,4
30581,189,656,4
30582,481,435,5
30583,349,15,4
30584,90,356,4
30585,429,151,5
30586,542,8,3
30587,308,96,4
30588,532,685,5
30589,504,416,4
30590,151,198,4
30591,479,840,1
30592,514,45,4
30593,532,586,4
30594,397,156,5
30595,401,168,1
30596,385,461,4
30597,540,50,5
30598,145,17,3
30599,454,97,4
30600,532,591,5
30601,131,242,5
30602,387,123,3
30603,497,250,3
30604,189,516,1
30605,456,282,3
30606,15,323,1
30607,345,655,4
30608,553,1451,4
30609,25,968,4
30610,455,228,4
30611,541,660,5
30612,82,456,1
30613,496,11,4
30614,521,659,4
30615,158,250,4
30616,405,556,1
30617,429,382,3
30618,533,69,4
30619,342,382,3
30620,400,307,3
30621,181,456,1
30622,344,8,5
30623,472,49,5
30624,374,1277,3
30625,405,1539,1
30626,500,316,3
30627,480,517,4
30628,463,741,1
30629,85,291,3
30630,23,386,4
30631,243,509,4
30632,249,317,5
30633,7,571,3
30634,370,661,5
30635,264,14,4
30636,59,762,4
30637,53,628,5
30638,75,111,4
30639,332,70,2
30640,387,20,4
30641,94,732,3
30642,186,1046,3
30643,545,25,2
30644,561,23,5
30645,474,194,5
30646,504,372,4
30647,416,775,4
30648,25,186,4
30649,320,679,4
30650,295,22,4
30651,328,601,4
30652,548,1051,4
30653,339,160,5
30654,503,97,4
30655,224,349,4
30656,327,960,5
30657,308,97,1
30658,394,4,4
30659,479,117,3
30660,363,625,4
30661,77,209,4
30662,316,183,1
30663,323,292,4
30664,391,504,5
30665,435,290,3
30666,85,310,3
30667,92,1028,2
30668,303,586,2
30669,60,168,5
30670,280,197,2
30671,468,8,4
30672,198,6,2
30673,434,844,3
30674,501,844,4
30675,249,117,4
30676,446,690,2
30677,483,286,3
30678,385,631,3
30679,94,864,2
30680,325,208,3
30681,537,3,2
30682,554,582,3
30683,262,294,2
30684,489,872,2
30685,380,38,2
30686,54,930,1
30687,246,1139,2
30688,541,699,4
30689,63,224,4
30690,506,662,5
30691,11,290,3
30692,554,229,3
30693,514,307,4
30694,299,1103,4
30695,533,180,3
30696,479,288,3
30697,267,1185,2
30698,416,526,5
30699,417,157,4
30700,379,427,5
30701,295,403,4
30702,76,77,2
30703,269,445,3
30704,22,211,3
30705,504,117,4
30706,279,60,4
30707,312,211,4
30708,221,222,3
30709,425,590,3
30710,207,281,3
30711,422,370,2
30712,410,269,5
30713,13,578,3
30714,454,692,5
30715,434,763,5
30716,500,662,2
30717,509,751,3
30718,305,480,5
30719,244,318,5
30720,198,411,1
30721,10,178,5
30722,474,1050,4
30723,541,423,3
30724,95,448,3
30725,386,685,4
30726,249,471,4
30727,380,139,1
30728,114,679,2
30729,256,151,5
30730,354,89,4
30731,339,130,4
30732,527,56,4
30733,246,173,5
30734,393,85,3
30735,508,115,3
30736,479,463,4
30737,506,1110,1
30738,200,866,4
30739,472,1053,4
30740,327,11,4
30741,318,56,3
30742,223,993,4
30743,474,633,4
30744,417,323,3
30745,472,455,4
30746,556,496,5
30747,181,1255,1
30748,41,216,3
30749,405,1444,2
30750,450,92,4
30751,363,54,3
30752,479,182,4
30753,226,224,4
30754,28,195,4
30755,343,1211,4
30756,433,1005,5
30757,10,11,4
30758,494,100,5
30759,234,1204,3
30760,486,109,3
30761,536,441,2
30762,13,404,5
30763,92,182,4
30764,346,496,5
30765,318,480,4
30766,185,514,5
30767,398,476,3
30768,265,240,3
30769,293,403,3
30770,40,879,2
30771,543,199,4
30772,274,1152,4
30773,530,1300,2
30774,551,950,2
30775,177,568,3
30776,497,240,4
30777,194,225,3
30778,343,739,3
30779,130,412,4
30780,328,645,4
30781,351,341,4
30782,504,384,2
30783,343,86,5
30784,551,260,5
30785,479,1039,4
30786,95,72,2
30787,374,318,2
30788,457,403,4
30789,526,875,3
30790,535,137,4
30791,505,56,1
30792,417,474,4
30793,551,576,2
30794,436,347,4
30795,552,252,2
30796,211,423,5
30797,377,508,4
30798,286,818,2
30799,194,86,3
30800,533,26,3
30801,320,588,3
30802,542,399,2
30803,144,654,4
30804,152,794,5
30805,94,53,4
30806,465,286,4
30807,301,39,3
30808,158,123,3
30809,447,204,4
30810,411,568,4
30811,538,191,5
30812,246,92,1
30813,463,596,3
30814,498,919,4
30815,545,524,4
30816,456,60,4
30817,537,459,3
30818,468,582,3
30819,479,421,4
30820,92,411,4
30821,7,507,5
30822,429,1110,2
30823,532,284,5
30824,528,748,3
30825,318,132,4
30826,402,50,4
30827,183,1090,2
30828,360,357,5
30829,551,223,4
30830,536,70,2
30831,125,372,1
30832,249,290,2
30833,429,505,4
30834,551,292,3
30835,525,121,4
30836,451,242,1
30837,84,1047,2
30838,487,195,4
30839,116,519,5
30840,213,479,4
30841,539,661,5
30842,533,411,2
30843,551,581,5
30844,365,271,4
30845,168,678,1
30846,274,211,5
30847,92,1214,2
30848,157,685,3
30849,548,118,5
30850,520,289,4
30851,7,646,5
30852,551,181,2
30853,479,249,2
30854,416,416,4
30855,10,182,5
30856,87,181,5
30857,85,610,3
30858,345,1012,3
30859,426,332,4
30860,213,118,4
30861,426,194,4
30862,527,124,4
30863,291,565,2
30864,343,1194,4
30865,551,22,5
30866,470,19,4
30867,489,330,4
30868,553,434,3
30869,253,689,5
30870,481,514,4
30871,409,207,3
30872,524,185,4
30873,499,176,4
30874,429,520,3
30875,293,463,4
30876,412,96,5
30877,501,249,3
30878,521,423,3
30879,537,58,4
30880,33,678,4
30881,13,1,3
30882,303,1232,3
30883,435,413,2
30884,480,191,4
30885,242,111,4
30886,234,970,4
30887,400,323,4
30888,94,923,5
30889,226,176,4
30890,435,42,3
30891,538,237,4
30892,78,327,1
30893,497,783,3
30894,506,53,4
30895,83,546,4
30896,92,642,3
30897,435,109,4
30898,429,702,5
30899,40,896,4
30900,249,478,4
30901,75,685,4
30902,456,238,4
30903,288,175,1
30904,561,143,1
30905,472,1,5
30906,144,271,2
30907,193,354,3
30908,537,661,4
30909,9,483,5
30910,82,418,4
30911,538,496,5
30912,563,1035,4
30913,18,478,5
30914,474,495,4
30915,554,696,3
30916,60,515,5
30917,326,780,2
30918,256,739,5
30919,409,156,2
30920,469,705,5
30921,504,94,4
30922,542,265,4
30923,286,819,3
30924,122,660,3
30925,519,909,5
30926,194,1207,1
30927,234,608,3
30928,497,1157,2
30929,385,384,1
30930,537,1050,2
30931,201,180,3
30932,527,201,3
30933,144,280,1
30934,566,177,4
30935,563,692,5
30936,194,22,5
30937,556,192,5
30938,488,210,4
30939,126,690,3
30940,452,648,4
30941,320,24,3
30942,35,358,1
30943,374,521,4
30944,24,41,5
30945,550,892,2
30946,343,357,5
30947,478,381,5
30948,474,996,3
30949,145,823,3
30950,446,334,3
30951,164,411,2
30952,455,515,4
30953,194,732,3
30954,533,659,4
30955,160,1197,4
30956,472,99,3
30957,342,357,3
30958,58,116,5
30959,533,845,4
30960,406,133,5
30961,276,461,4
30962,342,1103,3
30963,533,4,3
30964,234,319,3
30965,159,96,4
30966,496,141,3
30967,115,273,4
30968,548,887,4
30969,524,42,3
30970,121,127,5
30971,481,650,3
30972,378,144,4
30973,308,605,4
30974,305,70,4
30975,334,338,1
30976,246,1028,3
30977,115,177,5
30978,543,694,4
30979,256,288,5
30980,497,3,4
30981,515,243,3
30982,195,809,3
30983,378,21,3
30984,527,203,4
30985,532,242,4
30986,534,1034,3
30987,339,1526,4
30988,537,654,3
30989,466,95,2
30990,407,712,2
30991,354,281,1
30992,130,1089,2
30993,121,250,2
30994,491,273,5
30995,295,137,4
30996,382,177,4
30997,6,203,3
30998,184,529,4
30999,308,517,4
31000,484,69,5
31001,387,663,4
31002,7,665,4
31003,532,241,5
31004,407,403,4
31005,399,118,3
31006,378,1230,2
31007,71,357,5
31008,389,454,2
31009,520,300,4
31010,342,7,4
31011,467,1016,4
31012,109,177,4
31013,58,1048,1
31014,516,628,4
31015,60,491,4
31016,109,12,4
31017,492,187,5
31018,394,802,1
31019,518,685,5
31020,193,763,3
31021,401,83,4
31022,447,248,5
31023,409,1393,1
31024,385,650,5
31025,464,1226,4
31026,530,214,2
31027,92,230,3
31028,450,928,3
31029,338,208,3
31030,279,684,3
31031,216,156,5
31032,201,408,4
31033,389,527,3
31034,347,1039,5
31035,405,1179,1
31036,345,416,4
31037,561,7,5
31038,363,164,2
31039,28,56,5
31040,557,262,2
31041,380,751,3
31042,377,271,4
31043,15,282,3
31044,326,434,5
31045,305,941,2
31046,380,163,2
31047,496,87,5
31048,328,323,3
31049,457,1140,2
31050,503,561,5
31051,463,1014,2
31052,557,166,4
31053,542,496,4
31054,62,44,3
31055,402,1060,3
31056,244,754,4
31057,360,304,4
31058,521,228,4
31059,391,282,4
31060,18,461,4
31061,545,89,3
31062,222,11,5
31063,456,693,3
31064,389,631,5
31065,451,308,1
31066,141,823,3
31067,110,196,4
31068,417,380,3
31069,552,225,3
31070,503,382,4
31071,52,13,5
31072,147,270,3
31073,457,105,3
31074,149,337,2
31075,405,1231,1
31076,450,589,3
31077,219,258,5
31078,49,946,2
31079,474,603,5
31080,253,485,5
31081,342,298,3
31082,417,245,4
31083,481,216,5
31084,34,292,5
31085,66,50,5
31086,373,71,5
31087,48,185,4
31088,276,1194,3
31089,498,182,4
31090,541,763,3
31091,232,750,3
31092,454,496,4
31093,416,245,2
31094,453,214,3
31095,545,229,3
31096,168,597,3
31097,13,654,5
31098,435,713,5
31099,359,546,3
31100,533,427,4
31101,532,721,4
31102,345,298,5
31103,152,49,5
31104,374,183,4
31105,406,173,2
31106,312,608,5
31107,537,488,4
31108,346,375,1
31109,417,385,5
31110,276,915,4
31111,542,866,2
31112,75,405,4
31113,539,242,5
31114,524,161,4
31115,455,57,4
31116,31,875,4
31117,295,202,5
31118,429,83,4
31119,399,301,4
31120,49,42,4
31121,378,736,4
31122,381,705,5
31123,413,250,3
31124,479,175,4
31125,561,805,3
31126,124,144,4
31127,214,705,4
31128,385,507,3
31129,546,17,4
31130,417,340,3
31131,503,488,5
31132,484,56,5
31133,440,937,5
31134,223,125,3
31135,236,127,5
31136,308,214,2
31137,354,166,4
31138,145,762,3
31139,160,282,4
31140,536,727,3
31141,523,935,5
31142,548,458,3
31143,87,657,4
31144,437,1007,5
31145,41,195,4
31146,72,220,3
31147,454,70,4
31148,385,900,4
31149,382,100,4
31150,541,1,4
31151,457,651,5
31152,99,475,5
31153,497,550,4
31154,187,216,5
31155,101,1132,3
31156,543,179,4
31157,542,69,4
31158,18,42,3
31159,145,412,4
31160,318,1012,4
31161,474,216,4
31162,22,94,3
31163,263,315,4
31164,201,425,3
31165,74,258,4
31166,406,421,4
31167,293,211,4
31168,456,721,4
31169,393,569,4
31170,291,566,4
31171,280,697,5
31172,15,676,4
31173,398,239,3
31174,472,38,4
31175,393,240,2
31176,189,246,4
31177,56,794,3
31178,496,39,5
31179,425,198,4
31180,277,1129,3
31181,530,692,4
31182,558,116,5
31183,563,233,4
31184,523,3,4
31185,542,56,5
31186,201,282,2
31187,556,170,4
31188,10,134,5
31189,56,11,4
31190,239,753,5
31191,452,79,4
31192,339,79,4
31193,174,1221,5
31194,130,420,5
31195,280,284,3
31196,457,483,5
31197,425,176,3
31198,361,269,4
31199,456,174,4
31200,226,713,5
31201,112,887,5
31202,483,199,3
31203,520,1028,1
31204,423,148,3
31205,207,111,3
31206,497,38,3
31207,532,1470,5
31208,545,472,5
31209,185,423,5
31210,532,562,5
31211,234,124,4
31212,551,132,5
31213,526,270,3
31214,463,15,4
31215,500,721,1
31216,451,690,4
31217,396,871,2
31218,193,476,2
31219,201,464,1
31220,274,685,5
31221,524,184,1
31222,138,15,4
31223,110,765,3
31224,339,4,4
31225,537,226,2
31226,332,369,4
31227,561,1101,3
31228,559,902,4
31229,343,168,4
31230,564,1399,2
31231,200,358,5
31232,474,521,5
31233,52,151,5
31234,57,820,3
31235,407,197,4
31236,504,258,5
31237,417,1247,3
31238,276,715,3
31239,30,172,4
31240,463,244,4
31241,286,930,2
31242,234,1169,4
31243,1,220,3
31244,524,554,4
31245,532,421,5
31246,405,1042,1
31247,405,265,2
31248,426,655,4
31249,269,58,2
31250,429,546,3
31251,560,1160,3
31252,450,591,4
31253,435,1103,4
31254,400,288,4
31255,405,1585,1
31256,544,1280,3
31257,122,956,4
31258,236,176,2
31259,16,642,5
31260,360,286,5
31261,447,926,3
31262,381,214,2
31263,535,433,5
31264,566,395,1
31265,528,423,1
31266,325,498,4
31267,548,311,3
31268,530,328,4
31269,313,633,5
31270,356,292,3
31271,494,289,1
31272,363,578,4
31273,99,22,5
31274,188,651,4
31275,474,170,4
31276,378,1181,2
31277,508,214,3
31278,334,305,2
31279,189,313,2
31280,264,856,3
31281,537,956,4
31282,497,127,5
31283,565,52,5
31284,209,1,5
31285,321,863,3
31286,425,187,3
31287,83,584,4
31288,10,137,4
31289,354,151,3
31290,454,318,5
31291,281,326,1
31292,104,628,4
31293,59,168,5
31294,128,690,3
31295,394,38,4
31296,479,58,4
31297,458,461,4
31298,552,336,3
31299,76,137,5
31300,334,640,4
31301,563,401,4
31302,551,561,5
31303,561,151,2
31304,536,265,5
31305,417,391,2
31306,406,117,4
31307,239,300,1
31308,118,320,5
31309,551,318,5
31310,7,286,4
31311,429,763,4
31312,251,978,2
31313,394,313,5
31314,573,194,4
31315,99,300,4
31316,506,663,4
31317,497,407,2
31318,450,385,4
31319,450,282,5
31320,69,236,4
31321,507,147,5
31322,275,257,3
31323,121,100,4
31324,308,56,5
31325,308,646,5
31326,523,50,5
31327,552,322,3
31328,499,136,4
31329,328,44,3
31330,541,560,3
31331,508,82,3
31332,537,242,3
31333,195,198,3
31334,453,424,1
31335,406,240,4
31336,549,866,4
31337,567,1019,5
31338,54,295,3
31339,485,538,3
31340,496,181,5
31341,532,155,4
31342,456,743,2
31343,363,831,1
31344,406,357,4
31345,243,1197,4
31346,144,319,3
31347,456,170,5
31348,332,237,5
31349,311,468,4
31350,352,12,4
31351,62,83,5
31352,194,8,3
31353,209,285,5
31354,500,28,3
31355,49,640,1
31356,444,515,4
31357,390,302,5
31358,118,55,5
31359,533,127,5
31360,201,803,2
31361,269,56,5
31362,561,204,3
31363,510,286,3
31364,567,636,4
31365,455,380,3
31366,7,613,4
31367,176,328,4
31368,569,111,3
31369,562,443,5
31370,291,998,1
31371,29,300,3
31372,416,237,3
31373,428,243,4
31374,144,1,4
31375,425,1596,2
31376,1,93,5
31377,489,687,3
31378,89,702,5
31379,416,1300,3
31380,92,120,2
31381,538,211,4
31382,425,566,2
31383,435,327,3
31384,56,173,4
31385,393,147,5
31386,459,250,5
31387,478,427,4
31388,303,1089,1
31389,488,419,3
31390,450,305,4
31391,417,1,4
31392,536,603,4
31393,84,95,4
31394,322,603,5
31395,276,755,3
31396,200,401,2
31397,236,9,5
31398,451,336,4
31399,502,338,4
31400,536,69,5
31401,435,584,3
31402,308,371,3
31403,416,934,2
31404,343,297,5
31405,337,380,4
31406,479,500,4
31407,184,508,4
31408,189,527,5
31409,321,60,4
31410,13,222,3
31411,87,281,4
31412,479,632,5
31413,437,12,5
31414,545,226,3
31415,195,1413,2
31416,397,345,4
31417,435,715,3
31418,70,208,4
31419,436,761,4
31420,104,13,3
31421,225,427,5
31422,419,617,4
31423,346,470,3
31424,543,513,4
31425,56,111,2
31426,187,428,4
31427,557,294,3
31428,138,513,5
31429,454,474,4
31430,561,343,4
31431,357,123,4
31432,457,172,5
31433,267,169,5
31434,406,212,2
31435,95,25,3
31436,450,275,4
31437,416,242,4
31438,299,129,4
31439,64,425,4
31440,339,235,3
31441,473,116,5
31442,221,108,3
31443,476,194,5
31444,452,99,3
31445,448,321,4
31446,428,272,5
31447,276,1042,1
31448,393,999,4
31449,416,1051,3
31450,496,136,1
31451,263,527,5
31452,479,127,5
31453,537,736,3
31454,537,470,2
31455,454,1,3
31456,378,257,4
31457,7,47,5
31458,43,660,4
31459,123,523,3
31460,151,761,3
31461,496,135,2
31462,406,434,5
31463,11,742,3
31464,424,172,3
31465,537,258,4
31466,42,924,3
31467,329,174,4
31468,567,252,1
31469,255,682,5
31470,441,288,2
31471,463,362,1
31472,498,512,5
31473,514,423,5
31474,311,501,5
31475,527,143,2
31476,94,22,4
31477,118,396,5
31478,484,293,5
31479,542,693,4
31480,308,24,4
31481,536,50,5
31482,89,321,4
31483,480,166,5
31484,463,1605,2
31485,456,505,4
31486,276,289,2
31487,239,132,5
31488,312,185,5
31489,313,95,3
31490,554,286,4
31491,6,501,5
31492,374,665,4
31493,474,203,5
31494,339,528,5
31495,184,651,3
31496,552,301,4
31497,109,1228,3
31498,457,31,4
31499,486,300,4
31500,435,825,3
31501,362,748,1
31502,234,1453,2
31503,501,282,4
31504,450,873,3
31505,487,68,5
31506,344,121,3
31507,535,1149,4
31508,505,151,3
31509,533,19,3
31510,6,259,1
31511,339,415,3
31512,576,9,3
31513,90,509,5
31514,264,202,5
31515,186,98,5
31516,291,569,3
31517,385,1007,3
31518,181,1331,1
31519,567,482,5
31520,417,174,3
31521,543,1262,2
31522,207,55,3
31523,399,69,3
31524,567,615,4
31525,532,500,5
31526,533,98,4
31527,354,116,5
31528,474,135,5
31529,206,1024,1
31530,130,1095,3
31531,399,186,4
31532,303,1110,1
31533,479,121,4
31534,533,435,4
31535,512,97,5
31536,434,1152,5
31537,18,177,3
31538,474,708,4
31539,119,168,5
31540,323,933,3
31541,305,793,5
31542,342,197,4
31543,60,12,4
31544,308,945,4
31545,44,450,2
31546,354,531,4
31547,529,873,4
31548,295,95,4
31549,387,194,3
31550,314,22,4
31551,429,48,3
31552,173,302,5
31553,308,494,5
31554,550,255,3
31555,537,681,1
31556,456,42,4
31557,313,1,4
31558,459,300,4
31559,523,1022,4
31560,453,79,3
31561,533,47,1
31562,5,452,1
31563,60,166,4
31564,561,584,3
31565,245,1047,3
31566,274,276,4
31567,194,1066,3
31568,471,8,5
31569,533,54,4
31570,379,385,2
31571,466,183,3
31572,251,282,4
31573,397,340,2
31574,491,190,4
31575,18,198,3
31576,343,703,4
31577,256,66,4
31578,306,756,3
31579,405,68,1
31580,202,1,3
31581,125,105,3
31582,504,82,4
31583,499,651,4
31584,401,194,4
31585,499,87,4
31586,495,507,4
31587,222,1139,3
31588,26,458,3
31589,140,302,4
31590,325,183,3
31591,286,390,1
31592,524,291,4
31593,535,735,5
31594,280,748,2
31595,405,1209,3
31596,460,14,5
31597,493,327,5
31598,510,294,3
31599,328,912,3
31600,174,764,4
31601,49,90,1
31602,506,227,4
31603,546,672,3
31604,90,543,3
31605,352,82,3
31606,192,108,4
31607,234,1450,3
31608,244,156,4
31609,63,676,3
31610,416,827,4
31611,208,310,4
31612,346,712,3
31613,268,1222,2
31614,417,218,3
31615,498,591,4
31616,429,161,3
31617,357,151,5
31618,406,559,3
31619,472,561,5
31620,334,297,5
31621,417,248,4
31622,392,255,3
31623,465,97,2
31624,495,1135,5
31625,474,173,5
31626,536,133,4
31627,405,427,5
31628,577,471,3
31629,246,559,3
31630,474,463,5
31631,406,234,4
31632,573,143,2
31633,456,720,3
31634,540,109,4
31635,261,125,5
31636,318,58,4
31637,347,1012,4
31638,336,111,3
31639,573,192,4
31640,554,546,3
31641,190,989,3
31642,532,538,4
31643,340,143,5
31644,130,100,3
31645,470,295,3
31646,416,298,4
31647,190,313,5
31648,92,265,4
31649,415,480,5
31650,1,8,1
31651,217,183,3
31652,271,357,5
31653,573,127,4
31654,542,367,4
31655,498,1083,3
31656,536,584,5
31657,49,698,2
31658,253,679,3
31659,533,240,1
31660,75,825,1
31661,198,98,4
31662,128,419,3
31663,466,117,5
31664,416,585,1
31665,553,478,4
31666,124,474,3
31667,73,382,4
31668,525,237,4
31669,56,78,3
31670,328,301,2
31671,90,954,4
31672,286,461,2
31673,449,273,4
31674,38,259,3
31675,276,391,2
31676,90,650,5
31677,110,1249,3
31678,29,286,5
31679,407,289,3
31680,496,222,3
31681,269,302,3
31682,174,417,4
31683,235,192,4
31684,72,194,4
31685,334,163,4
31686,506,550,4
31687,406,705,4
31688,2,291,3
31689,535,479,4
31690,262,288,3
31691,313,443,5
31692,178,819,2
31693,311,356,4
31694,539,19,5
31695,434,147,3
31696,474,461,5
31697,567,613,4
31698,463,235,2
31699,543,231,3
31700,513,265,5
31701,563,367,4
31702,326,654,1
31703,59,514,5
31704,290,125,3
31705,467,7,5
31706,496,1063,3
31707,457,144,5
31708,472,431,5
31709,214,166,4
31710,535,502,5
31711,454,12,3
31712,506,654,4
31713,299,58,3
31714,453,586,2
31715,244,268,5
31716,542,1218,3
31717,84,300,4
31718,422,127,4
31719,43,79,4
31720,235,431,2
31721,188,100,4
31722,62,195,5
31723,553,482,4
31724,478,161,3
31725,269,134,4
31726,257,129,4
31727,536,217,3
31728,518,370,4
31729,527,50,4
31730,449,702,5
31731,504,63,3
31732,339,942,4
31733,500,89,4
31734,189,13,4
31735,183,356,3
31736,99,471,4
31737,44,121,4
31738,497,625,3
31739,279,403,1
31740,354,216,3
31741,279,890,3
31742,1,205,3
31743,410,347,1
31744,409,1379,3
31745,293,591,3
31746,429,768,3
31747,579,1,4
31748,322,302,5
31749,514,318,4
31750,299,483,5
31751,363,264,3
31752,43,785,3
31753,109,164,5
31754,419,14,5
31755,574,300,4
31756,533,258,4
31757,49,96,1
31758,201,207,3
31759,465,12,4
31760,166,286,1
31761,417,73,3
31762,472,393,3
31763,188,97,5
31764,521,176,4
31765,498,23,4
31766,409,526,3
31767,474,653,4
31768,519,336,5
31769,393,173,5
31770,500,70,4
31771,312,208,5
31772,490,124,4
31773,308,568,5
31774,506,56,4
31775,151,204,4
31776,487,38,2
31777,402,273,4
31778,425,670,3
31779,401,153,2
31780,551,274,2
31781,393,825,4
31782,450,195,4
31783,311,639,4
31784,189,603,5
31785,290,435,3
31786,22,175,4
31787,385,444,1
31788,393,588,4
31789,407,100,5
31790,447,147,4
31791,171,315,4
31792,487,298,5
31793,474,684,4
31794,181,100,3
31795,454,58,4
31796,399,471,3
31797,385,739,1
31798,459,120,2
31799,70,576,2
31800,450,299,2
31801,405,1422,1
31802,561,582,4
31803,542,721,2
31804,452,491,4
31805,485,341,4
31806,342,194,3
31807,342,144,5
31808,523,792,4
31809,543,175,3
31810,59,61,4
31811,442,665,2
31812,21,854,5
31813,472,177,4
31814,136,204,4
31815,484,578,3
31816,334,937,3
31817,335,323,4
31818,417,855,2
31819,456,608,4
31820,409,382,4
31821,479,304,4
31822,296,294,1
31823,117,210,4
31824,551,237,4
31825,318,842,2
31826,454,603,4
31827,403,845,4
31828,344,322,2
31829,336,100,3
31830,194,73,3
31831,311,519,3
31832,421,87,4
31833,373,173,5
31834,426,488,5
31835,23,203,4
31836,560,203,4
31837,152,364,4
31838,60,609,3
31839,378,572,3
31840,164,100,5
31841,542,28,4
31842,537,516,3
31843,577,229,4
31844,328,755,3
31845,457,744,3
31846,234,873,3
31847,367,672,4
31848,521,474,3
31849,95,200,2
31850,399,58,3
31851,237,238,4
31852,130,215,5
31853,277,50,3
31854,483,612,3
31855,158,92,4
31856,1,234,4
31857,92,450,2
31858,417,214,5
31859,116,358,2
31860,16,234,5
31861,392,328,3
31862,340,662,2
31863,450,153,5
31864,426,204,3
31865,500,252,2
31866,29,480,4
31867,181,767,1
31868,479,101,4
31869,57,109,4
31870,401,9,3
31871,87,1049,3
31872,454,28,4
31873,131,293,3
31874,379,659,5
31875,528,193,4
31876,452,1089,1
31877,286,211,4
31878,517,283,4
31879,533,295,4
31880,511,895,4
31881,399,180,3
31882,50,1008,5
31883,533,879,3
31884,224,469,1
31885,567,302,4
31886,547,301,3
31887,234,178,5
31888,347,508,3
31889,85,229,3
31890,64,969,3
31891,267,235,3
31892,244,3,5
31893,378,1400,3
31894,342,699,4
31895,538,195,4
31896,297,13,3
31897,450,381,2
31898,286,179,5
31899,455,402,4
31900,141,292,1
31901,496,99,3
31902,531,323,5
31903,181,282,4
31904,519,1592,5
31905,504,428,3
31906,507,245,5
31907,285,100,4
31908,545,447,3
31909,496,509,3
31910,497,67,3
31911,503,405,3
31912,406,20,3
31913,13,13,5
31914,290,228,4
31915,116,252,2
31916,531,289,3
31917,363,317,5
31918,514,204,5
31919,442,318,4
31920,174,553,5
31921,472,229,5
31922,401,451,2
31923,532,1496,2
31924,161,132,1
31925,487,1035,4
31926,256,36,3
31927,109,125,5
31928,551,582,5
31929,207,514,4
31930,87,783,4
31931,425,307,4
31932,95,89,3
31933,299,255,2
31934,405,421,1
31935,538,956,3
31936,569,222,3
31937,3,258,2
31938,514,243,2
31939,327,1101,4
31940,555,168,4
31941,405,1518,2
31942,576,280,5
31943,244,1057,4
31944,347,258,4
31945,280,731,3
31946,534,930,4
31947,339,498,4
31948,425,144,4
31949,562,56,1
31950,327,273,2
31951,180,660,5
31952,215,99,4
31953,194,624,2
31954,84,203,3
31955,59,234,5
31956,497,1052,2
31957,84,597,3
31958,506,554,3
31959,276,323,3
31960,406,274,3
31961,561,469,4
31962,540,245,3
31963,156,187,5
31964,406,746,3
31965,94,80,2
31966,314,1014,3
31967,573,661,4
31968,222,284,3
31969,405,397,4
31970,293,550,1
31971,284,345,4
31972,187,660,5
31973,481,238,4
31974,299,732,4
31975,553,427,5
31976,548,255,4
31977,474,419,4
31978,279,81,4
31979,429,132,3
31980,545,810,4
31981,157,313,5
31982,291,975,2
31983,527,181,4
31984,458,180,4
31985,291,164,4
31986,459,225,3
31987,429,535,2
31988,562,636,2
31989,500,1324,2
31990,534,24,5
31991,1,105,2
31992,229,300,2
31993,299,652,3
31994,374,458,5
31995,211,491,3
31996,251,742,5
31997,524,707,4
31998,379,174,5
31999,222,569,2
32000,486,1017,3
32001,201,521,2
32002,545,54,4
32003,84,117,4
32004,151,609,4
32005,357,1277,5
32006,521,90,2
32007,338,474,4
32008,139,297,5
32009,455,191,5
32010,337,250,3
32011,194,997,3
32012,243,514,4
32013,313,88,2
32014,277,1283,2
32015,1,147,3
32016,424,427,4
32017,13,790,2
32018,508,443,4
32019,326,423,3
32020,441,751,4
32021,453,143,2
32022,62,98,4
32023,57,871,3
32024,366,217,5
32025,459,687,3
32026,354,98,3
32027,361,56,4
32028,115,23,5
32029,197,245,4
32030,577,284,4
32031,469,127,4
32032,251,275,4
32033,472,655,5
32034,484,924,5
32035,125,181,5
32036,95,77,4
32037,558,936,5
32038,239,498,4
32039,294,1081,3
32040,13,621,4
32041,307,395,3
32042,436,179,3
32043,532,1046,4
32044,200,68,5
32045,151,215,3
32046,71,248,3
32047,557,8,5
32048,332,123,4
32049,566,33,2
32050,276,358,3
32051,109,986,2
32052,530,322,4
32053,216,11,5
32054,493,746,4
32055,276,395,2
32056,567,7,4
32057,14,428,4
32058,478,98,5
32059,52,815,4
32060,58,640,5
32061,486,258,5
32062,450,231,3
32063,299,634,2
32064,564,333,3
32065,83,25,2
32066,399,43,3
32067,130,250,3
32068,381,16,4
32069,95,1188,2
32070,500,498,4
32071,561,501,3
32072,95,705,5
32073,495,1119,4
32074,457,230,4
32075,334,13,3
32076,253,895,4
32077,342,1170,3
32078,234,25,3
32079,72,228,1
32080,342,326,1
32081,406,72,3
32082,506,1073,4
32083,486,127,5
32084,556,520,5
32085,421,333,4
32086,509,310,1
32087,24,173,5
32088,534,595,4
32089,378,756,3
32090,447,1,3
32091,467,276,5
32092,137,1,3
32093,537,327,2
32094,543,85,2
32095,537,447,3
32096,334,127,4
32097,551,91,1
32098,354,169,3
32099,226,182,1
32100,505,402,5
32101,424,333,5
32102,151,26,3
32103,21,559,1
32104,498,1422,3
32105,401,172,3
32106,291,55,4
32107,398,229,3
32108,291,1217,3
32109,137,892,3
32110,343,58,4
32111,405,1442,1
32112,87,127,4
32113,523,1009,5
32114,280,729,2
32115,188,468,4
32116,472,473,4
32117,517,873,3
32118,370,107,4
32119,452,513,4
32120,466,302,5
32121,479,181,5
32122,86,683,5
32123,560,118,3
32124,294,269,5
32125,334,483,5
32126,385,508,2
32127,442,177,4
32128,158,544,2
32129,368,672,2
32130,416,689,4
32131,488,259,1
32132,13,871,2
32133,546,118,5
32134,521,173,4
32135,519,243,1
32136,85,143,4
32137,417,183,4
32138,276,634,4
32139,83,111,3
32140,472,748,5
32141,488,845,3
32142,200,760,4
32143,142,176,5
32144,533,283,3
32145,369,919,5
32146,280,174,3
32147,548,147,5
32148,286,969,5
32149,168,325,1
32150,405,504,2
32151,1,99,3
32152,28,227,4
32153,77,127,2
32154,572,300,4
32155,264,26,4
32156,181,977,1
32157,392,172,5
32158,454,661,4
32159,390,283,4
32160,474,132,4
32161,94,686,4
32162,195,143,5
32163,559,188,5
32164,393,64,4
32165,504,1439,4
32166,575,215,3
32167,49,433,5
32168,401,365,4
32169,222,1011,4
32170,536,271,3
32171,501,406,3
32172,301,109,5
32173,243,736,4
32174,537,151,2
32175,72,241,4
32176,503,233,5
32177,5,395,2
32178,483,538,2
32179,435,385,5
32180,493,235,2
32181,584,114,4
32182,189,630,4
32183,407,181,3
32184,560,319,4
32185,498,98,4
32186,280,315,5
32187,543,15,3
32188,535,22,3
32189,108,748,3
32190,113,237,3
32191,554,87,4
32192,430,1240,3
32193,504,237,3
32194,551,316,5
32195,385,256,4
32196,546,286,2
32197,493,343,3
32198,218,8,3
32199,379,205,5
32200,311,621,4
32201,102,436,2
32202,394,98,5
32203,564,750,3
32204,332,679,5
32205,455,24,3
32206,576,825,4
32207,87,1181,3
32208,457,143,5
32209,497,139,3
32210,16,531,5
32211,398,525,3
32212,378,203,4
32213,349,121,2
32214,278,315,4
32215,262,486,5
32216,311,416,4
32217,247,300,2
32218,72,655,5
32219,104,111,1
32220,288,880,1
32221,61,300,5
32222,398,502,3
32223,334,221,5
32224,301,568,4
32225,299,249,3
32226,236,692,4
32227,416,403,5
32228,64,196,4
32229,508,1,5
32230,6,530,4
32231,381,479,5
32232,200,758,3
32233,276,433,4
32234,201,1135,5
32235,346,100,3
32236,1,1,5
32237,320,241,4
32238,405,651,5
32239,543,1194,4
32240,318,26,5
32241,87,435,5
32242,41,414,4
32243,405,904,1
32244,533,234,2
32245,378,126,4
32246,18,98,5
32247,42,237,4
32248,92,5,4
32249,320,808,4
32250,407,565,3
32251,406,1065,2
32252,15,546,2
32253,394,265,4
32254,514,682,4
32255,526,346,3
32256,489,260,3
32257,148,151,4
32258,276,241,4
32259,454,118,4
32260,357,273,5
32261,387,127,4
32262,59,651,5
32263,425,340,4
32264,450,865,4
32265,435,211,4
32266,437,134,5
32267,416,194,5
32268,557,257,2
32269,222,175,3
32270,452,294,2
32271,16,385,5
32272,184,694,5
32273,405,606,3
32274,210,657,4
32275,181,307,1
32276,532,568,5
32277,498,1007,3
32278,246,198,4
32279,416,251,5
32280,343,57,5
32281,429,3,2
32282,551,566,5
32283,243,458,4
32284,361,83,3
32285,524,237,3
32286,588,31,3
32287,565,179,5
32288,538,405,3
32289,151,132,5
32290,497,792,3
32291,450,484,3
32292,500,584,1
32293,587,995,3
32294,506,490,3
32295,361,23,5
32296,145,515,5
32297,485,294,1
32298,469,654,4
32299,269,1040,1
32300,77,641,5
32301,569,1,4
32302,408,312,3
32303,429,157,4
32304,474,71,5
32305,488,70,3
32306,387,229,2
32307,506,28,4
32308,13,801,3
32309,249,135,5
32310,393,1063,4
32311,496,625,4
32312,323,873,3
32313,269,523,5
32314,373,214,4
32315,450,1033,3
32316,498,164,3
32317,488,28,4
32318,336,998,1
32319,94,797,2
32320,94,391,3
32321,438,100,4
32322,453,385,3
32323,14,210,5
32324,378,1042,3
32325,546,98,5
32326,553,131,5
32327,302,301,4
32328,380,182,3
32329,569,3,1
32330,479,190,4
32331,314,1519,4
32332,246,235,3
32333,446,302,4
32334,177,135,5
32335,458,469,4
32336,93,283,4
32337,363,650,2
32338,493,265,5
32339,100,349,3
32340,286,82,3
32341,85,955,4
32342,160,933,3
32343,20,174,4
32344,347,181,5
32345,567,1131,4
32346,59,410,3
32347,535,283,4
32348,503,654,5
32349,553,604,5
32350,524,866,2
32351,557,508,4
32352,305,135,3
32353,354,88,2
32354,457,549,4
32355,380,956,4
32356,567,1204,5
32357,272,205,5
32358,568,606,5
32359,387,8,4
32360,276,24,4
32361,504,51,4
32362,13,551,1
32363,405,1470,2
32364,393,1000,3
32365,449,410,3
32366,328,97,3
32367,184,639,3
32368,399,117,2
32369,568,835,4
32370,478,218,3
32371,574,315,3
32372,199,100,3
32373,569,283,4
32374,450,199,5
32375,193,23,4
32376,577,996,3
32377,529,323,4
32378,305,251,5
32379,290,176,4
32380,468,475,4
32381,504,396,2
32382,268,184,4
32383,346,183,4
32384,24,289,3
32385,12,591,5
32386,514,408,5
32387,474,7,5
32388,502,358,4
32389,363,380,4
32390,91,127,5
32391,536,21,3
32392,193,403,3
32393,64,144,3
32394,586,628,3
32395,492,186,3
32396,214,171,4
32397,556,479,5
32398,73,179,5
32399,308,275,4
32400,280,409,3
32401,271,546,2
32402,49,557,3
32403,514,1014,2
32404,311,133,3
32405,118,641,5
32406,497,810,3
32407,436,1468,5
32408,60,637,4
32409,405,1478,1
32410,468,612,4
32411,301,197,5
32412,184,203,3
32413,527,324,3
32414,157,286,5
32415,493,763,4
32416,560,756,2
32417,497,229,2
32418,90,990,3
32419,303,215,5
32420,378,686,4
32421,417,555,1
32422,164,515,4
32423,402,286,5
32424,467,298,4
32425,484,588,5
32426,201,231,2
32427,276,388,2
32428,363,423,3
32429,576,435,4
32430,181,117,2
32431,585,1488,4
32432,447,65,3
32433,119,412,4
32434,91,210,5
32435,541,465,4
32436,222,732,4
32437,455,1034,2
32438,429,356,3
32439,201,466,4
32440,464,301,4
32441,288,190,1
32442,435,752,3
32443,47,683,3
32444,587,748,1
32445,320,800,4
32446,378,729,4
32447,562,462,5
32448,59,610,4
32449,559,73,4
32450,416,1516,5
32451,291,941,4
32452,536,511,5
32453,13,795,2
32454,313,632,4
32455,489,873,3
32456,64,423,4
32457,532,1415,2
32458,216,569,3
32459,533,430,5
32460,145,294,4
32461,181,876,1
32462,405,184,1
32463,416,591,5
32464,524,541,1
32465,560,864,3
32466,399,1244,3
32467,393,243,4
32468,385,18,5
32469,508,216,5
32470,527,193,3
32471,494,322,2
32472,151,474,5
32473,416,9,5
32474,57,284,3
32475,44,737,1
32476,519,263,5
32477,522,523,5
32478,464,294,4
32479,416,469,4
32480,468,293,5
32481,28,609,3
32482,495,742,5
32483,588,721,5
32484,250,258,4
32485,334,68,3
32486,201,230,3
32487,506,82,5
32488,546,288,4
32489,234,432,4
32490,354,258,4
32491,138,12,5
32492,416,286,5
32493,551,121,5
32494,472,362,5
32495,13,603,4
32496,283,21,3
32497,369,890,3
32498,550,323,5
32499,536,582,2
32500,488,9,4
32501,486,936,3
32502,357,476,3
32503,402,515,5
32504,387,428,4
32505,299,915,4
32506,326,181,4
32507,503,714,4
32508,321,174,3
32509,478,145,1
32510,232,269,3
32511,521,182,3
32512,394,233,3
32513,545,22,3
32514,518,7,3
32515,532,734,3
32516,378,99,4
32517,416,918,4
32518,399,754,3
32519,206,749,2
32520,458,32,4
32521,402,10,2
32522,211,230,3
32523,207,462,3
32524,416,1,5
32525,294,237,4
32526,200,63,4
32527,342,125,2
32528,536,31,3
32529,392,515,5
32530,445,235,1
32531,489,689,5
32532,102,1240,2
32533,456,410,4
32534,109,722,3
32535,425,232,3
32536,417,518,5
32537,389,739,2
32538,500,535,3
32539,577,204,4
32540,517,111,3
32541,473,25,4
32542,493,98,4
32543,264,645,4
32544,201,1421,3
32545,318,70,5
32546,429,238,5
32547,428,312,4
32548,405,1193,1
32549,549,50,5
32550,269,191,5
32551,391,58,4
32552,357,220,5
32553,535,42,3
32554,561,53,3
32555,347,371,1
32556,536,387,3
32557,291,1,5
32558,215,1063,5
32559,201,1006,2
32560,343,950,3
32561,374,978,2
32562,320,570,4
32563,504,167,3
32564,520,274,3
32565,331,234,4
32566,38,1036,4
32567,345,226,3
32568,523,727,4
32569,389,642,4
32570,452,111,3
32571,551,161,5
32572,460,713,4
32573,325,82,3
32574,126,340,5
32575,334,151,4
32576,518,100,4
32577,283,294,4
32578,72,77,4
32579,189,207,5
32580,30,892,4
32581,278,313,5
32582,479,879,4
32583,336,1051,2
32584,462,271,1
32585,373,226,3
32586,440,921,5
32587,500,208,4
32588,110,258,4
32589,194,76,2
32590,454,121,4
32591,560,260,1
32592,311,539,4
32593,551,50,2
32594,263,699,4
32595,72,591,5
32596,561,109,1
32597,226,109,4
32598,401,1,2
32599,500,255,3
32600,401,276,4
32601,15,248,1
32602,565,212,5
32603,385,443,3
32604,560,423,4
32605,472,355,3
32606,339,566,3
32607,527,213,4
32608,227,14,4
32609,332,252,5
32610,556,48,5
32611,439,1048,4
32612,450,311,4
32613,504,655,4
32614,566,1232,2
32615,399,282,3
32616,567,221,5
32617,497,381,3
32618,289,125,2
32619,6,485,5
32620,533,378,4
32621,425,127,4
32622,141,831,2
32623,526,147,4
32624,514,732,5
32625,6,137,5
32626,561,489,4
32627,569,25,4
32628,198,191,4
32629,363,231,1
32630,586,665,3
32631,445,908,1
32632,405,1560,1
32633,41,188,4
32634,379,64,5
32635,251,147,3
32636,537,137,4
32637,399,77,2
32638,10,462,3
32639,533,65,4
32640,64,121,2
32641,429,404,4
32642,344,1142,5
32643,178,423,4
32644,371,393,2
32645,508,101,5
32646,561,1009,4
32647,276,1011,3
32648,455,223,4
32649,379,172,4
32650,450,433,3
32651,538,98,5
32652,254,181,5
32653,18,283,5
32654,529,292,4
32655,314,866,4
32656,561,15,3
32657,95,188,3
32658,504,1421,4
32659,295,121,4
32660,564,827,3
32661,507,827,5
32662,312,625,3
32663,587,327,3
32664,229,269,4
32665,283,409,4
32666,537,82,2
32667,235,496,4
32668,132,484,4
32669,197,228,4
32670,496,17,3
32671,59,975,4
32672,3,339,3
32673,137,680,5
32674,49,1083,2
32675,466,385,4
32676,453,963,4
32677,7,64,5
32678,130,565,3
32679,497,98,4
32680,282,300,3
32681,497,408,4
32682,485,245,3
32683,145,134,4
32684,88,319,3
32685,551,135,5
32686,280,389,5
32687,385,211,3
32688,372,333,5
32689,532,66,5
32690,409,1097,2
32691,194,13,4
32692,294,121,5
32693,537,417,2
32694,506,182,5
32695,479,1,5
32696,535,1124,4
32697,363,657,5
32698,311,399,4
32699,417,144,3
32700,453,69,4
32701,144,8,4
32702,582,948,1
32703,389,210,2
32704,298,514,4
32705,540,741,3
32706,362,322,3
32707,530,50,4
32708,480,642,4
32709,57,181,5
32710,476,209,4
32711,566,8,4
32712,345,464,3
32713,293,544,3
32714,379,144,5
32715,219,879,4
32716,253,220,4
32717,234,1461,2
32718,92,370,1
32719,380,506,3
32720,267,174,5
32721,196,287,3
32722,454,316,4
32723,391,511,5
32724,178,56,4
32725,533,479,4
32726,561,211,4
32727,39,270,4
32728,536,183,3
32729,399,941,3
32730,313,523,5
32731,551,616,5
32732,95,153,5
32733,503,246,5
32734,498,628,4
32735,77,246,5
32736,567,480,4
32737,301,455,5
32738,394,282,3
32739,507,300,5
32740,177,217,3
32741,327,301,3
32742,543,117,3
32743,206,683,1
32744,552,1277,3
32745,553,646,4
32746,210,301,4
32747,302,680,2
32748,435,122,3
32749,180,201,2
32750,480,165,5
32751,532,300,5
32752,216,257,3
32753,405,1206,1
32754,542,1059,4
32755,254,22,4
32756,405,802,1
32757,141,926,4
32758,509,300,3
32759,254,225,3
32760,420,475,4
32761,269,410,4
32762,343,471,4
32763,416,559,3
32764,584,258,4
32765,339,50,4
32766,194,549,3
32767,187,168,5
32768,303,721,4
32769,393,751,2
32770,12,708,3
32771,359,121,4
32772,342,547,5
32773,591,787,3
32774,524,497,2
32775,547,354,4
32776,438,255,4
32777,116,1214,3
32778,537,237,3
32779,460,676,4
32780,49,50,1
32781,137,210,5
32782,494,174,5
32783,69,98,5
32784,210,4,4
32785,406,699,4
32786,551,15,5
32787,53,1087,4
32788,472,117,3
32789,437,607,5
32790,566,1193,5
32791,504,563,3
32792,585,1347,2
32793,95,650,4
32794,455,42,2
32795,389,503,3
32796,500,179,4
32797,561,19,3
32798,579,845,4
32799,410,754,3
32800,271,509,4
32801,566,423,2
32802,305,1512,3
32803,62,1132,2
32804,178,9,2
32805,13,637,2
32806,533,190,2
32807,378,181,4
32808,415,269,4
32809,539,50,3
32810,386,24,4
32811,504,151,4
32812,194,467,5
32813,416,127,5
32814,504,210,4
32815,417,27,3
32816,437,660,4
32817,587,881,2
32818,363,518,4
32819,437,155,3
32820,314,379,3
32821,465,191,4
32822,465,199,3
32823,92,195,5
32824,588,365,5
32825,548,1405,3
32826,434,237,5
32827,420,408,4
32828,537,460,2
32829,197,265,5
32830,26,118,3
32831,486,250,1
32832,263,271,1
32833,255,564,1
32834,398,230,3
32835,416,432,2
32836,537,615,3
32837,228,750,3
32838,537,269,3
32839,527,156,3
32840,385,236,2
32841,561,1524,4
32842,313,333,4
32843,455,317,3
32844,543,207,5
32845,436,39,3
32846,488,199,4
32847,267,665,4
32848,31,319,4
32849,532,829,3
32850,248,176,5
32851,263,136,4
32852,561,518,4
32853,22,636,3
32854,7,603,4
32855,238,471,4
32856,20,820,2
32857,299,488,4
32858,314,845,5
32859,398,796,3
32860,177,963,4
32861,409,322,2
32862,276,1141,3
32863,552,14,4
32864,332,282,5
32865,314,196,3
32866,59,484,4
32867,479,358,1
32868,13,484,5
32869,561,1139,1
32870,90,20,4
32871,271,88,4
32872,588,204,5
32873,95,542,2
32874,246,981,1
32875,405,1471,1
32876,416,1217,4
32877,13,138,1
32878,296,237,5
32879,475,316,5
32880,30,174,5
32881,405,939,5
32882,533,9,4
32883,452,143,3
32884,405,1063,5
32885,561,678,2
32886,409,1524,4
32887,92,237,4
32888,501,181,4
32889,164,717,3
32890,401,64,3
32891,234,307,2
32892,15,235,1
32893,157,340,5
32894,553,98,5
32895,537,207,4
32896,533,1282,3
32897,435,148,3
32898,425,1089,2
32899,374,1513,2
32900,430,628,3
32901,561,468,1
32902,532,1210,4
32903,519,324,1
32904,473,137,4
32905,294,291,2
32906,591,1017,3
32907,311,77,5
32908,507,689,5
32909,404,270,4
32910,71,181,3
32911,524,525,3
32912,170,259,3
32913,581,50,4
32914,327,269,3
32915,144,61,3
32916,334,265,3
32917,22,24,5
32918,349,471,3
32919,411,566,4
32920,486,766,4
32921,303,1411,2
32922,442,53,3
32923,392,289,5
32924,23,224,5
32925,587,875,1
32926,535,238,4
32927,189,500,5
32928,379,576,4
32929,459,328,3
32930,308,216,3
32931,546,346,5
32932,208,517,3
32933,254,415,3
32934,539,131,4
32935,459,230,4
32936,11,357,5
32937,532,485,5
32938,405,537,1
32939,587,349,3
32940,399,735,3
32941,405,520,2
32942,484,50,5
32943,181,1059,1
32944,498,1142,4
32945,524,931,3
32946,457,132,5
32947,373,550,3
32948,62,651,4
32949,228,137,1
32950,13,117,3
32951,292,235,3
32952,429,627,2
32953,62,403,4
32954,456,1324,4
32955,150,288,4
32956,417,616,2
32957,561,124,3
32958,161,257,3
32959,214,462,4
32960,440,1191,5
32961,574,321,1
32962,336,290,3
32963,545,648,3
32964,83,406,2
32965,552,717,3
32966,343,153,5
32967,406,428,5
32968,363,678,1
32969,131,127,4
32970,104,294,3
32971,399,231,3
32972,18,973,3
32973,207,849,3
32974,397,878,1
32975,270,581,5
32976,244,401,3
32977,537,457,1
32978,500,660,2
32979,484,510,4
32980,378,620,3
32981,503,20,5
32982,268,544,3
32983,560,13,3
32984,523,629,5
32985,177,173,4
32986,455,462,3
32987,94,665,3
32988,528,310,3
32989,561,222,3
32990,451,881,4
32991,575,322,3
32992,555,87,4
32993,592,418,4
32994,145,282,5
32995,69,307,2
32996,393,797,3
32997,270,860,5
32998,553,307,4
32999,458,193,4
33000,54,546,3
33001,425,831,3
33002,487,1244,2
33003,516,310,4
33004,257,582,5
33005,374,483,3
33006,268,203,5
33007,422,1187,4
33008,580,825,4
33009,77,15,2
33010,551,959,5
33011,303,741,4
33012,264,1118,4
33013,271,285,4
33014,308,176,4
33015,334,955,1
33016,276,399,2
33017,316,83,4
33018,435,762,4
33019,532,153,4
33020,13,311,3
33021,128,924,3
33022,521,721,4
33023,60,404,3
33024,592,124,5
33025,88,313,3
33026,463,13,3
33027,75,13,5
33028,500,284,3
33029,401,1289,2
33030,537,7,4
33031,500,845,4
33032,303,780,5
33033,412,154,3
33034,456,13,4
33035,294,50,5
33036,495,214,5
33037,405,1553,1
33038,87,570,3
33039,592,50,5
33040,70,230,4
33041,586,148,3
33042,299,237,2
33043,92,737,4
33044,550,993,4
33045,543,176,4
33046,459,742,4
33047,11,727,3
33048,222,168,4
33049,405,1517,1
33050,57,405,4
33051,303,64,5
33052,566,83,4
33053,316,678,1
33054,487,794,5
33055,96,445,4
33056,450,1140,2
33057,338,135,5
33058,479,298,3
33059,537,241,3
33060,84,685,3
33061,13,12,5
33062,336,275,4
33063,294,928,3
33064,255,665,3
33065,92,271,2
33066,456,1218,3
33067,54,181,5
33068,592,204,5
33069,276,159,3
33070,8,273,3
33071,457,44,4
33072,460,591,2
33073,13,518,4
33074,474,503,4
33075,201,679,3
33076,582,246,4
33077,403,288,4
33078,314,121,4
33079,373,96,4
33080,271,277,4
33081,503,176,5
33082,551,307,4
33083,450,315,4
33084,154,874,3
33085,429,441,3
33086,102,187,3
33087,144,4,4
33088,85,1103,3
33089,389,423,5
33090,481,648,5
33091,22,684,3
33092,370,433,3
33093,286,396,4
33094,405,199,1
33095,405,1559,1
33096,351,888,4
33097,246,401,1
33098,329,331,3
33099,561,530,4
33100,439,300,4
33101,218,56,3
33102,449,558,4
33103,293,678,2
33104,288,121,2
33105,399,806,3
33106,49,71,3
33107,189,487,5
33108,178,87,4
33109,472,930,5
33110,425,147,3
33111,297,11,4
33112,497,145,4
33113,551,742,5
33114,374,48,5
33115,405,1032,1
33116,363,774,4
33117,465,318,4
33118,52,111,4
33119,456,182,3
33120,330,105,4
33121,145,603,5
33122,545,636,3
33123,48,209,5
33124,429,186,4
33125,387,582,3
33126,500,1326,4
33127,10,205,5
33128,181,1197,1
33129,551,238,5
33130,445,293,3
33131,328,195,3
33132,586,39,4
33133,447,981,2
33134,417,396,2
33135,178,200,3
33136,425,207,2
33137,405,415,2
33138,186,56,3
33139,342,866,1
33140,23,151,3
33141,435,318,5
33142,491,340,4
33143,189,7,3
33144,555,480,4
33145,197,373,1
33146,344,151,5
33147,328,1439,3
33148,178,226,4
33149,579,83,5
33150,476,710,5
33151,474,483,5
33152,503,204,3
33153,567,483,5
33154,10,663,3
33155,479,739,1
33156,267,53,4
33157,326,154,2
33158,255,5,2
33159,411,655,4
33160,291,829,2
33161,246,1044,1
33162,188,64,5
33163,449,753,5
33164,542,187,4
33165,394,172,4
33166,532,168,5
33167,42,627,2
33168,378,969,4
33169,206,1431,1
33170,81,283,4
33171,15,181,5
33172,299,965,4
33173,329,117,3
33174,36,288,4
33175,345,772,4
33176,10,467,4
33177,493,318,5
33178,435,260,3
33179,33,260,4
33180,101,147,4
33181,411,161,2
33182,270,79,4
33183,409,433,4
33184,323,144,4
33185,118,171,5
33186,549,252,3
33187,92,1018,4
33188,6,367,2
33189,154,174,5
33190,90,443,4
33191,406,960,2
33192,561,506,3
33193,399,727,4
33194,429,686,2
33195,25,116,4
33196,405,645,1
33197,268,174,5
33198,497,39,3
33199,561,497,4
33200,545,474,3
33201,16,12,5
33202,430,124,5
33203,577,662,4
33204,409,170,4
33205,567,1,3
33206,394,195,5
33207,405,461,3
33208,407,357,4
33209,592,297,5
33210,13,851,5
33211,435,95,3
33212,254,1028,2
33213,236,435,4
33214,405,807,1
33215,456,432,4
33216,561,1220,2
33217,7,157,5
33218,28,286,3
33219,590,285,5
33220,405,82,4
33221,387,238,5
33222,6,64,4
33223,416,1048,3
33224,416,824,2
33225,530,178,5
33226,463,50,4
33227,503,778,5
33228,164,1016,3
33229,506,747,2
33230,233,275,5
33231,280,140,4
33232,527,868,4
33233,396,405,3
33234,497,771,4
33235,515,315,4
33236,574,258,5
33237,543,591,4
33238,506,661,5
33239,397,457,1
33240,307,257,5
33241,421,164,4
33242,474,298,3
33243,532,818,2
33244,269,160,2
33245,503,45,5
33246,585,582,3
33247,566,480,4
33248,407,972,3
33249,59,498,5
33250,361,770,3
33251,243,162,4
33252,406,498,5
33253,409,204,5
33254,454,76,1
33255,38,418,5
33256,404,302,4
33257,447,17,3
33258,542,475,3
33259,298,588,4
33260,456,185,4
33261,435,317,2
33262,448,338,1
33263,290,141,4
33264,497,403,3
33265,435,436,4
33266,537,187,4
33267,374,463,1
33268,509,260,2
33269,326,317,3
33270,49,1071,3
33271,24,237,4
33272,92,949,3
33273,577,117,4
33274,579,528,4
33275,303,227,3
33276,85,495,3
33277,105,340,3
33278,537,313,4
33279,405,779,1
33280,111,303,3
33281,268,59,5
33282,416,864,3
33283,539,483,5
33284,551,185,5
33285,546,436,5
33286,405,1146,2
33287,435,435,3
33288,190,245,4
33289,401,121,3
33290,435,520,4
33291,267,159,4
33292,97,175,5
33293,94,484,5
33294,224,365,3
33295,551,355,4
33296,227,748,1
33297,428,334,4
33298,592,79,4
33299,543,238,3
33300,373,553,4
33301,324,323,4
33302,414,272,5
33303,253,190,5
33304,271,161,2
33305,399,1074,4
33306,506,54,4
33307,508,181,3
33308,288,268,4
33309,405,403,5
33310,494,924,4
33311,158,53,1
33312,455,65,3
33313,586,756,1
33314,269,318,4
33315,48,191,5
33316,480,265,3
33317,416,628,4
33318,60,73,4
33319,348,926,3
33320,488,299,3
33321,593,633,5
33322,486,305,3
33323,271,529,4
33324,13,233,4
33325,269,679,1
33326,453,401,3
33327,488,87,5
33328,194,159,3
33329,124,168,5
33330,364,319,3
33331,533,96,4
33332,158,221,2
33333,500,42,5
33334,434,148,3
33335,458,408,5
33336,109,156,5
33337,76,547,2
33338,7,595,2
33339,457,476,2
33340,561,1,2
33341,156,83,3
33342,474,258,4
33343,94,209,5
33344,440,243,1
33345,308,171,4
33346,158,111,4
33347,217,50,1
33348,98,25,5
33349,326,565,3
33350,94,200,4
33351,363,979,1
33352,76,1048,2
33353,87,50,5
33354,455,313,4
33355,354,1137,4
33356,592,969,4
33357,456,91,2
33358,586,559,5
33359,472,196,4
33360,95,198,5
33361,540,742,4
33362,449,1367,4
33363,524,31,4
33364,276,721,3
33365,85,1121,3
33366,406,813,4
33367,537,472,2
33368,239,589,3
33369,82,3,2
33370,408,302,5
33371,511,880,5
33372,52,19,5
33373,465,180,3
33374,391,191,3
33375,363,250,1
33376,194,134,2
33377,416,307,1
33378,270,559,5
33379,170,988,3
33380,451,687,2
33381,364,948,4
33382,282,343,4
33383,343,241,3
33384,391,11,3
33385,542,246,3
33386,396,282,4
33387,339,204,3
33388,405,509,1
33389,268,260,3
33390,583,83,4
33391,243,468,3
33392,429,154,3
33393,206,1395,1
33394,569,126,5
33395,328,161,4
33396,21,244,4
33397,174,278,5
33398,60,30,5
33399,568,269,4
33400,521,271,3
33401,234,417,3
33402,450,790,2
33403,548,1073,4
33404,106,25,4
33405,91,429,4
33406,517,369,5
33407,263,480,3
33408,537,467,3
33409,214,135,3
33410,393,905,3
33411,473,327,3
33412,523,166,4
33413,303,673,4
33414,457,934,3
33415,479,692,3
33416,279,158,3
33417,497,455,4
33418,318,191,5
33419,522,173,4
33420,26,748,1
33421,387,197,2
33422,541,274,4
33423,569,924,3
33424,94,506,5
33425,313,538,2
33426,262,420,3
33427,472,417,4
33428,506,530,5
33429,311,449,3
33430,450,371,3
33431,459,866,5
33432,183,375,2
33433,540,150,3
33434,301,3,2
33435,59,211,5
33436,576,181,4
33437,373,225,4
33438,118,564,1
33439,218,47,4
33440,524,607,3
33441,43,9,4
33442,124,174,3
33443,184,175,3
33444,435,229,2
33445,378,702,4
33446,537,922,3
33447,167,521,5
33448,59,226,4
33449,487,768,3
33450,524,290,2
33451,160,293,5
33452,119,879,5
33453,243,318,4
33454,308,202,4
33455,596,678,3
33456,457,373,2
33457,11,728,3
33458,119,459,4
33459,294,682,3
33460,472,123,4
33461,437,287,2
33462,405,22,5
33463,457,38,3
33464,435,797,3
33465,570,303,5
33466,401,493,4
33467,200,501,4
33468,460,7,3
33469,83,196,5
33470,525,412,2
33471,59,747,4
33472,592,20,4
33473,328,272,5
33474,545,144,3
33475,445,23,3
33476,599,682,4
33477,474,92,4
33478,234,477,1
33479,80,260,1
33480,115,174,5
33481,236,174,3
33482,468,181,3
33483,156,772,3
33484,385,122,3
33485,458,1070,4
33486,568,194,3
33487,233,143,4
33488,541,810,3
33489,587,879,1
33490,115,673,3
33491,593,392,3
33492,474,966,4
33493,466,324,1
33494,363,805,4
33495,524,724,3
33496,336,186,4
33497,262,72,3
33498,105,327,4
33499,478,518,4
33500,432,181,5
33501,448,304,3
33502,541,255,3
33503,119,301,4
33504,92,222,4
33505,213,187,5
33506,358,666,3
33507,201,334,4
33508,417,58,3
33509,437,497,5
33510,497,412,1
33511,56,408,4
33512,451,688,1
33513,244,716,3
33514,445,221,1
33515,495,504,4
33516,401,147,2
33517,472,4,3
33518,95,141,4
33519,550,300,4
33520,429,85,4
33521,357,274,4
33522,465,194,4
33523,234,188,2
33524,365,222,4
33525,535,168,5
33526,18,805,4
33527,13,661,5
33528,234,692,3
33529,525,332,4
33530,302,988,2
33531,181,19,1
33532,536,570,3
33533,276,356,3
33534,507,271,5
33535,249,148,3
33536,196,116,3
33537,472,80,3
33538,214,92,4
33539,114,646,4
33540,197,679,1
33541,577,684,4
33542,378,450,3
33543,452,485,2
33544,130,11,5
33545,503,134,5
33546,434,9,1
33547,291,38,3
33548,450,357,5
33549,548,657,5
33550,81,42,4
33551,576,70,5
33552,318,284,3
33553,19,211,4
33554,432,508,5
33555,303,979,4
33556,437,301,3
33557,423,689,4
33558,381,1532,2
33559,546,458,1
33560,291,22,5
33561,279,204,3
33562,537,90,1
33563,474,98,5
33564,471,102,5
33565,174,139,3
33566,553,496,3
33567,43,1056,3
33568,293,283,2
33569,18,709,5
33570,361,213,5
33571,181,129,2
33572,525,1011,3
33573,37,118,2
33574,463,813,4
33575,551,203,5
33576,433,95,3
33577,545,254,4
33578,136,237,4
33579,453,393,3
33580,479,216,3
33581,295,431,5
33582,495,650,5
33583,138,662,4
33584,193,742,4
33585,159,126,5
33586,308,566,4
33587,243,461,3
33588,201,644,3
33589,148,496,3
33590,533,708,2
33591,593,79,4
33592,350,210,4
33593,107,323,1
33594,177,64,4
33595,308,162,4
33596,437,1039,2
33597,303,709,5
33598,361,204,4
33599,94,549,5
33600,97,191,5
33601,305,181,4
33602,246,288,5
33603,589,313,5
33604,435,1228,2
33605,521,73,3
33606,195,93,3
33607,488,100,2
33608,301,1016,4
33609,373,393,4
33610,145,692,2
33611,497,384,2
33612,370,210,3
33613,329,194,3
33614,551,746,5
33615,489,539,4
33616,535,480,4
33617,503,430,5
33618,405,1404,1
33619,401,14,3
33620,270,1009,5
33621,495,389,5
33622,326,837,4
33623,535,521,5
33624,558,124,4
33625,535,629,4
33626,182,479,5
33627,548,235,3
33628,545,265,4
33629,523,575,4
33630,594,237,3
33631,348,756,4
33632,184,739,3
33633,474,641,4
33634,328,708,2
33635,207,127,5
33636,449,459,4
33637,326,228,4
33638,505,88,4
33639,256,203,4
33640,394,419,5
33641,561,62,3
33642,222,1336,2
33643,541,239,4
33644,435,451,4
33645,406,1118,3
33646,59,436,5
33647,347,544,4
33648,417,1157,4
33649,541,419,5
33650,566,71,2
33651,514,336,1
33652,568,923,3
33653,58,1012,4
33654,401,655,3
33655,498,144,1
33656,254,1033,3
33657,92,171,4
33658,257,475,5
33659,299,228,3
33660,538,692,3
33661,10,511,4
33662,52,1011,4
33663,577,95,5
33664,597,328,4
33665,293,70,3
33666,474,848,4
33667,453,591,3
33668,458,596,4
33669,533,380,4
33670,373,734,3
33671,543,810,3
33672,278,752,5
33673,577,188,3
33674,54,288,4
33675,344,298,4
33676,417,746,5
33677,472,951,1
33678,56,820,3
33679,95,208,4
33680,531,457,1
33681,283,208,5
33682,6,174,4
33683,130,118,4
33684,578,294,3
33685,425,1434,4
33686,271,276,3
33687,59,529,4
33688,85,79,3
33689,488,521,3
33690,551,340,4
33691,497,25,4
33692,379,124,5
33693,533,496,5
33694,586,203,3
33695,506,581,2
33696,393,255,4
33697,420,116,4
33698,543,385,3
33699,554,98,5
33700,180,367,1
33701,536,679,4
33702,545,219,2
33703,83,274,4
33704,589,268,1
33705,152,549,4
33706,72,174,5
33707,390,1,5
33708,504,183,3
33709,534,240,5
33710,498,1131,3
33711,173,306,5
33712,222,102,2
33713,504,54,4
33714,96,182,4
33715,95,121,4
33716,368,774,4
33717,378,319,3
33718,48,98,5
33719,293,196,4
33720,467,455,3
33721,91,50,5
33722,393,1210,3
33723,601,324,4
33724,213,985,3
33725,162,208,3
33726,363,710,5
33727,504,68,5
33728,63,546,2
33729,548,477,1
33730,5,172,5
33731,535,423,5
33732,602,678,4
33733,391,963,5
33734,499,202,4
33735,497,808,2
33736,528,479,4
33737,158,694,5
33738,405,5,4
33739,472,746,5
33740,532,679,5
33741,311,754,3
33742,298,530,5
33743,575,506,2
33744,237,197,4
33745,237,489,4
33746,472,370,4
33747,504,585,2
33748,347,471,4
33749,394,597,2
33750,537,1008,2
33751,480,8,5
33752,380,7,3
33753,314,562,4
33754,548,760,3
33755,552,829,3
33756,378,727,4
33757,488,176,4
33758,38,590,1
33759,184,523,4
33760,416,433,4
33761,483,365,2
33762,70,231,3
33763,429,150,5
33764,232,186,4
33765,500,39,4
33766,175,12,4
33767,167,8,5
33768,543,216,4
33769,181,18,1
33770,201,47,4
33771,268,180,3
33772,521,826,2
33773,600,92,3
33774,590,221,4
33775,181,224,1
33776,169,243,3
33777,162,1,4
33778,18,236,3
33779,256,405,4
33780,592,433,5
33781,189,124,5
33782,261,243,5
33783,353,340,4
33784,470,288,4
33785,561,239,3
33786,538,69,5
33787,303,106,2
33788,327,232,4
33789,342,818,4
33790,405,1484,1
33791,224,423,4
33792,457,673,4
33793,389,79,4
33794,383,480,5
33795,452,874,2
33796,293,199,5
33797,577,15,3
33798,288,289,3
33799,385,1143,4
33800,416,980,4
33801,566,89,4
33802,22,229,2
33803,223,864,3
33804,432,1049,2
33805,524,213,4
33806,184,393,4
33807,450,1172,5
33808,76,1006,3
33809,294,546,4
33810,8,241,4
33811,452,243,5
33812,92,405,2
33813,409,427,5
33814,605,127,5
33815,566,242,5
33816,603,21,3
33817,76,60,4
33818,59,79,5
33819,514,659,3
33820,537,102,1
33821,125,176,5
33822,95,274,4
33823,15,879,3
33824,263,732,5
33825,92,284,2
33826,221,29,3
33827,152,117,4
33828,253,96,5
33829,264,1070,4
33830,214,174,4
33831,579,179,3
33832,548,619,3
33833,47,327,4
33834,523,211,4
33835,518,1028,3
33836,429,248,5
33837,92,577,3
33838,164,291,5
33839,370,174,3
33840,592,323,1
33841,400,286,4
33842,389,179,4
33843,495,201,2
33844,181,111,3
33845,92,80,2
33846,109,332,3
33847,537,205,5
33848,603,230,4
33849,468,603,5
33850,533,87,4
33851,577,186,4
33852,576,381,3
33853,525,1012,3
33854,286,339,5
33855,40,270,3
33856,89,66,3
33857,62,1018,3
33858,533,1028,2
33859,580,7,3
33860,197,354,2
33861,592,336,1
33862,476,211,5
33863,293,48,5
33864,561,513,3
33865,130,1244,4
33866,385,511,4
33867,545,520,4
33868,318,864,2
33869,510,358,1
33870,348,368,3
33871,468,19,4
33872,291,82,4
33873,62,97,2
33874,119,23,3
33875,332,1,4
33876,399,53,4
33877,387,532,3
33878,406,125,3
33879,561,64,3
33880,299,1507,3
33881,443,644,3
33882,163,301,3
33883,334,235,3
33884,453,3,4
33885,442,56,5
33886,174,843,2
33887,537,461,3
33888,221,230,3
33889,200,890,4
33890,265,293,4
33891,500,125,3
33892,279,41,2
33893,378,476,3
33894,314,721,5
33895,568,59,1
33896,416,678,2
33897,276,189,4
33898,449,179,4
33899,485,288,3
33900,57,710,3
33901,530,70,4
33902,416,1014,3
33903,561,616,3
33904,371,523,4
33905,81,405,3
33906,87,427,4
33907,190,272,5
33908,538,216,4
33909,1,197,5
33910,433,435,4
33911,151,147,2
33912,334,498,4
33913,297,919,1
33914,450,1401,4
33915,37,231,2
33916,437,116,3
33917,323,11,5
33918,496,480,3
33919,378,629,5
33920,5,414,3
33921,474,418,3
33922,94,1222,3
33923,528,393,2
33924,484,15,5
33925,90,462,5
33926,236,423,5
33927,425,576,3
33928,432,322,3
33929,268,1314,2
33930,342,535,3
33931,595,1264,2
33932,308,732,4
33933,222,375,1
33934,416,1540,4
33935,213,393,3
33936,588,207,2
33937,556,325,2
33938,363,32,2
33939,436,21,3
33940,561,1119,3
33941,29,879,3
33942,518,123,2
33943,322,48,4
33944,215,127,4
33945,286,40,4
33946,29,661,5
33947,59,477,3
33948,207,38,3
33949,301,121,4
33950,539,185,4
33951,303,1426,2
33952,449,15,4
33953,161,133,2
33954,244,1168,4
33955,552,118,3
33956,405,1031,1
33957,398,519,4
33958,210,956,3
33959,561,1024,3
33960,409,1593,4
33961,193,739,4
33962,489,1243,4
33963,198,356,3
33964,535,59,3
33965,95,78,3
33966,416,1160,4
33967,6,505,4
33968,334,485,3
33969,586,281,3
33970,92,474,4
33971,551,62,5
33972,320,458,4
33973,451,1394,1
33974,136,116,5
33975,468,692,4
33976,479,226,3
33977,287,313,4
33978,533,196,4
33979,346,578,2
33980,429,732,4
33981,3,342,4
33982,181,831,1
33983,429,62,3
33984,263,515,5
33985,82,432,4
33986,6,507,4
33987,393,553,3
33988,381,934,2
33989,487,183,5
33990,446,292,5
33991,499,318,5
33992,500,304,2
33993,568,954,2
33994,496,229,2
33995,548,222,5
33996,552,760,3
33997,447,1028,3
33998,190,273,4
33999,279,12,2
34000,83,1016,4
34001,49,419,4
34002,392,491,5
34003,239,504,4
34004,417,50,3
34005,119,825,3
34006,152,402,5
34007,392,1258,1
34008,116,288,3
34009,533,221,3
34010,528,657,5
34011,569,50,5
34012,524,898,4
34013,456,696,3
34014,222,580,3
34015,234,642,3
34016,498,50,4
34017,516,181,4
34018,82,326,2
34019,561,163,3
34020,561,154,4
34021,275,431,3
34022,592,324,4
34023,221,544,4
34024,95,640,3
34025,2,293,4
34026,1,173,5
34027,94,399,4
34028,503,416,2
34029,181,270,4
34030,311,1119,4
34031,506,772,1
34032,441,117,4
34033,505,7,3
34034,606,123,3
34035,321,382,3
34036,592,202,5
34037,320,546,4
34038,437,732,4
34039,472,790,3
34040,562,114,1
34041,501,237,4
34042,597,824,3
34043,207,609,4
34044,330,216,5
34045,82,430,5
34046,49,262,5
34047,385,657,4
34048,405,94,5
34049,497,1419,2
34050,316,707,4
34051,214,608,4
34052,474,380,4
34053,207,239,3
34054,200,527,4
34055,321,132,5
34056,535,209,5
34057,195,1415,1
34058,351,323,5
34059,417,758,2
34060,561,671,3
34061,263,132,5
34062,267,62,3
34063,600,229,3
34064,543,86,4
34065,600,1110,3
34066,488,511,4
34067,523,707,5
34068,411,38,4
34069,201,923,3
34070,456,508,4
34071,339,527,4
34072,551,1267,4
34073,457,174,5
34074,414,346,5
34075,290,97,3
34076,533,202,4
34077,399,155,2
34078,406,573,3
34079,524,76,4
34080,399,395,3
34081,62,959,4
34082,13,433,4
34083,108,294,4
34084,303,715,4
34085,274,125,4
34086,421,674,5
34087,505,176,4
34088,517,269,3
34089,128,471,4
34090,452,660,4
34091,42,501,5
34092,524,642,4
34093,63,591,3
34094,537,770,3
34095,413,508,4
34096,509,879,1
34097,223,333,4
34098,454,968,2
34099,559,204,3
34100,600,127,5
34101,222,95,4
34102,490,237,1
34103,437,11,1
34104,500,1008,4
34105,381,529,5
34106,562,191,5
34107,13,7,2
34108,291,568,4
34109,222,365,4
34110,47,269,4
34111,122,11,1
34112,467,93,4
34113,47,258,4
34114,357,472,3
34115,524,178,3
34116,566,154,3
34117,151,847,5
34118,85,458,3
34119,309,304,3
34120,422,201,4
34121,493,172,5
34122,65,735,4
34123,7,215,4
34124,403,284,1
34125,577,393,4
34126,487,99,4
34127,523,652,2
34128,514,750,4
34129,107,286,2
34130,579,1074,3
34131,416,275,5
34132,561,458,4
34133,299,302,4
34134,194,659,4
34135,89,100,5
34136,575,181,2
34137,439,237,5
34138,429,225,2
34139,533,222,5
34140,573,427,4
34141,299,298,4
34142,474,923,4
34143,458,127,5
34144,269,200,4
34145,577,38,2
34146,256,808,4
34147,591,1099,5
34148,497,395,4
34149,7,572,3
34150,592,1623,4
34151,505,199,4
34152,251,405,3
34153,521,33,4
34154,485,313,4
34155,554,69,5
34156,405,1576,1
34157,318,892,3
34158,181,547,1
34159,331,238,4
34160,243,86,5
34161,435,697,4
34162,13,792,5
34163,537,11,3
34164,559,514,4
34165,1,75,4
34166,583,663,4
34167,568,185,4
34168,393,739,3
34169,544,332,3
34170,293,50,5
34171,495,550,3
34172,538,117,3
34173,405,1437,1
34174,63,282,1
34175,524,646,5
34176,141,293,2
34177,454,836,2
34178,407,525,4
34179,505,614,3
34180,543,190,5
34181,592,1315,2
34182,125,340,1
34183,514,367,5
34184,498,340,2
34185,537,95,1
34186,342,193,5
34187,503,1194,5
34188,392,288,4
34189,551,343,4
34190,487,779,2
34191,276,44,3
34192,57,826,2
34193,305,199,4
34194,389,763,1
34195,401,356,4
34196,449,244,4
34197,537,648,4
34198,389,40,3
34199,535,1396,4
34200,514,392,4
34201,264,1009,4
34202,16,427,5
34203,330,177,4
34204,354,956,4
34205,532,403,4
34206,264,656,4
34207,276,627,3
34208,68,25,4
34209,18,66,3
34210,582,250,3
34211,198,117,1
34212,309,1296,2
34213,250,325,4
34214,184,51,4
34215,158,744,4
34216,374,118,5
34217,216,408,3
34218,592,742,4
34219,518,236,3
34220,286,1288,4
34221,159,1049,4
34222,308,92,4
34223,536,199,3
34224,12,216,5
34225,174,662,5
34226,247,222,3
34227,493,191,4
34228,592,988,1
34229,518,222,5
34230,575,507,2
34231,351,301,3
34232,222,576,3
34233,198,143,3
34234,116,302,3
34235,151,492,3
34236,586,219,3
34237,495,465,5
34238,435,23,4
34239,523,514,4
34240,558,508,5
34241,525,685,4
34242,416,313,5
34243,397,273,4
34244,471,151,2
34245,21,243,2
34246,227,221,4
34247,529,269,3
34248,301,193,3
34249,85,510,4
34250,314,67,4
34251,13,791,5
34252,409,174,4
34253,405,739,2
34254,554,228,5
34255,476,288,4
34256,421,234,5
34257,197,172,5
34258,255,147,4
34259,190,591,4
34260,389,700,2
34261,268,658,3
34262,363,1,2
34263,109,597,2
34264,537,1105,1
34265,334,175,4
34266,508,173,4
34267,97,408,5
34268,593,211,4
34269,292,748,3
34270,42,402,5
34271,319,750,3
34272,603,174,3
34273,577,720,4
34274,559,294,1
34275,59,1101,5
34276,94,670,3
34277,608,1172,5
34278,46,50,4
34279,118,98,5
34280,423,628,4
34281,437,254,3
34282,592,288,5
34283,226,191,4
34284,102,127,2
34285,330,739,5
34286,318,255,4
34287,344,275,4
34288,451,1026,1
34289,280,156,4
34290,254,151,2
34291,537,13,4
34292,328,127,5
34293,204,170,5
34294,506,33,3
34295,552,471,3
34296,437,566,3
34297,456,179,5
34298,5,70,4
34299,480,237,2
34300,508,151,5
34301,400,306,3
34302,16,208,5
34303,579,168,4
34304,555,1054,3
34305,378,692,4
34306,450,354,4
34307,145,563,3
34308,542,238,4
34309,285,346,4
34310,523,208,5
34311,378,517,3
34312,405,586,4
34313,291,325,4
34314,474,283,3
34315,399,264,3
34316,514,1035,3
34317,523,269,5
34318,391,480,4
34319,276,572,3
34320,552,742,4
34321,7,237,5
34322,344,88,3
34323,92,1208,4
34324,519,908,5
34325,447,470,4
34326,523,285,5
34327,535,4,3
34328,378,1009,3
34329,200,568,5
34330,474,178,4
34331,394,449,3
34332,417,1183,4
34333,378,635,2
34334,409,877,2
34335,20,357,1
34336,161,473,1
34337,449,473,3
34338,407,483,4
34339,315,183,3
34340,201,181,2
34341,7,213,3
34342,354,1511,4
34343,472,567,4
34344,601,1073,2
34345,226,97,3
34346,293,248,3
34347,405,200,2
34348,316,187,2
34349,402,476,3
34350,457,234,5
34351,320,17,5
34352,472,477,5
34353,416,564,4
34354,429,218,3
34355,343,200,2
34356,237,180,4
34357,538,56,4
34358,577,218,3
34359,201,667,2
34360,33,348,4
34361,314,66,5
34362,554,542,3
34363,456,959,4
34364,244,468,1
34365,541,143,4
34366,555,546,3
34367,500,699,3
34368,379,622,5
34369,450,54,4
34370,13,441,1
34371,537,285,4
34372,256,147,4
34373,60,629,3
34374,215,228,5
34375,243,732,4
34376,21,874,2
34377,501,129,4
34378,292,98,5
34379,479,266,3
34380,601,181,5
34381,321,513,4
34382,385,851,5
34383,456,194,3
34384,83,477,2
34385,387,23,2
34386,425,178,3
34387,485,321,3
34388,607,487,4
34389,429,283,3
34390,29,79,4
34391,551,241,4
34392,432,100,3
34393,354,650,3
34394,384,333,4
34395,76,628,2
34396,569,151,5
34397,89,880,5
34398,214,156,5
34399,524,210,3
34400,407,993,4
34401,533,462,2
34402,560,478,4
34403,318,85,3
34404,484,143,4
34405,606,418,5
34406,449,1372,4
34407,588,432,4
34408,404,22,5
34409,397,171,5
34410,395,273,2
34411,580,148,4
34412,548,298,4
34413,123,289,1
34414,144,316,5
34415,13,914,2
34416,514,42,5
34417,99,405,4
34418,329,7,3
34419,586,187,4
34420,592,1134,5
34421,561,65,3
34422,495,88,4
34423,213,127,5
34424,498,59,4
34425,406,381,3
34426,160,185,5
34427,85,664,4
34428,524,172,3
34429,265,688,2
34430,495,84,3
34431,311,72,4
34432,487,367,3
34433,524,289,4
34434,201,665,2
34435,70,450,1
34436,130,449,4
34437,493,687,1
34438,479,195,4
34439,354,1119,4
34440,601,834,1
34441,136,275,4
34442,383,315,5
34443,494,9,2
34444,218,1073,5
34445,62,290,3
34446,303,470,4
34447,230,280,4
34448,248,69,1
34449,466,898,1
34450,404,754,3
34451,589,288,5
34452,272,183,4
34453,336,88,2
34454,233,194,4
34455,525,276,5
34456,455,265,4
34457,533,25,4
34458,6,516,4
34459,479,257,4
34460,453,509,4
34461,577,110,4
34462,470,813,3
34463,120,237,3
34464,428,329,3
34465,154,651,4
34466,437,70,3
34467,92,823,4
34468,506,792,2
34469,452,187,3
34470,299,209,3
34471,603,173,4
34472,151,211,5
34473,444,271,3
34474,221,763,4
34475,532,302,5
34476,352,17,2
34477,482,311,4
34478,313,820,2
34479,6,13,2
34480,392,248,4
34481,311,294,4
34482,155,332,2
34483,293,357,4
34484,568,1050,4
34485,392,173,4
34486,455,4,3
34487,293,483,5
34488,585,113,3
34489,436,287,4
34490,589,340,1
34491,276,239,4
34492,608,490,4
34493,338,650,5
34494,194,402,3
34495,327,100,4
34496,405,1078,1
34497,484,252,3
34498,453,367,2
34499,381,693,4
34500,577,1291,3
34501,605,527,4
34502,257,166,4
34503,399,928,2
34504,237,659,4
34505,283,820,4
34506,497,809,3
34507,551,991,2
34508,361,237,4
34509,147,319,4
34510,303,423,4
34511,130,5,4
34512,403,1047,2
34513,532,117,5
34514,293,356,3
34515,495,50,5
34516,474,615,4
34517,201,514,3
34518,486,696,3
34519,116,328,3
34520,119,823,3
34521,109,55,2
34522,472,924,2
34523,561,1074,3
34524,507,302,5
34525,326,609,3
34526,62,170,3
34527,592,1009,3
34528,104,273,3
34529,195,678,3
34530,479,535,3
34531,460,293,4
34532,526,754,2
34533,548,323,4
34534,518,1079,1
34535,216,403,3
34536,314,294,5
34537,528,82,4
34538,379,729,4
34539,194,183,3
34540,303,535,1
34541,312,165,5
34542,588,227,3
34543,603,11,5
34544,317,355,4
34545,13,494,4
34546,347,99,3
34547,303,413,2
34548,185,9,4
34549,405,364,1
34550,1,268,5
34551,168,685,3
34552,254,21,3
34553,537,60,3
34554,175,508,1
34555,370,923,4
34556,567,318,2
34557,422,742,2
34558,121,937,4
34559,579,89,3
34560,327,23,4
34561,207,684,3
34562,481,367,3
34563,116,655,4
34564,151,512,5
34565,373,181,5
34566,537,772,3
34567,214,249,3
34568,554,67,3
34569,361,258,3
34570,484,625,4
34571,360,100,5
34572,542,288,2
34573,470,137,3
34574,405,391,1
34575,199,7,4
34576,350,136,5
34577,279,554,1
34578,606,15,5
34579,553,199,4
34580,459,15,4
34581,7,590,2
34582,449,1404,5
34583,410,258,2
34584,585,463,5
34585,87,510,5
34586,589,289,3
34587,437,778,3
34588,280,313,3
34589,374,832,1
34590,35,328,3
34591,495,282,5
34592,13,833,2
34593,262,125,3
34594,304,278,4
34595,115,98,3
34596,128,25,3
34597,440,171,5
34598,478,41,3
34599,581,919,5
34600,437,95,4
34601,514,58,4
34602,547,311,2
34603,442,226,3
34604,95,1221,4
34605,378,300,4
34606,569,248,4
34607,442,810,2
34608,429,143,3
34609,588,71,4
34610,303,100,5
34611,514,170,3
34612,545,68,4
34613,561,1120,4
34614,74,7,4
34615,496,7,4
34616,350,258,3
34617,167,1225,3
34618,468,357,5
34619,554,82,4
34620,376,707,4
34621,519,299,5
34622,59,147,5
34623,600,1228,2
34624,592,408,5
34625,376,11,4
34626,484,135,4
34627,437,651,4
34628,457,507,4
34629,3,303,3
34630,269,151,5
34631,429,274,3
34632,43,686,3
34633,529,984,4
34634,535,603,4
34635,593,210,2
34636,59,650,5
34637,417,999,3
34638,539,367,3
34639,405,376,5
34640,325,114,5
34641,286,535,5
34642,1,34,2
34643,164,326,3
34644,455,447,4
34645,527,709,5
34646,537,937,3
34647,62,53,2
34648,313,739,3
34649,561,318,3
34650,27,118,3
34651,13,706,1
34652,270,583,5
34653,504,623,3
34654,406,452,2
34655,270,739,4
34656,193,1168,4
34657,94,132,4
34658,374,696,3
34659,204,318,5
34660,601,419,4
34661,292,528,5
34662,435,164,2
34663,606,241,3
34664,566,651,4
34665,235,175,4
34666,164,934,5
34667,121,582,2
34668,468,428,4
34669,437,1161,4
34670,493,115,4
34671,118,603,4
34672,280,126,3
34673,374,393,4
34674,524,474,4
34675,8,341,2
34676,587,347,3
34677,405,786,1
34678,68,275,5
34679,380,664,3
34680,297,55,4
34681,437,730,3
34682,509,687,1
34683,119,1166,5
34684,355,260,4
34685,249,1011,5
34686,553,265,5
34687,249,462,5
34688,537,352,1
34689,263,511,5
34690,536,163,5
34691,370,678,4
34692,372,79,5
34693,470,285,3
34694,28,760,3
34695,184,182,4
34696,158,181,3
34697,505,265,4
34698,152,1053,5
34699,382,507,4
34700,432,121,4
34701,345,747,3
34702,447,89,5
34703,454,195,4
34704,138,56,5
34705,363,590,3
34706,385,50,1
34707,522,79,3
34708,100,310,3
34709,383,517,5
34710,437,47,4
34711,109,628,2
34712,488,203,4
34713,593,5,4
34714,588,1047,3
34715,387,79,4
34716,58,269,4
34717,405,515,1
34718,181,1372,1
34719,606,186,5
34720,566,235,3
34721,416,1226,3
34722,69,50,5
34723,328,405,4
34724,222,642,3
34725,313,183,5
34726,608,1115,4
34727,119,537,5
34728,484,248,4
34729,434,347,1
34730,500,147,3
34731,551,1518,4
34732,358,324,4
34733,13,879,2
34734,548,649,4
34735,59,220,2
34736,198,55,3
34737,234,497,4
34738,497,452,2
34739,521,743,1
34740,136,303,4
34741,320,257,4
34742,595,1067,4
34743,385,208,3
34744,592,455,4
34745,361,98,5
34746,90,488,5
34747,453,318,4
34748,450,558,3
34749,334,1525,4
34750,21,925,2
34751,498,61,4
34752,312,166,5
34753,249,405,3
34754,568,475,4
34755,435,826,2
34756,96,486,3
34757,508,180,5
34758,588,144,3
34759,87,204,5
34760,566,7,4
34761,176,222,5
34762,18,95,4
34763,297,213,3
34764,181,104,1
34765,497,679,3
34766,523,289,4
34767,454,277,2
34768,561,42,3
34769,573,211,5
34770,514,210,5
34771,354,93,4
34772,395,343,5
34773,422,760,3
34774,533,286,4
34775,504,257,5
34776,607,529,4
34777,488,222,4
34778,381,1119,4
34779,462,321,5
34780,560,25,3
34781,77,175,4
34782,588,40,4
34783,429,365,2
34784,197,2,3
34785,608,661,3
34786,144,647,4
34787,454,419,4
34788,62,196,4
34789,201,483,3
34790,217,779,1
34791,221,273,5
34792,60,185,4
34793,543,194,3
34794,201,699,3
34795,498,525,4
34796,193,905,4
34797,498,1286,3
34798,184,1117,2
34799,507,405,5
34800,605,531,4
34801,321,654,4
34802,325,115,3
34803,194,655,5
34804,601,699,3
34805,503,156,1
34806,344,844,1
34807,72,476,4
34808,554,9,4
34809,552,864,3
34810,537,1009,2
34811,181,93,1
34812,445,174,4
34813,198,216,4
34814,393,186,3
34815,49,403,3
34816,269,111,1
34817,60,528,4
34818,248,50,5
34819,610,315,4
34820,327,117,3
34821,297,268,4
34822,293,294,2
34823,284,750,3
34824,393,821,3
34825,416,199,5
34826,75,1059,1
34827,399,50,3
34828,59,44,4
34829,21,984,1
34830,455,58,3
34831,230,447,1
34832,455,1136,3
34833,332,405,4
34834,144,1101,4
34835,450,241,4
34836,501,117,4
34837,276,1028,3
34838,488,523,3
34839,194,720,2
34840,566,755,2
34841,343,334,5
34842,399,1178,3
34843,417,815,4
34844,607,107,4
34845,488,8,3
34846,293,198,4
34847,321,657,4
34848,222,559,3
34849,611,300,5
34850,588,783,4
34851,270,244,3
34852,363,698,2
34853,545,231,4
34854,493,176,5
34855,7,80,4
34856,130,403,5
34857,364,261,2
34858,141,147,4
34859,405,132,5
34860,119,132,5
34861,222,1074,3
34862,528,50,5
34863,281,294,3
34864,218,183,5
34865,504,1110,2
34866,502,333,4
34867,253,125,3
34868,49,98,4
34869,543,53,3
34870,455,939,4
34871,594,744,3
34872,488,22,4
34873,7,51,2
34874,566,77,4
34875,416,203,3
34876,551,193,5
34877,421,96,4
34878,270,164,5
34879,23,161,2
34880,313,720,2
34881,556,132,5
34882,222,392,4
34883,342,478,3
34884,346,325,1
34885,243,694,4
34886,469,495,5
34887,506,250,2
34888,617,637,3
34889,388,569,5
34890,352,228,3
34891,440,582,3
34892,104,456,3
34893,6,310,2
34894,82,820,3
34895,445,310,1
34896,483,275,4
34897,483,12,2
34898,23,472,2
34899,293,1311,3
34900,297,288,3
34901,526,886,3
34902,417,472,2
34903,518,151,3
34904,553,89,5
34905,330,126,5
34906,521,1022,4
34907,58,474,4
34908,374,1051,4
34909,416,121,5
34910,506,611,5
34911,37,546,3
34912,532,404,5
34913,533,568,5
34914,13,193,5
34915,273,340,3
34916,484,451,4
34917,455,1,4
34918,144,135,5
34919,90,684,3
34920,330,866,5
34921,221,96,5
34922,500,517,4
34923,606,147,5
34924,238,286,5
34925,110,873,2
34926,18,157,3
34927,543,129,4
34928,332,470,5
34929,72,2,3
34930,234,321,2
34931,269,162,3
34932,503,248,4
34933,382,50,1
34934,405,1249,1
34935,476,186,5
34936,460,221,4
34937,269,660,1
34938,592,1187,4
34939,593,655,3
34940,559,435,2
34941,161,483,3
34942,506,193,4
34943,490,273,1
34944,188,281,3
34945,51,203,4
34946,592,201,5
34947,437,582,5
34948,293,233,2
34949,254,417,3
34950,567,606,4
34951,537,231,3
34952,393,951,3
34953,515,271,4
34954,222,28,5
34955,535,172,3
34956,504,38,4
34957,583,209,4
34958,542,63,3
34959,449,118,1
34960,518,595,3
34961,234,268,2
34962,557,343,4
34963,233,623,3
34964,545,680,2
34965,118,413,4
34966,565,640,4
34967,531,332,4
34968,582,750,5
34969,20,151,3
34970,299,1223,3
34971,405,562,1
34972,188,177,4
34973,417,669,2
34974,184,121,2
34975,608,150,3
34976,459,473,4
34977,376,268,3
34978,296,251,5
34979,527,22,5
34980,312,505,5
34981,551,755,4
34982,428,305,3
34983,36,873,3
34984,594,222,4
34985,437,736,5
34986,551,127,5
34987,405,215,5
34988,82,230,2
34989,507,310,4
34990,618,204,3
34991,207,712,4
34992,68,121,1
34993,353,332,5
34994,325,269,4
34995,532,266,4
34996,393,578,4
34997,521,250,3
34998,346,549,4
34999,11,719,3
35000,421,185,4
35001,586,1407,3
35002,537,201,3
35003,562,720,4
35004,394,1,4
35005,614,126,4
35006,52,762,3
35007,178,535,3
35008,381,95,4
35009,331,286,4
35010,429,679,4
35011,276,1170,4
35012,151,50,5
35013,493,150,5
35014,327,527,4
35015,151,499,5
35016,213,284,5
35017,63,828,1
35018,313,153,3
35019,504,499,4
35020,349,325,3
35021,577,380,3
35022,499,177,3
35023,416,50,5
35024,595,1134,5
35025,85,485,5
35026,586,174,4
35027,609,538,1
35028,378,161,4
35029,274,877,3
35030,263,1020,3
35031,389,181,4
35032,90,464,5
35033,497,1092,3
35034,264,88,3
35035,455,170,3
35036,110,2,3
35037,600,227,4
35038,618,100,4
35039,164,342,2
35040,532,750,5
35041,493,1126,2
35042,336,288,3
35043,334,324,4
35044,615,735,3
35045,193,199,5
35046,606,473,4
35047,550,254,1
35048,181,126,2
35049,328,180,4
35050,344,14,5
35051,457,186,5
35052,399,63,3
35053,610,11,4
35054,618,781,3
35055,239,489,5
35056,373,756,3
35057,592,184,5
35058,597,300,5
35059,587,261,3
35060,468,257,4
35061,508,211,3
35062,615,517,5
35063,303,56,5
35064,436,553,3
35065,339,521,4
35066,533,229,4
35067,250,153,2
35068,405,63,3
35069,95,71,5
35070,454,270,4
35071,411,732,4
35072,524,978,3
35073,26,222,3
35074,361,657,5
35075,437,151,5
35076,527,1333,3
35077,551,43,2
35078,600,554,4
35079,334,98,4
35080,283,393,4
35081,151,81,5
35082,566,727,4
35083,77,455,3
35084,403,748,5
35085,535,338,3
35086,518,546,4
35087,425,272,4
35088,577,443,4
35089,316,651,5
35090,158,252,3
35091,409,98,5
35092,618,185,5
35093,537,179,4
35094,246,219,5
35095,496,228,1
35096,599,282,5
35097,381,217,2
35098,455,288,2
35099,99,456,3
35100,314,202,5
35101,573,478,4
35102,59,393,2
35103,617,7,3
35104,568,525,3
35105,616,269,4
35106,608,65,5
35107,468,826,3
35108,399,338,1
35109,537,405,2
35110,95,539,4
35111,452,455,1
35112,95,586,2
35113,551,423,1
35114,44,871,3
35115,92,980,3
35116,198,161,3
35117,264,182,5
35118,603,172,5
35119,409,172,5
35120,227,1047,2
35121,618,367,3
35122,535,505,4
35123,489,264,4
35124,128,202,2
35125,615,170,4
35126,218,39,2
35127,470,847,3
35128,237,525,4
35129,593,172,4
35130,189,492,3
35131,437,1148,4
35132,178,1033,2
35133,374,642,1
35134,608,1153,3
35135,151,488,4
35136,23,185,4
35137,560,288,4
35138,566,196,4
35139,273,272,4
35140,416,498,4
35141,318,527,5
35142,374,1094,4
35143,566,485,3
35144,200,552,4
35145,454,191,4
35146,207,742,4
35147,200,756,3
35148,554,845,3
35149,254,204,4
35150,422,124,3
35151,163,269,3
35152,498,548,2
35153,57,546,4
35154,363,185,5
35155,524,712,4
35156,271,194,5
35157,536,49,3
35158,599,873,5
35159,589,995,1
35160,13,900,5
35161,164,742,5
35162,378,22,5
35163,583,265,4
35164,256,5,5
35165,145,816,5
35166,382,511,4
35167,551,692,4
35168,573,69,4
35169,277,111,4
35170,346,1025,3
35171,387,228,5
35172,280,751,3
35173,234,488,4
35174,365,100,5
35175,620,71,5
35176,280,1473,3
35177,591,191,5
35178,368,11,4
35179,524,192,4
35180,372,628,4
35181,506,86,3
35182,224,221,2
35183,13,565,1
35184,339,185,4
35185,334,288,3
35186,554,411,3
35187,221,566,3
35188,120,1,4
35189,593,1035,3
35190,618,93,3
35191,486,1134,3
35192,535,97,4
35193,614,287,3
35194,566,82,4
35195,3,329,4
35196,537,239,2
35197,196,382,4
35198,335,307,5
35199,589,327,3
35200,157,410,4
35201,21,443,4
35202,577,40,4
35203,586,928,3
35204,474,192,4
35205,487,462,2
35206,497,431,4
35207,537,606,3
35208,610,751,4
35209,487,402,4
35210,114,197,4
35211,508,506,5
35212,569,287,4
35213,197,11,1
35214,479,261,1
35215,456,325,3
35216,542,382,3
35217,506,342,3
35218,25,568,4
35219,399,64,3
35220,514,715,4
35221,499,1302,5
35222,330,31,5
35223,464,260,2
35224,393,926,4
35225,158,450,3
35226,484,665,4
35227,383,285,5
35228,292,492,4
35229,445,603,3
35230,323,619,3
35231,585,1512,5
35232,280,1112,4
35233,450,1402,2
35234,293,506,5
35235,253,81,4
35236,535,1166,4
35237,450,207,4
35238,523,794,4
35239,193,313,4
35240,385,492,2
35241,568,491,2
35242,94,160,4
35243,479,153,4
35244,145,934,1
35245,592,806,4
35246,611,350,4
35247,558,19,5
35248,347,97,4
35249,416,161,4
35250,178,313,5
35251,488,187,3
35252,435,831,2
35253,430,514,4
35254,551,944,2
35255,281,331,3
35256,115,847,4
35257,362,350,5
35258,373,175,3
35259,452,624,2
35260,201,458,4
35261,128,651,5
35262,399,977,3
35263,450,550,4
35264,3,317,2
35265,94,597,2
35266,600,2,3
35267,178,1314,3
35268,283,56,5
35269,363,559,3
35270,566,88,3
35271,87,80,4
35272,488,880,3
35273,588,260,2
35274,334,272,4
35275,60,602,4
35276,332,227,5
35277,416,375,1
35278,288,688,1
35279,72,405,3
35280,437,183,3
35281,35,258,2
35282,592,255,4
35283,200,1091,4
35284,385,1131,3
35285,145,1087,1
35286,497,1210,4
35287,444,313,4
35288,532,592,3
35289,504,97,4
35290,13,177,5
35291,363,226,1
35292,583,12,5
35293,190,685,3
35294,503,121,3
35295,114,485,3
35296,571,496,3
35297,559,4,4
35298,43,250,2
35299,472,218,4
35300,406,693,3
35301,486,284,2
35302,252,475,5
35303,195,877,3
35304,7,679,5
35305,325,190,4
35306,450,637,4
35307,291,123,4
35308,618,182,4
35309,286,336,5
35310,567,517,5
35311,385,238,5
35312,452,531,4
35313,4,329,5
35314,551,955,3
35315,64,190,4
35316,527,474,3
35317,530,483,3
35318,121,546,1
35319,301,82,5
35320,536,234,4
35321,553,485,3
35322,568,474,5
35323,425,357,5
35324,318,301,4
35325,357,24,4
35326,514,380,4
35327,463,112,1
35328,190,276,4
35329,618,28,4
35330,406,13,2
35331,537,558,4
35332,332,841,4
35333,388,266,5
35334,550,846,2
35335,503,498,5
35336,379,204,5
35337,2,294,1
35338,562,480,4
35339,608,9,4
35340,261,288,4
35341,580,358,4
35342,541,625,4
35343,619,245,4
35344,371,527,5
35345,425,1419,3
35346,130,452,4
35347,186,880,3
35348,429,833,3
35349,330,651,5
35350,498,649,3
35351,351,689,4
35352,328,155,4
35353,432,678,4
35354,452,654,2
35355,328,149,2
35356,484,151,4
35357,227,250,2
35358,278,288,5
35359,579,98,4
35360,272,604,4
35361,500,196,4
35362,417,674,2
35363,130,1079,3
35364,453,655,3
35365,520,678,2
35366,617,860,1
35367,206,300,1
35368,303,334,3
35369,125,191,5
35370,435,132,3
35371,509,258,4
35372,429,58,4
35373,239,150,5
35374,435,168,5
35375,457,411,3
35376,472,204,5
35377,393,476,3
35378,59,58,4
35379,500,235,5
35380,407,559,3
35381,537,210,3
35382,506,404,5
35383,554,742,3
35384,465,134,4
35385,56,323,3
35386,557,254,4
35387,210,423,5
35388,527,514,5
35389,1,144,4
35390,561,640,5
35391,461,121,2
35392,452,8,4
35393,474,221,4
35394,532,895,3
35395,536,724,4
35396,284,268,5
35397,268,506,4
35398,614,25,1
35399,13,442,1
35400,416,937,2
35401,592,847,5
35402,232,419,4
35403,13,845,3
35404,505,332,4
35405,580,300,3
35406,363,575,1
35407,217,210,4
35408,97,153,5
35409,1,271,2
35410,429,508,4
35411,451,337,2
35412,150,319,4
35413,116,20,3
35414,62,129,3
35415,452,168,4
35416,486,282,2
35417,378,575,3
35418,487,978,1
35419,326,232,2
35420,120,827,2
35421,210,99,4
35422,533,692,4
35423,486,762,4
35424,451,883,1
35425,403,685,4
35426,450,414,3
35427,613,258,5
35428,293,222,3
35429,537,136,4
35430,500,714,2
35431,327,546,2
35432,478,93,4
35433,339,427,5
35434,500,258,4
35435,543,770,4
35436,537,188,4
35437,268,1273,2
35438,538,97,5
35439,399,738,4
35440,373,748,4
35441,559,315,5
35442,622,2,4
35443,15,292,5
35444,621,404,3
35445,577,365,5
35446,435,455,3
35447,498,558,4
35448,276,739,2
35449,235,522,5
35450,174,147,4
35451,383,203,5
35452,303,170,5
35453,405,1569,1
35454,543,403,4
35455,222,326,4
35456,450,340,4
35457,151,504,4
35458,37,50,5
35459,601,623,1
35460,488,260,2
35461,263,194,5
35462,201,179,5
35463,423,313,4
35464,399,110,2
35465,535,357,2
35466,479,176,4
35467,216,423,4
35468,588,99,5
35469,534,456,5
35470,510,687,2
35471,23,155,3
35472,512,191,4
35473,222,620,3
35474,542,89,4
35475,538,196,4
35476,482,876,3
35477,515,322,3
35478,181,407,2
35479,24,919,3
35480,81,111,3
35481,22,546,3
35482,537,191,4
35483,6,186,4
35484,44,405,3
35485,315,175,5
35486,94,230,2
35487,189,166,4
35488,561,141,2
35489,241,346,3
35490,557,271,4
35491,575,173,5
35492,601,176,2
35493,85,378,4
35494,297,1,3
35495,621,567,3
35496,303,1511,3
35497,359,748,3
35498,85,496,4
35499,328,1478,3
35500,58,127,4
35501,448,340,4
35502,268,466,3
35503,457,122,2
35504,496,659,3
35505,274,280,1
35506,521,1059,1
35507,506,274,4
35508,345,50,5
35509,586,926,4
35510,13,688,1
35511,222,66,4
35512,619,117,5
35513,24,357,5
35514,48,479,4
35515,524,518,3
35516,393,722,2
35517,144,318,5
35518,343,631,4
35519,426,1079,3
35520,267,179,5
35521,474,121,4
35522,423,302,5
35523,476,890,1
35524,486,460,4
35525,486,7,5
35526,99,238,4
35527,442,684,3
35528,484,227,5
35529,276,31,4
35530,426,185,5
35531,416,763,5
35532,187,213,4
35533,428,344,3
35534,317,299,4
35535,119,348,3
35536,268,727,2
35537,137,385,5
35538,116,47,3
35539,297,474,4
35540,385,959,3
35541,345,736,3
35542,109,174,5
35543,514,239,5
35544,403,117,4
35545,59,595,3
35546,70,99,4
35547,551,25,1
35548,220,995,3
35549,244,772,4
35550,545,568,3
35551,498,151,4
35552,432,108,3
35553,5,437,1
35554,622,845,3
35555,431,358,2
35556,488,230,3
35557,380,382,3
35558,518,924,3
35559,6,512,4
35560,91,389,2
35561,425,338,1
35562,407,97,4
35563,457,56,4
35564,218,55,4
35565,465,175,5
35566,188,54,4
35567,94,142,3
35568,551,471,5
35569,276,771,2
35570,92,157,4
35571,429,265,4
35572,422,257,4
35573,378,227,3
35574,474,87,4
35575,181,1245,1
35576,532,329,4
35577,459,1016,4
35578,13,183,4
35579,303,78,2
35580,405,1568,1
35581,348,118,4
35582,524,191,4
35583,466,873,2
35584,445,28,4
35585,532,38,3
35586,130,427,5
35587,417,326,4
35588,540,125,3
35589,114,483,4
35590,334,328,3
35591,295,96,1
35592,450,506,5
35593,506,951,3
35594,592,157,5
35595,75,25,5
35596,308,419,4
35597,385,346,3
35598,497,578,4
35599,535,58,5
35600,109,451,5
35601,536,229,4
35602,130,470,2
35603,295,109,4
35604,181,1054,2
35605,221,695,4
35606,401,481,3
35607,606,1110,2
35608,602,304,4
35609,35,879,4
35610,346,54,4
35611,453,157,4
35612,450,313,5
35613,435,895,3
35614,393,271,3
35615,540,1,3
35616,487,781,3
35617,314,796,2
35618,615,1021,5
35619,205,268,2
35620,496,528,4
35621,615,886,2
35622,197,526,5
35623,442,17,4
35624,274,9,5
35625,82,866,3
35626,313,461,3
35627,608,69,4
35628,342,238,4
35629,343,581,4
35630,620,444,3
35631,35,937,4
35632,117,423,4
35633,551,273,4
35634,11,180,2
35635,271,79,4
35636,379,251,5
35637,476,790,4
35638,315,513,5
35639,378,485,4
35640,224,239,4
35641,70,554,3
35642,393,283,3
35643,534,290,4
35644,527,631,4
35645,497,405,3
35646,405,716,1
35647,201,672,2
35648,50,1010,5
35649,422,307,4
35650,318,404,3
35651,479,97,3
35652,423,754,4
35653,436,708,3
35654,566,207,5
35655,429,159,3
35656,472,946,2
35657,582,258,4
35658,585,863,5
35659,472,418,3
35660,299,647,4
35661,160,15,2
35662,291,121,2
35663,574,272,4
35664,76,358,2
35665,504,84,3
35666,541,222,4
35667,297,191,3
35668,401,357,4
35669,447,31,4
35670,56,386,3
35671,537,762,3
35672,334,237,4
35673,586,28,3
35674,573,480,4
35675,351,311,4
35676,450,1221,5
35677,17,286,3
35678,116,253,3
35679,312,1516,4
35680,208,371,5
35681,308,294,3
35682,399,80,3
35683,535,178,4
35684,308,1252,3
35685,110,288,4
35686,132,151,3
35687,537,402,1
35688,523,181,5
35689,6,191,4
35690,144,15,4
35691,318,269,5
35692,358,582,5
35693,524,215,2
35694,109,940,3
35695,551,719,1
35696,280,13,5
35697,339,1153,4
35698,435,732,4
35699,488,1025,2
35700,293,1298,3
35701,435,433,5
35702,450,283,3
35703,62,568,3
35704,185,205,3
35705,450,692,4
35706,417,963,4
35707,59,137,5
35708,537,421,2
35709,121,742,5
35710,551,1067,2
35711,401,69,3
35712,504,699,4
35713,487,411,3
35714,506,300,3
35715,597,1152,4
35716,336,70,5
35717,94,432,4
35718,312,519,5
35719,606,620,4
35720,622,797,2
35721,312,432,5
35722,200,472,4
35723,283,151,4
35724,499,1101,5
35725,297,1073,3
35726,619,39,2
35727,422,288,3
35728,399,825,2
35729,128,1221,3
35730,561,218,3
35731,604,444,2
35732,193,25,4
35733,59,288,5
35734,622,106,2
35735,269,602,4
35736,480,114,4
35737,524,24,3
35738,136,283,4
35739,26,109,3
35740,102,82,2
35741,374,1033,4
35742,446,286,3
35743,5,151,3
35744,151,1098,1
35745,617,396,1
35746,579,328,3
35747,178,153,4
35748,329,323,2
35749,490,298,3
35750,474,175,4
35751,450,80,3
35752,621,542,2
35753,215,218,3
35754,334,287,3
35755,615,87,4
35756,459,19,3
35757,500,43,3
35758,561,205,3
35759,380,425,4
35760,174,747,5
35761,52,126,5
35762,548,281,4
35763,286,761,4
35764,279,1059,4
35765,479,147,3
35766,64,520,5
35767,543,371,5
35768,592,125,2
35769,438,220,4
35770,379,511,4
35771,606,96,5
35772,95,144,5
35773,378,70,4
35774,561,346,5
35775,201,1045,2
35776,487,79,5
35777,231,1,3
35778,476,216,4
35779,518,696,5
35780,617,565,4
35781,304,328,3
35782,417,167,3
35783,255,834,4
35784,452,1403,1
35785,601,174,4
35786,130,328,4
35787,23,230,4
35788,110,294,3
35789,429,209,4
35790,593,234,2
35791,622,756,3
35792,152,632,4
35793,284,938,3
35794,593,196,5
35795,474,276,5
35796,255,559,4
35797,293,230,2
35798,540,249,3
35799,417,173,5
35800,349,458,4
35801,181,1150,1
35802,226,69,4
35803,591,382,4
35804,346,1231,3
35805,586,568,3
35806,90,531,4
35807,592,354,4
35808,385,1121,4
35809,97,663,5
35810,417,91,2
35811,607,86,4
35812,534,1199,5
35813,94,98,4
35814,512,527,5
35815,557,127,4
35816,259,154,5
35817,404,879,3
35818,255,121,2
35819,427,937,5
35820,498,933,3
35821,246,132,4
35822,521,206,5
35823,499,8,5
35824,336,859,2
35825,100,347,4
35826,561,661,4
35827,82,181,4
35828,417,15,5
35829,429,502,3
35830,618,96,3
35831,624,471,4
35832,389,185,5
35833,457,111,3
35834,72,98,5
35835,476,712,3
35836,385,305,4
35837,327,92,4
35838,447,150,4
35839,532,11,5
35840,568,165,4
35841,327,65,2
35842,567,257,3
35843,234,404,4
35844,85,476,3
35845,13,740,1
35846,234,111,3
35847,378,143,4
35848,72,25,5
35849,591,322,2
35850,596,123,2
35851,234,609,3
35852,121,357,5
35853,159,1013,4
35854,356,331,3
35855,334,906,5
35856,324,875,3
35857,128,168,4
35858,189,317,4
35859,608,276,2
35860,590,754,3
35861,303,195,4
35862,551,1087,1
35863,475,313,2
35864,496,77,2
35865,222,1087,1
35866,174,140,4
35867,387,320,4
35868,151,497,5
35869,442,67,3
35870,458,304,4
35871,209,14,3
35872,496,774,5
35873,455,197,5
35874,257,1129,5
35875,592,1008,4
35876,188,877,2
35877,612,926,2
35878,15,690,4
35879,532,195,5
35880,603,931,2
35881,268,941,2
35882,439,895,3
35883,57,1073,3
35884,184,644,4
35885,90,811,4
35886,476,343,4
35887,387,93,5
35888,592,347,4
35889,87,824,3
35890,439,147,4
35891,84,546,3
35892,417,384,4
35893,526,676,5
35894,442,672,3
35895,600,583,3
35896,566,117,4
35897,495,357,5
35898,234,64,4
35899,535,813,5
35900,485,326,2
35901,130,62,4
35902,367,324,5
35903,222,1178,2
35904,518,13,4
35905,498,484,4
35906,416,712,4
35907,567,919,4
35908,585,730,3
35909,399,1219,3
35910,327,856,4
35911,455,627,3
35912,486,181,4
35913,537,215,3
35914,32,9,3
35915,272,423,4
35916,437,387,2
35917,214,175,5
35918,603,157,1
35919,398,197,5
35920,128,729,2
35921,504,56,3
35922,380,1065,4
35923,542,411,4
35924,624,278,4
35925,561,393,2
35926,95,968,5
35927,82,523,5
35928,515,307,4
35929,234,646,3
35930,569,302,4
35931,506,183,5
35932,276,655,4
35933,314,216,3
35934,189,209,1
35935,457,357,5
35936,465,656,3
35937,60,327,4
35938,426,208,4
35939,597,242,4
35940,452,419,4
35941,544,286,4
35942,54,255,3
35943,456,955,4
35944,592,251,5
35945,605,601,5
35946,151,741,2
35947,303,443,4
35948,13,733,5
35949,178,744,3
35950,489,270,4
35951,433,268,3
35952,344,210,4
35953,336,763,3
35954,594,286,3
35955,537,330,2
35956,593,609,3
35957,588,143,5
35958,620,1043,4
35959,130,1231,4
35960,90,310,3
35961,11,237,4
35962,504,728,3
35963,210,72,3
35964,481,659,5
35965,17,294,4
35966,615,1192,4
35967,127,271,5
35968,543,516,4
35969,470,50,5
35970,136,475,4
35971,49,1067,3
35972,533,484,3
35973,325,548,3
35974,606,210,3
35975,586,176,3
35976,42,419,5
35977,416,762,3
35978,551,748,4
35979,429,188,4
35980,606,763,5
35981,2,310,4
35982,417,264,2
35983,595,289,4
35984,435,717,3
35985,468,662,4
35986,368,145,2
35987,373,209,4
35988,295,427,4
35989,87,323,3
35990,481,780,1
35991,483,20,2
35992,410,315,4
35993,405,383,1
35994,387,659,4
35995,489,266,5
35996,500,988,3
35997,471,501,3
35998,279,1215,2
35999,279,1025,2
36000,425,305,3
36001,606,124,3
36002,224,1152,3
36003,457,372,4
36004,558,847,4
36005,562,418,5
36006,560,1,4
36007,601,257,2
36008,401,684,4
36009,60,650,4
36010,593,245,3
36011,561,537,4
36012,480,127,3
36013,579,655,3
36014,456,1328,4
36015,394,665,2
36016,554,951,3
36017,411,50,5
36018,394,780,2
36019,592,318,5
36020,429,117,4
36021,546,860,4
36022,236,318,5
36023,405,388,4
36024,537,721,2
36025,200,43,3
36026,481,505,5
36027,476,1118,3
36028,593,402,4
36029,493,127,3
36030,456,95,4
36031,91,483,4
36032,279,802,4
36033,311,173,5
36034,430,222,4
36035,620,930,2
36036,488,172,3
36037,569,676,4
36038,534,150,3
36039,616,300,4
36040,70,204,3
36041,592,1377,3
36042,363,1073,4
36043,298,603,5
36044,344,216,4
36045,293,49,3
36046,537,1019,1
36047,164,298,3
36048,104,3,3
36049,217,568,4
36050,504,723,4
36051,279,869,1
36052,290,318,4
36053,452,636,5
36054,188,121,4
36055,551,2,2
36056,280,66,5
36057,207,1225,3
36058,542,319,3
36059,42,283,3
36060,437,288,2
36061,201,42,4
36062,619,809,1
36063,489,883,2
36064,365,340,5
36065,200,423,5
36066,450,66,4
36067,489,1025,5
36068,493,275,1
36069,169,480,4
36070,592,187,5
36071,437,83,4
36072,430,56,4
36073,303,264,3
36074,590,150,5
36075,627,26,3
36076,235,692,4
36077,17,323,1
36078,293,1016,2
36079,399,622,4
36080,334,58,4
36081,518,118,5
36082,536,189,5
36083,483,107,3
36084,472,378,4
36085,202,318,1
36086,275,420,2
36087,496,378,1
36088,346,642,3
36089,60,205,4
36090,558,14,4
36091,13,732,5
36092,577,845,4
36093,436,581,4
36094,278,538,4
36095,197,322,3
36096,200,141,4
36097,524,1456,3
36098,621,833,3
36099,554,432,4
36100,83,4,2
36101,384,751,4
36102,244,50,5
36103,286,312,4
36104,163,879,2
36105,13,427,5
36106,537,194,3
36107,498,203,5
36108,588,258,4
36109,577,932,3
36110,350,50,5
36111,220,289,4
36112,585,1266,3
36113,559,191,5
36114,582,826,3
36115,216,789,5
36116,540,591,3
36117,441,259,3
36118,279,1206,5
36119,405,1399,1
36120,592,147,4
36121,194,1411,1
36122,508,176,4
36123,483,432,3
36124,533,528,4
36125,234,524,3
36126,527,87,3
36127,271,527,5
36128,399,423,3
36129,19,210,3
36130,417,96,3
36131,533,276,1
36132,393,826,3
36133,82,121,4
36134,144,1197,4
36135,536,561,3
36136,301,51,4
36137,221,282,4
36138,373,1133,3
36139,475,259,5
36140,56,67,2
36141,21,988,1
36142,623,50,5
36143,453,357,5
36144,628,270,5
36145,92,4,4
36146,421,4,3
36147,497,724,5
36148,523,9,4
36149,239,634,4
36150,561,92,3
36151,288,515,4
36152,567,1020,3
36153,577,727,5
36154,398,124,5
36155,551,550,5
36156,381,176,4
36157,321,432,5
36158,405,798,1
36159,465,603,4
36160,51,479,3
36161,288,216,4
36162,554,274,3
36163,623,275,5
36164,95,509,4
36165,621,263,1
36166,420,100,5
36167,617,294,1
36168,144,588,4
36169,601,276,4
36170,198,923,3
36171,391,646,4
36172,43,276,4
36173,435,228,4
36174,536,214,2
36175,580,329,3
36176,622,284,1
36177,537,172,3
36178,66,294,4
36179,354,1085,3
36180,435,12,5
36181,541,596,4
36182,291,369,3
36183,625,748,3
36184,145,312,3
36185,276,1056,4
36186,450,222,3
36187,532,545,2
36188,354,25,2
36189,489,301,3
36190,11,286,5
36191,431,327,3
36192,533,151,3
36193,465,22,3
36194,509,603,4
36195,315,523,4
36196,500,1226,4
36197,501,293,4
36198,130,436,3
36199,8,259,1
36200,347,176,3
36201,450,647,4
36202,347,655,5
36203,505,203,4
36204,207,284,3
36205,474,382,3
36206,450,192,4
36207,268,53,3
36208,499,539,1
36209,87,477,3
36210,447,157,4
36211,440,86,5
36212,508,219,1
36213,104,276,4
36214,579,111,4
36215,504,58,3
36216,291,416,4
36217,565,730,5
36218,62,387,2
36219,378,132,4
36220,178,783,4
36221,536,862,3
36222,18,125,3
36223,65,238,3
36224,533,193,4
36225,436,721,3
36226,374,95,4
36227,398,737,2
36228,486,13,4
36229,622,993,4
36230,500,325,3
36231,479,210,4
36232,23,79,4
36233,125,1115,3
36234,429,301,3
36235,463,288,1
36236,524,613,4
36237,535,591,4
36238,507,316,5
36239,346,333,4
36240,615,259,1
36241,532,1337,3
36242,463,257,4
36243,536,227,5
36244,342,1315,1
36245,497,1000,2
36246,425,1016,3
36247,433,340,3
36248,497,645,3
36249,280,367,5
36250,92,396,3
36251,87,728,4
36252,456,603,5
36253,449,9,4
36254,85,435,4
36255,59,581,5
36256,194,991,2
36257,589,678,4
36258,450,549,3
36259,474,1518,3
36260,152,487,5
36261,425,346,5
36262,460,303,3
36263,560,258,5
36264,614,117,3
36265,437,51,1
36266,516,902,5
36267,627,699,1
36268,344,124,5
36269,472,715,4
36270,449,1195,5
36271,311,794,4
36272,279,294,2
36273,409,213,4
36274,585,1524,3
36275,561,597,3
36276,541,181,5
36277,608,162,3
36278,343,90,4
36279,403,1012,1
36280,429,671,3
36281,196,285,5
36282,12,159,4
36283,592,425,5
36284,417,800,2
36285,575,483,3
36286,574,690,3
36287,532,831,2
36288,151,430,4
36289,417,825,4
36290,533,195,4
36291,553,151,5
36292,148,521,1
36293,445,1252,1
36294,332,234,5
36295,180,1046,2
36296,304,111,3
36297,425,201,3
36298,57,295,5
36299,608,419,4
36300,194,944,2
36301,548,258,4
36302,24,200,5
36303,487,226,3
36304,588,73,3
36305,532,121,4
36306,524,29,3
36307,56,523,4
36308,551,698,4
36309,479,179,1
36310,7,324,1
36311,297,249,3
36312,295,204,4
36313,395,181,5
36314,457,531,5
36315,305,686,3
36316,438,471,4
36317,232,166,4
36318,312,663,5
36319,233,432,3
36320,347,163,4
36321,600,1407,2
36322,259,97,4
36323,524,286,5
36324,344,89,5
36325,387,732,1
36326,402,455,3
36327,536,402,4
36328,394,364,3
36329,430,1007,3
36330,435,1128,2
36331,538,238,5
36332,249,257,3
36333,537,509,4
36334,2,309,1
36335,621,147,3
36336,501,475,5
36337,477,25,5
36338,195,740,3
36339,115,657,3
36340,553,492,3
36341,268,630,4
36342,234,517,3
36343,40,316,3
36344,194,87,4
36345,566,707,4
36346,233,234,4
36347,179,333,5
36348,229,288,4
36349,457,100,5
36350,459,100,1
36351,385,498,3
36352,393,79,4
36353,517,597,4
36354,566,772,4
36355,298,127,5
36356,153,258,5
36357,13,328,3
36358,487,748,4
36359,567,298,4
36360,254,554,3
36361,417,145,3
36362,308,928,4
36363,276,421,4
36364,215,195,5
36365,621,107,4
36366,451,288,5
36367,514,658,4
36368,428,347,4
36369,207,1028,3
36370,106,161,3
36371,629,284,4
36372,102,892,2
36373,524,277,3
36374,7,429,5
36375,472,234,4
36376,523,66,4
36377,280,1182,3
36378,437,770,3
36379,313,484,5
36380,583,268,5
36381,559,687,3
36382,286,476,4
36383,141,284,5
36384,331,682,5
36385,456,99,3
36386,184,79,3
36387,567,191,3
36388,60,265,5
36389,305,184,3
36390,405,1408,1
36391,569,117,3
36392,551,317,5
36393,608,489,5
36394,379,1,4
36395,497,187,5
36396,407,521,3
36397,429,250,2
36398,94,29,2
36399,385,191,2
36400,389,168,5
36401,193,895,1
36402,601,196,3
36403,455,1028,2
36404,328,117,4
36405,497,153,4
36406,537,875,1
36407,244,357,5
36408,486,879,3
36409,401,509,4
36410,495,496,5
36411,297,185,5
36412,56,946,4
36413,6,274,4
36414,493,95,5
36415,595,1059,4
36416,151,9,4
36417,177,1218,4
36418,69,265,4
36419,299,283,3
36420,82,834,1
36421,621,748,4
36422,59,1,2
36423,393,29,4
36424,521,144,3
36425,537,653,4
36426,379,271,3
36427,452,924,5
36428,350,479,5
36429,57,105,3
36430,506,175,5
36431,104,255,1
36432,52,285,5
36433,421,448,3
36434,457,8,5
36435,271,521,5
36436,54,328,4
36437,327,631,3
36438,469,483,5
36439,528,238,3
36440,367,563,4
36441,381,931,4
36442,465,87,4
36443,499,657,5
36444,429,387,4
36445,268,455,3
36446,533,282,4
36447,50,268,4
36448,591,740,4
36449,608,609,5
36450,79,93,2
36451,621,135,5
36452,85,345,4
36453,479,483,4
36454,537,749,2
36455,224,329,3
36456,346,250,3
36457,25,837,4
36458,59,746,5
36459,537,698,3
36460,380,521,2
36461,276,53,4
36462,539,153,5
36463,387,952,5
36464,189,162,3
36465,570,245,1
36466,553,474,5
36467,601,184,3
36468,450,136,5
36469,402,258,4
36470,627,179,5
36471,286,172,4
36472,553,177,4
36473,526,408,5
36474,537,275,4
36475,56,778,4
36476,385,1154,5
36477,601,496,4
36478,388,333,5
36479,555,249,4
36480,429,761,2
36481,487,128,5
36482,191,750,4
36483,416,696,3
36484,448,1602,4
36485,151,463,5
36486,308,679,4
36487,417,642,5
36488,479,100,3
36489,181,1338,1
36490,109,531,4
36491,585,212,5
36492,545,88,3
36493,589,259,5
36494,551,651,4
36495,318,1063,3
36496,562,501,5
36497,457,265,5
36498,580,1028,3
36499,145,342,4
36500,533,14,3
36501,450,610,4
36502,99,1,4
36503,436,1135,4
36504,423,546,2
36505,334,185,4
36506,588,423,3
36507,6,178,4
36508,59,649,4
36509,394,184,3
36510,483,109,5
36511,468,273,2
36512,318,739,5
36513,389,480,5
36514,110,1210,3
36515,487,620,3
36516,392,304,4
36517,290,265,4
36518,453,1017,3
36519,288,435,4
36520,610,483,5
36521,308,288,4
36522,385,675,5
36523,25,131,4
36524,301,43,5
36525,621,541,4
36526,319,689,3
36527,633,28,4
36528,518,273,5
36529,605,137,5
36530,496,133,5
36531,145,652,5
36532,186,203,5
36533,437,244,3
36534,38,405,5
36535,365,895,4
36536,514,357,4
36537,370,497,3
36538,104,405,3
36539,19,268,2
36540,411,181,5
36541,290,732,4
36542,11,86,4
36543,152,692,5
36544,70,568,3
36545,592,195,4
36546,453,210,4
36547,297,4,1
36548,181,818,1
36549,291,798,4
36550,382,1381,3
36551,553,481,3
36552,406,190,5
36553,506,234,5
36554,541,376,3
36555,378,409,2
36556,344,316,4
36557,608,97,3
36558,6,473,2
36559,506,58,4
36560,301,142,3
36561,31,328,2
36562,605,180,4
36563,627,1004,4
36564,452,510,4
36565,537,235,1
36566,516,50,5
36567,483,270,3
36568,595,825,2
36569,125,367,4
36570,267,31,4
36571,452,430,3
36572,608,265,3
36573,455,1197,4
36574,320,453,3
36575,500,729,4
36576,601,411,2
36577,276,393,4
36578,430,50,4
36579,503,435,3
36580,622,730,4
36581,472,588,3
36582,307,209,5
36583,389,1114,2
36584,565,170,5
36585,420,508,3
36586,85,301,4
36587,338,427,4
36588,537,613,3
36589,542,191,5
36590,536,501,3
36591,6,408,4
36592,541,196,4
36593,145,1215,2
36594,532,250,3
36595,145,572,5
36596,343,527,5
36597,442,273,4
36598,409,283,4
36599,327,79,3
36600,328,29,3
36601,618,2,2
36602,393,566,3
36603,433,507,4
36604,64,1140,1
36605,293,492,5
36606,489,988,3
36607,128,181,4
36608,592,264,2
36609,64,188,4
36610,21,145,1
36611,555,236,5
36612,561,1529,3
36613,590,864,1
36614,621,451,1
36615,526,919,3
36616,345,378,4
36617,178,506,3
36618,277,124,3
36619,276,658,4
36620,119,210,5
36621,543,735,4
36622,174,9,5
36623,548,31,5
36624,130,354,5
36625,454,693,2
36626,555,489,5
36627,276,1244,3
36628,354,489,4
36629,508,317,4
36630,26,1011,3
36631,506,538,3
36632,566,15,3
36633,605,582,4
36634,405,52,1
36635,292,844,5
36636,275,96,3
36637,615,289,2
36638,91,136,4
36639,529,321,4
36640,582,222,4
36641,125,520,5
36642,109,82,5
36643,327,202,4
36644,354,558,4
36645,625,739,3
36646,608,789,3
36647,449,269,5
36648,504,1030,3
36649,608,695,5
36650,244,82,3
36651,94,173,4
36652,297,151,3
36653,497,741,4
36654,618,237,4
36655,334,115,5
36656,432,24,1
36657,533,10,2
36658,87,89,4
36659,532,879,3
36660,450,35,2
36661,116,390,4
36662,350,515,5
36663,478,763,5
36664,592,197,5
36665,380,1113,4
36666,526,678,1
36667,493,50,5
36668,184,93,4
36669,177,288,5
36670,618,131,4
36671,621,554,4
36672,6,538,2
36673,614,100,5
36674,308,428,5
36675,181,1302,1
36676,622,755,4
36677,498,1070,3
36678,308,825,4
36679,92,780,3
36680,201,1069,2
36681,498,603,4
36682,514,257,4
36683,107,902,5
36684,163,300,3
36685,407,25,3
36686,28,176,5
36687,426,99,4
36688,249,480,5
36689,18,613,5
36690,378,796,2
36691,592,271,4
36692,517,275,5
36693,539,956,5
36694,461,255,2
36695,504,180,4
36696,506,796,3
36697,320,231,2
36698,599,471,4
36699,541,257,5
36700,44,211,4
36701,619,403,5
36702,479,282,5
36703,592,1025,1
36704,591,204,4
36705,632,188,4
36706,312,835,5
36707,250,181,4
36708,452,245,2
36709,593,65,3
36710,521,1012,3
36711,472,1036,4
36712,541,215,4
36713,291,85,2
36714,389,525,4
36715,268,204,3
36716,280,67,4
36717,380,712,2
36718,442,695,5
36719,378,703,4
36720,268,12,4
36721,450,507,5
36722,601,164,4
36723,335,748,2
36724,7,597,3
36725,588,25,4
36726,76,513,5
36727,221,469,3
36728,197,38,3
36729,314,99,4
36730,406,89,4
36731,320,368,3
36732,535,658,4
36733,350,214,3
36734,113,273,4
36735,463,116,5
36736,486,1272,3
36737,450,490,5
36738,182,181,5
36739,566,512,4
36740,385,200,3
36741,308,135,5
36742,207,33,2
36743,495,227,5
36744,256,657,5
36745,239,228,2
36746,553,1021,2
36747,577,12,4
36748,346,98,2
36749,600,38,3
36750,298,186,4
36751,504,579,4
36752,591,286,4
36753,184,283,5
36754,350,489,4
36755,520,25,4
36756,545,217,5
36757,378,807,3
36758,371,357,5
36759,622,479,4
36760,312,613,5
36761,605,284,2
36762,378,28,4
36763,600,526,4
36764,270,121,4
36765,158,55,4
36766,524,281,2
36767,579,408,3
36768,454,740,2
36769,174,1262,5
36770,365,235,2
36771,624,864,3
36772,474,73,3
36773,286,428,5
36774,222,508,3
36775,416,658,5
36776,65,88,4
36777,64,135,4
36778,410,340,2
36779,521,392,3
36780,568,6,3
36781,491,900,5
36782,537,92,3
36783,457,52,4
36784,279,922,3
36785,195,1193,4
36786,207,414,2
36787,23,432,4
36788,181,1340,1
36789,479,79,4
36790,441,683,2
36791,204,321,1
36792,463,544,4
36793,601,250,4
36794,551,447,5
36795,425,568,3
36796,532,470,5
36797,322,528,5
36798,416,7,4
36799,126,300,4
36800,605,15,5
36801,92,125,4
36802,453,742,3
36803,254,1,3
36804,498,121,2
36805,407,40,1
36806,620,268,4
36807,405,233,1
36808,478,412,4
36809,385,250,3
36810,312,1020,5
36811,557,872,5
36812,583,239,2
36813,73,153,3
36814,537,349,1
36815,104,534,2
36816,546,56,5
36817,533,1,4
36818,35,876,2
36819,623,523,4
36820,454,451,4
36821,294,100,4
36822,577,385,5
36823,500,930,3
36824,303,475,4
36825,538,240,2
36826,472,72,5
36827,622,12,5
36828,590,244,3
36829,151,381,5
36830,15,291,3
36831,535,204,5
36832,308,423,5
36833,170,687,3
36834,620,565,4
36835,551,384,1
36836,104,237,3
36837,458,473,4
36838,562,197,4
36839,109,88,4
36840,354,251,5
36841,316,172,1
36842,53,7,3
36843,256,1051,4
36844,1,119,5
36845,478,237,5
36846,250,751,2
36847,399,1480,3
36848,406,543,4
36849,560,281,3
36850,474,99,4
36851,303,762,4
36852,89,237,4
36853,455,405,3
36854,522,318,4
36855,618,496,4
36856,527,59,5
36857,585,707,5
36858,484,250,4
36859,271,659,3
36860,405,1224,1
36861,435,944,2
36862,586,403,4
36863,592,876,1
36864,305,202,3
36865,458,709,4
36866,56,176,5
36867,416,195,5
36868,621,181,5
36869,250,367,4
36870,363,572,2
36871,293,895,3
36872,617,132,1
36873,478,216,5
36874,608,193,4
36875,152,133,5
36876,581,847,3
36877,279,666,2
36878,1,26,3
36879,602,125,4
36880,615,644,4
36881,554,576,4
36882,543,202,4
36883,608,1113,3
36884,406,203,4
36885,527,19,3
36886,486,864,3
36887,342,873,3
36888,109,118,3
36889,234,429,4
36890,22,163,1
36891,336,284,4
36892,479,209,4
36893,478,357,5
36894,526,243,1
36895,257,381,5
36896,318,215,2
36897,504,98,5
36898,592,263,1
36899,466,455,3
36900,343,515,4
36901,496,532,5
36902,181,322,1
36903,572,1010,2
36904,493,754,3
36905,195,373,3
36906,301,1283,4
36907,385,1158,5
36908,145,1025,4
36909,391,546,3
36910,115,13,5
36911,454,107,3
36912,44,90,2
36913,457,425,4
36914,31,299,4
36915,535,630,2
36916,487,1446,3
36917,458,287,4
36918,303,960,4
36919,545,69,4
36920,528,194,5
36921,13,754,4
36922,441,1,5
36923,352,194,3
36924,379,674,3
36925,551,1207,1
36926,402,1101,4
36927,286,527,4
36928,406,64,4
36929,560,235,2
36930,311,1221,4
36931,405,1359,1
36932,450,510,4
36933,405,584,1
36934,338,213,5
36935,465,529,3
36936,510,881,2
36937,592,42,5
36938,568,286,3
36939,179,362,1
36940,60,641,5
36941,60,411,3
36942,406,945,3
36943,620,465,4
36944,460,253,3
36945,458,427,4
36946,416,88,3
36947,313,152,3
36948,416,29,2
36949,484,97,5
36950,141,286,4
36951,267,826,3
36952,592,411,2
36953,108,252,3
36954,478,469,3
36955,468,275,4
36956,396,1215,2
36957,478,28,3
36958,303,1215,1
36959,406,607,4
36960,495,147,5
36961,355,681,4
36962,221,186,4
36963,173,984,4
36964,573,205,3
36965,64,340,4
36966,600,435,5
36967,537,193,4
36968,328,729,4
36969,534,628,5
36970,399,26,2
36971,586,235,3
36972,380,750,4
36973,393,1055,4
36974,271,126,3
36975,506,81,1
36976,244,197,4
36977,414,258,5
36978,507,328,5
36979,291,1229,2
36980,267,206,5
36981,620,768,5
36982,456,228,3
36983,139,150,4
36984,551,808,3
36985,498,271,2
36986,508,528,5
36987,312,537,5
36988,500,381,4
36989,207,175,1
36990,459,333,3
36991,292,264,3
36992,393,1440,3
36993,42,66,4
36994,414,260,3
36995,332,895,5
36996,525,255,1
36997,399,156,3
36998,532,865,2
36999,534,471,5
37000,561,13,3
37001,6,427,4
37002,441,405,3
37003,561,436,4
37004,447,176,4
37005,85,1172,4
37006,342,789,3
37007,555,7,4
37008,632,288,3
37009,85,462,4
37010,633,1132,2
37011,538,215,5
37012,361,212,5
37013,148,222,4
37014,566,95,2
37015,465,257,4
37016,495,671,2
37017,18,708,3
37018,567,273,5
37019,62,159,3
37020,601,109,4
37021,631,272,4
37022,560,480,3
37023,78,813,2
37024,634,458,4
37025,299,23,4
37026,2,306,4
37027,181,409,2
37028,363,506,2
37029,429,780,3
37030,291,735,4
37031,522,133,3
37032,334,315,4
37033,303,552,2
37034,604,183,3
37035,249,806,5
37036,592,460,3
37037,537,357,4
37038,320,760,3
37039,565,855,5
37040,188,470,5
37041,140,286,5
37042,561,1069,4
37043,417,797,3
37044,299,25,3
37045,537,133,4
37046,532,259,3
37047,601,39,1
37048,537,610,4
37049,553,648,4
37050,378,365,2
37051,141,330,1
37052,445,276,3
37053,145,274,3
37054,233,203,3
37055,554,118,4
37056,322,157,5
37057,535,151,4
37058,494,15,5
37059,407,484,4
37060,606,95,4
37061,186,1336,3
37062,324,827,4
37063,618,273,4
37064,176,874,4
37065,64,194,5
37066,417,404,3
37067,412,172,5
37068,535,282,3
37069,634,476,3
37070,463,7,4
37071,99,595,4
37072,488,208,4
37073,381,432,5
37074,11,544,4
37075,308,148,3
37076,308,8,5
37077,617,53,1
37078,497,1047,3
37079,622,283,4
37080,585,166,4
37081,83,1060,3
37082,274,15,5
37083,551,1314,2
37084,230,693,2
37085,130,1028,4
37086,455,281,3
37087,536,385,4
37088,553,490,4
37089,585,190,4
37090,555,285,5
37091,474,489,4
37092,537,85,2
37093,181,242,1
37094,552,455,3
37095,624,50,5
37096,311,498,4
37097,618,778,3
37098,324,14,5
37099,486,887,5
37100,33,879,3
37101,454,357,3
37102,238,301,3
37103,81,591,5
37104,10,32,4
37105,621,364,3
37106,437,181,4
37107,627,281,3
37108,600,550,4
37109,48,527,4
37110,458,124,4
37111,336,765,4
37112,567,496,5
37113,617,98,2
37114,387,13,4
37115,422,334,4
37116,546,569,4
37117,615,179,4
37118,399,508,3
37119,518,866,5
37120,511,872,5
37121,351,328,4
37122,151,516,5
37123,422,93,4
37124,561,304,3
37125,39,269,4
37126,119,931,1
37127,216,42,5
37128,496,432,4
37129,464,748,4
37130,560,813,4
37131,625,172,4
37132,279,502,5
37133,596,258,3
37134,495,168,5
37135,290,1060,3
37136,552,249,3
37137,329,313,4
37138,184,596,4
37139,59,491,4
37140,524,180,4
37141,227,1011,4
37142,548,270,5
37143,214,603,4
37144,536,176,3
37145,595,1094,3
37146,586,186,2
37147,593,216,5
37148,566,705,4
37149,621,33,4
37150,249,294,3
37151,569,252,3
37152,450,164,4
37153,455,301,2
37154,141,248,3
37155,552,620,3
37156,201,750,3
37157,559,265,4
37158,606,197,3
37159,458,425,3
37160,474,1045,4
37161,592,303,5
37162,561,32,4
37163,288,1358,5
37164,545,388,3
37165,276,647,4
37166,597,988,1
37167,5,415,1
37168,385,719,2
37169,559,127,4
37170,407,123,3
37171,588,347,5
37172,437,463,5
37173,94,281,3
37174,439,285,5
37175,413,300,4
37176,577,623,5
37177,634,237,5
37178,496,246,4
37179,66,121,3
37180,455,39,2
37181,365,125,3
37182,422,458,3
37183,6,435,4
37184,271,198,4
37185,639,88,3
37186,624,346,3
37187,85,1006,3
37188,3,181,4
37189,416,36,2
37190,314,628,5
37191,109,233,4
37192,128,705,3
37193,618,697,3
37194,325,319,3
37195,224,925,3
37196,634,273,3
37197,64,210,3
37198,538,127,5
37199,23,91,4
37200,542,1098,4
37201,551,79,5
37202,585,45,5
37203,456,490,4
37204,13,91,2
37205,437,234,4
37206,297,174,5
37207,524,530,4
37208,535,11,4
37209,627,210,3
37210,110,313,5
37211,399,386,3
37212,246,1228,1
37213,479,732,4
37214,603,100,4
37215,151,523,5
37216,588,1039,4
37217,279,1132,1
37218,123,276,4
37219,606,11,5
37220,292,1,4
37221,318,318,5
37222,95,515,5
37223,56,154,2
37224,542,58,4
37225,305,751,3
37226,181,275,3
37227,515,310,3
37228,385,945,5
37229,492,923,5
37230,394,763,3
37231,246,633,3
37232,315,154,5
37233,567,611,4
37234,588,15,5
37235,430,515,4
37236,514,69,4
37237,590,276,4
37238,114,357,4
37239,177,292,3
37240,352,302,4
37241,106,712,3
37242,537,22,2
37243,90,273,3
37244,301,465,4
37245,553,99,5
37246,457,155,4
37247,52,258,5
37248,128,1192,2
37249,528,174,5
37250,23,145,3
37251,534,1059,4
37252,577,561,4
37253,276,252,3
37254,417,1228,2
37255,133,300,3
37256,478,255,4
37257,176,321,4
37258,543,664,4
37259,298,435,5
37260,536,699,3
37261,230,239,4
37262,588,623,3
37263,98,428,5
37264,72,97,4
37265,85,516,4
37266,478,137,4
37267,87,235,3
37268,307,631,3
37269,532,1426,3
37270,405,195,5
37271,313,186,3
37272,585,116,3
37273,533,603,4
37274,312,491,5
37275,361,421,3
37276,406,624,5
37277,536,648,3
37278,561,382,4
37279,490,258,2
37280,497,746,5
37281,624,271,3
37282,595,928,3
37283,442,161,3
37284,554,86,4
37285,541,769,1
37286,537,171,3
37287,59,87,4
37288,102,260,2
37289,548,991,1
37290,599,1152,4
37291,630,294,4
37292,586,226,4
37293,303,502,4
37294,545,444,3
37295,452,482,5
37296,269,647,4
37297,412,276,5
37298,345,955,4
37299,416,660,5
37300,639,242,4
37301,174,15,5
37302,298,951,4
37303,499,326,3
37304,405,234,5
37305,95,186,5
37306,442,550,2
37307,279,186,5
37308,407,436,3
37309,484,144,4
37310,393,28,4
37311,246,97,3
37312,345,239,4
37313,537,498,3
37314,537,965,2
37315,71,14,5
37316,577,795,3
37317,621,876,2
37318,363,523,3
37319,169,300,5
37320,544,689,2
37321,184,1148,3
37322,248,64,5
37323,634,405,4
37324,466,89,3
37325,210,167,4
37326,342,47,5
37327,224,748,3
37328,239,434,5
37329,163,258,4
37330,484,239,4
37331,307,28,3
37332,287,546,4
37333,299,1056,4
37334,553,205,4
37335,627,144,2
37336,296,515,5
37337,544,325,1
37338,389,25,3
37339,405,219,5
37340,470,125,4
37341,561,193,3
37342,435,199,5
37343,630,934,3
37344,489,340,4
37345,325,236,3
37346,543,443,4
37347,137,405,5
37348,417,69,3
37349,551,42,5
37350,162,105,2
37351,346,204,4
37352,632,622,4
37353,429,276,5
37354,535,478,5
37355,495,191,3
37356,402,42,4
37357,591,56,4
37358,537,306,3
37359,239,221,5
37360,622,11,4
37361,620,294,5
37362,269,956,3
37363,361,694,4
37364,407,159,3
37365,593,70,5
37366,495,575,3
37367,530,319,3
37368,314,257,5
37369,489,294,3
37370,608,886,1
37371,405,661,3
37372,450,135,3
37373,23,250,4
37374,486,295,3
37375,221,1185,3
37376,457,509,4
37377,221,1017,4
37378,237,169,5
37379,44,655,3
37380,18,285,5
37381,271,461,5
37382,344,174,5
37383,545,161,4
37384,587,303,4
37385,474,15,5
37386,589,895,5
37387,342,1008,3
37388,453,168,4
37389,201,216,4
37390,7,134,4
37391,547,347,4
37392,472,550,5
37393,449,983,2
37394,308,663,5
37395,296,144,4
37396,381,151,5
37397,458,430,5
37398,158,187,5
37399,268,13,3
37400,398,710,2
37401,425,79,4
37402,125,455,5
37403,356,286,3
37404,312,191,5
37405,496,561,5
37406,448,333,2
37407,291,210,5
37408,2,25,4
37409,7,585,4
37410,561,410,1
37411,592,1060,2
37412,444,251,5
37413,627,1194,4
37414,630,845,3
37415,533,181,5
37416,417,13,2
37417,499,69,5
37418,561,735,3
37419,374,77,5
37420,51,173,5
37421,614,411,3
37422,559,1101,4
37423,642,70,2
37424,475,381,4
37425,294,235,3
37426,393,26,3
37427,484,9,1
37428,545,665,3
37429,120,742,4
37430,380,315,4
37431,472,584,1
37432,399,781,2
37433,301,64,5
37434,381,15,2
37435,7,194,5
37436,590,1017,4
37437,606,228,5
37438,178,143,4
37439,577,1032,3
37440,514,709,3
37441,609,287,5
37442,621,423,4
37443,162,358,3
37444,405,549,1
37445,373,1110,4
37446,504,1133,3
37447,306,111,4
37448,468,159,3
37449,387,99,5
37450,64,652,2
37451,586,276,3
37452,149,325,2
37453,620,101,2
37454,326,481,1
37455,552,123,3
37456,213,258,4
37457,254,1091,3
37458,521,132,3
37459,397,135,5
37460,620,121,5
37461,510,678,4
37462,3,338,2
37463,482,127,4
37464,637,100,4
37465,190,544,4
37466,619,328,1
37467,416,312,3
37468,624,262,4
37469,425,636,4
37470,308,404,3
37471,18,649,3
37472,501,508,4
37473,543,831,2
37474,487,845,4
37475,198,70,3
37476,627,403,2
37477,421,672,3
37478,560,1163,3
37479,59,237,3
37480,560,250,4
37481,500,129,4
37482,505,378,5
37483,330,501,5
37484,640,11,4
37485,512,302,4
37486,374,568,5
37487,548,603,5
37488,487,3,5
37489,214,196,4
37490,200,117,5
37491,323,258,4
37492,262,1,3
37493,637,690,5
37494,198,132,4
37495,546,895,3
37496,117,406,3
37497,620,379,4
37498,148,175,4
37499,417,395,4
37500,335,355,3
37501,195,433,3
37502,578,380,3
37503,418,288,5
37504,198,655,4
37505,577,595,4
37506,497,186,4
37507,87,414,3
37508,474,1020,3
37509,295,208,5
37510,343,461,2
37511,343,265,2
37512,566,1044,3
37513,387,121,2
37514,543,647,3
37515,116,285,4
37516,130,589,4
37517,622,30,4
37518,333,186,4
37519,548,307,4
37520,600,1231,2
37521,588,1041,2
37522,481,692,4
37523,632,164,4
37524,634,302,5
37525,416,821,4
37526,416,364,2
37527,311,197,4
37528,141,323,4
37529,194,238,5
37530,344,198,5
37531,409,28,2
37532,533,597,3
37533,579,100,4
37534,487,181,4
37535,532,1502,1
37536,263,622,4
37537,453,223,4
37538,642,1039,5
37539,385,502,3
37540,194,91,3
37541,27,9,4
37542,327,482,4
37543,458,1011,3
37544,435,67,4
37545,62,62,3
37546,28,429,5
37547,295,629,5
37548,116,325,3
37549,256,1047,4
37550,13,241,3
37551,85,813,4
37552,90,1137,2
37553,158,202,5
37554,585,639,4
37555,268,1228,1
37556,374,247,1
37557,553,86,3
37558,612,878,2
37559,524,100,5
37560,336,1188,3
37561,407,70,4
37562,456,658,3
37563,630,717,3
37564,276,765,3
37565,472,751,5
37566,435,392,3
37567,288,520,5
37568,519,288,4
37569,510,259,2
37570,69,742,3
37571,389,1041,3
37572,209,181,4
37573,483,99,3
37574,389,58,4
37575,445,346,5
37576,206,1062,3
37577,572,1137,3
37578,560,136,3
37579,409,58,4
37580,82,228,3
37581,610,216,4
37582,32,742,3
37583,468,15,4
37584,254,389,3
37585,566,392,4
37586,77,833,1
37587,142,346,5
37588,13,639,3
37589,346,318,5
37590,416,778,3
37591,72,170,3
37592,601,179,5
37593,506,226,4
37594,391,59,5
37595,554,227,3
37596,15,285,4
37597,447,1046,3
37598,546,930,5
37599,600,176,5
37600,540,240,3
37601,440,1591,5
37602,536,470,5
37603,405,523,2
37604,588,333,5
37605,312,154,4
37606,457,755,4
37607,542,346,3
37608,234,649,3
37609,509,332,2
37610,214,1073,5
37611,503,479,4
37612,457,462,5
37613,331,491,3
37614,533,319,3
37615,130,816,5
37616,592,457,1
37617,387,230,3
37618,552,866,3
37619,13,394,2
37620,374,123,2
37621,642,951,3
37622,587,272,5
37623,617,606,3
37624,286,433,5
37625,373,217,3
37626,160,763,4
37627,518,120,3
37628,83,371,3
37629,387,192,5
37630,533,412,1
37631,599,120,3
37632,450,735,4
37633,298,22,4
37634,23,156,3
37635,442,100,2
37636,207,735,4
37637,288,511,4
37638,72,461,3
37639,201,172,5
37640,506,417,4
37641,628,330,5
37642,642,38,4
37643,623,815,2
37644,618,1071,1
37645,85,210,3
37646,508,121,2
37647,82,288,3
37648,624,748,3
37649,102,228,4
37650,374,174,5
37651,334,936,3
37652,490,596,1
37653,626,288,3
37654,488,483,3
37655,325,443,4
37656,293,658,1
37657,144,475,1
37658,460,273,4
37659,313,133,5
37660,306,286,4
37661,559,238,1
37662,502,539,3
37663,23,174,4
37664,618,724,3
37665,464,298,4
37666,517,50,5
37667,194,449,1
37668,286,95,5
37669,468,423,4
37670,312,487,5
37671,181,820,1
37672,577,281,3
37673,416,1016,5
37674,214,24,3
37675,525,25,5
37676,417,388,3
37677,576,259,2
37678,562,427,4
37679,498,985,1
37680,435,404,2
37681,514,135,4
37682,378,742,4
37683,73,154,5
37684,492,523,4
37685,484,399,4
37686,305,91,2
37687,551,715,1
37688,85,465,4
37689,447,742,3
37690,618,12,4
37691,83,174,5
37692,160,240,4
37693,330,432,4
37694,442,508,3
37695,308,856,4
37696,294,249,5
37697,613,303,4
37698,334,74,2
37699,327,357,4
37700,217,147,3
37701,349,1128,3
37702,500,61,4
37703,345,245,2
37704,617,488,4
37705,612,1063,5
37706,371,186,5
37707,30,873,1
37708,373,603,4
37709,597,936,3
37710,429,662,3
37711,543,96,4
37712,126,326,2
37713,535,121,4
37714,193,280,4
37715,552,15,3
37716,535,421,4
37717,530,172,4
37718,454,612,3
37719,378,281,3
37720,504,452,2
37721,573,492,4
37722,466,87,3
37723,76,343,3
37724,435,183,5
37725,417,944,4
37726,448,305,4
37727,446,887,4
37728,270,694,5
37729,85,69,4
37730,429,69,5
37731,574,331,1
37732,458,169,5
37733,389,481,5
37734,3,302,2
37735,338,196,2
37736,57,8,4
37737,634,977,3
37738,541,82,3
37739,489,259,2
37740,495,2,2
37741,556,507,5
37742,587,688,3
37743,276,458,4
37744,279,659,5
37745,429,1418,3
37746,298,866,3
37747,469,656,5
37748,334,606,5
37749,536,195,4
37750,577,225,4
37751,592,291,3
37752,497,940,2
37753,314,410,5
37754,207,197,4
37755,534,151,4
37756,643,419,4
37757,600,27,3
37758,464,879,4
37759,21,262,4
37760,476,202,4
37761,389,407,1
37762,210,153,5
37763,592,56,5
37764,104,130,1
37765,429,275,4
37766,387,508,4
37767,627,467,5
37768,484,823,4
37769,468,214,5
37770,293,81,4
37771,234,863,5
37772,530,357,5
37773,290,271,3
37774,446,301,3
37775,270,443,3
37776,454,356,1
37777,246,741,5
37778,598,323,4
37779,606,966,5
37780,290,229,3
37781,174,151,3
37782,561,80,2
37783,239,659,3
37784,14,427,5
37785,500,246,5
37786,416,1220,3
37787,145,328,5
37788,54,338,3
37789,539,155,4
37790,616,355,4
37791,466,24,4
37792,295,559,4
37793,207,1049,3
37794,561,708,3
37795,141,250,4
37796,87,297,3
37797,436,218,4
37798,642,921,5
37799,262,95,3
37800,623,642,3
37801,102,188,2
37802,463,151,4
37803,621,197,4
37804,378,591,4
37805,397,475,4
37806,312,837,4
37807,618,944,2
37808,214,168,3
37809,486,237,4
37810,1,158,3
37811,407,705,4
37812,7,440,1
37813,211,462,4
37814,500,97,4
37815,244,527,5
37816,532,472,5
37817,506,356,3
37818,267,720,3
37819,532,177,4
37820,1,37,2
37821,484,568,3
37822,478,42,5
37823,542,179,4
37824,561,645,3
37825,573,176,3
37826,491,285,5
37827,375,302,5
37828,642,746,3
37829,455,125,3
37830,551,780,5
37831,615,660,4
37832,373,70,4
37833,638,194,3
37834,60,429,5
37835,194,15,4
37836,323,293,4
37837,110,451,4
37838,328,286,5
37839,537,491,4
37840,64,546,3
37841,554,79,5
37842,510,288,3
37843,450,245,4
37844,109,790,2
37845,145,354,4
37846,635,873,3
37847,468,856,4
37848,280,80,3
37849,279,380,4
37850,459,291,4
37851,538,168,3
37852,234,675,4
37853,433,174,5
37854,468,160,3
37855,569,340,4
37856,21,993,4
37857,621,72,2
37858,23,134,4
37859,640,53,4
37860,280,1048,4
37861,169,258,5
37862,606,287,4
37863,455,176,3
37864,625,96,5
37865,397,23,5
37866,342,656,5
37867,644,100,4
37868,237,127,5
37869,320,300,4
37870,618,196,4
37871,474,83,3
37872,532,357,5
37873,630,476,5
37874,353,258,5
37875,560,1171,3
37876,308,403,4
37877,606,1277,3
37878,14,32,5
37879,195,384,2
37880,207,180,3
37881,621,4,4
37882,435,246,5
37883,595,742,2
37884,523,189,5
37885,312,531,5
37886,487,419,3
37887,374,1248,3
37888,286,1038,5
37889,644,748,4
37890,11,549,4
37891,392,246,5
37892,429,1011,4
37893,91,31,5
37894,446,359,3
37895,635,294,3
37896,551,334,4
37897,406,404,5
37898,277,137,3
37899,627,956,2
37900,13,760,1
37901,130,864,2
37902,291,427,4
37903,297,455,4
37904,207,282,4
37905,76,56,5
37906,628,168,4
37907,451,263,2
37908,561,202,3
37909,177,527,4
37910,592,266,1
37911,504,385,4
37912,261,321,3
37913,631,286,3
37914,371,452,2
37915,457,173,5
37916,334,12,5
37917,144,423,5
37918,592,258,5
37919,67,105,4
37920,110,1222,2
37921,453,158,2
37922,497,173,5
37923,630,117,5
37924,230,91,3
37925,538,317,4
37926,513,181,5
37927,314,36,2
37928,627,97,2
37929,436,219,5
37930,198,200,4
37931,457,86,3
37932,138,603,4
37933,44,423,4
37934,567,132,3
37935,334,886,4
37936,490,515,3
37937,608,729,4
37938,622,240,3
37939,615,294,3
37940,529,340,1
37941,276,123,4
37942,210,732,4
37943,21,289,3
37944,83,755,5
37945,472,541,5
37946,579,288,4
37947,328,215,3
37948,488,385,4
37949,151,111,4
37950,378,273,4
37951,406,87,3
37952,450,842,4
37953,297,109,4
37954,551,354,3
37955,417,298,3
37956,301,693,5
37957,256,323,5
37958,481,4,3
37959,543,110,2
37960,144,251,4
37961,499,879,3
37962,109,386,1
37963,102,373,2
37964,506,892,1
37965,633,176,3
37966,405,585,1
37967,497,114,4
37968,361,86,4
37969,198,433,2
37970,215,237,4
37971,481,98,4
37972,406,52,5
37973,599,1095,4
37974,566,479,4
37975,564,121,4
37976,457,554,4
37977,303,1218,4
37978,543,1619,3
37979,286,1075,5
37980,328,684,5
37981,577,230,3
37982,442,276,4
37983,430,294,2
37984,624,742,4
37985,625,258,4
37986,454,520,4
37987,534,370,4
37988,542,204,3
37989,428,538,4
37990,452,188,4
37991,629,58,4
37992,232,32,4
37993,96,56,5
37994,506,140,3
37995,452,174,4
37996,538,568,3
37997,439,273,2
37998,417,709,3
37999,489,680,5
38000,510,1025,3
38001,10,513,4
38002,303,379,4
38003,173,937,4
38004,325,628,3
38005,200,235,2
38006,320,769,3
38007,551,56,5
38008,83,781,4
38009,537,101,2
38010,618,77,3
38011,506,38,3
38012,636,222,5
38013,481,1039,4
38014,13,850,4
38015,369,752,4
38016,526,312,2
38017,253,222,4
38018,193,1074,3
38019,405,482,3
38020,606,258,4
38021,452,286,4
38022,385,1462,4
38023,409,30,4
38024,495,705,4
38025,573,632,4
38026,385,89,4
38027,363,98,3
38028,44,89,5
38029,293,286,3
38030,14,222,4
38031,370,50,4
38032,483,1,4
38033,411,28,4
38034,460,258,3
38035,589,307,1
38036,137,89,5
38037,645,748,1
38038,521,117,4
38039,32,307,2
38040,317,288,4
38041,607,528,4
38042,267,391,3
38043,552,1315,3
38044,13,747,4
38045,551,846,3
38046,268,50,5
38047,425,358,4
38048,250,558,4
38049,94,589,5
38050,28,117,4
38051,522,128,4
38052,442,203,3
38053,435,89,4
38054,642,720,5
38055,599,934,3
38056,373,180,3
38057,387,496,3
38058,85,168,4
38059,504,5,4
38060,387,684,3
38061,315,770,3
38062,249,191,4
38063,497,2,1
38064,405,347,4
38065,342,1528,3
38066,540,126,3
38067,638,183,4
38068,419,478,5
38069,487,174,5
38070,466,568,3
38071,299,94,1
38072,233,95,5
38073,344,372,4
38074,465,638,3
38075,551,1035,2
38076,43,312,4
38077,642,728,4
38078,326,182,2
38079,640,941,5
38080,435,588,4
38081,234,181,3
38082,640,173,5
38083,401,815,3
38084,643,671,4
38085,166,243,3
38086,283,1079,4
38087,58,1006,2
38088,344,1014,4
38089,407,385,4
38090,201,402,2
38091,262,52,3
38092,363,451,2
38093,536,542,1
38094,586,578,3
38095,22,109,4
38096,478,111,3
38097,527,543,4
38098,293,272,4
38099,648,96,5
38100,213,521,4
38101,184,118,2
38102,548,504,5
38103,543,381,4
38104,13,194,5
38105,642,1469,4
38106,610,527,4
38107,459,264,4
38108,445,895,2
38109,54,151,2
38110,194,640,1
38111,385,32,5
38112,550,538,5
38113,397,197,5
38114,379,383,2
38115,580,294,4
38116,14,288,4
38117,553,479,5
38118,325,1230,3
38119,478,72,1
38120,82,511,3
38121,151,134,4
38122,548,345,1
38123,393,108,2
38124,542,479,4
38125,625,151,3
38126,425,219,2
38127,458,405,4
38128,19,325,4
38129,550,310,5
38130,595,763,3
38131,345,433,4
38132,527,317,4
38133,622,519,3
38134,456,71,3
38135,174,31,4
38136,534,322,4
38137,457,584,4
38138,562,727,5
38139,111,258,4
38140,235,338,1
38141,145,650,4
38142,632,71,4
38143,598,349,4
38144,393,109,3
38145,427,681,5
38146,60,546,4
38147,633,526,4
38148,197,29,3
38149,379,88,4
38150,416,748,4
38151,468,222,4
38152,90,497,5
38153,541,452,3
38154,642,132,3
38155,246,11,4
38156,253,1468,3
38157,592,1319,1
38158,399,288,3
38159,95,203,3
38160,324,50,5
38161,551,291,4
38162,472,1228,4
38163,127,343,5
38164,542,790,3
38165,351,748,4
38166,633,143,4
38167,606,756,3
38168,31,1021,3
38169,620,678,3
38170,62,483,4
38171,194,864,2
38172,640,38,4
38173,457,448,4
38174,230,99,3
38175,456,172,5
38176,145,405,3
38177,13,846,2
38178,470,284,4
38179,542,73,3
38180,334,228,5
38181,308,678,3
38182,630,278,4
38183,533,742,4
38184,195,1030,2
38185,392,324,1
38186,445,324,1
38187,580,123,4
38188,429,290,3
38189,497,781,3
38190,533,21,3
38191,401,235,1
38192,635,300,3
38193,1,181,5
38194,491,1281,3
38195,447,158,3
38196,630,1040,4
38197,194,241,2
38198,178,316,4
38199,622,196,3
38200,72,521,4
38201,435,24,4
38202,538,213,3
38203,298,205,5
38204,493,258,5
38205,385,653,4
38206,60,275,4
38207,385,276,3
38208,108,319,5
38209,533,194,4
38210,21,200,5
38211,551,658,5
38212,246,228,3
38213,592,952,4
38214,413,270,4
38215,585,638,4
38216,146,271,3
38217,489,286,4
38218,421,12,5
38219,532,151,5
38220,514,405,2
38221,503,168,5
38222,91,187,5
38223,524,679,2
38224,620,1035,4
38225,497,80,3
38226,195,313,5
38227,586,470,4
38228,462,313,5
38229,511,908,4
38230,532,914,5
38231,627,175,1
38232,437,99,4
38233,451,989,1
38234,500,298,4
38235,455,87,3
38236,497,288,2
38237,6,272,4
38238,645,69,4
38239,325,16,1
38240,74,294,4
38241,320,410,4
38242,49,217,3
38243,429,652,4
38244,527,507,5
38245,393,72,4
38246,426,134,4
38247,130,289,5
38248,171,906,3
38249,474,209,5
38250,85,631,4
38251,541,1035,3
38252,244,393,3
38253,561,170,4
38254,268,743,1
38255,85,180,4
38256,207,509,4
38257,642,105,5
38258,281,310,4
38259,361,659,5
38260,648,473,3
38261,449,748,2
38262,59,654,4
38263,561,302,4
38264,335,300,5
38265,535,131,4
38266,497,109,4
38267,330,168,3
38268,526,936,5
38269,445,1601,1
38270,357,546,5
38271,102,218,3
38272,308,239,3
38273,595,129,3
38274,298,393,4
38275,123,242,5
38276,442,186,4
38277,639,488,4
38278,286,315,5
38279,417,288,3
38280,561,1153,3
38281,236,866,3
38282,292,462,3
38283,504,537,3
38284,622,120,1
38285,429,183,4
38286,398,1020,3
38287,456,232,2
38288,356,1294,4
38289,13,430,5
38290,346,1228,4
38291,401,478,2
38292,392,127,5
38293,606,64,5
38294,49,1021,5
38295,450,714,4
38296,624,272,5
38297,128,70,3
38298,474,227,4
38299,573,183,3
38300,385,473,3
38301,189,191,5
38302,312,478,5
38303,500,742,3
38304,634,1008,2
38305,536,63,4
38306,577,808,3
38307,7,234,5
38308,429,95,3
38309,506,258,4
38310,57,42,5
38311,479,82,4
38312,524,670,4
38313,632,25,1
38314,648,288,4
38315,490,277,3
38316,506,878,3
38317,330,993,4
38318,630,127,2
38319,633,288,2
38320,473,275,5
38321,194,155,3
38322,488,83,4
38323,234,525,4
38324,232,127,3
38325,514,651,4
38326,456,806,3
38327,566,25,2
38328,551,825,5
38329,175,172,5
38330,393,228,3
38331,500,44,1
38332,244,169,5
38333,6,405,1
38334,229,344,5
38335,588,289,2
38336,184,1160,5
38337,481,427,4
38338,624,952,3
38339,592,238,5
38340,381,14,5
38341,543,185,4
38342,638,472,3
38343,303,109,4
38344,494,427,5
38345,642,1033,3
38346,525,118,3
38347,212,528,5
38348,271,494,4
38349,634,919,2
38350,387,325,2
38351,404,901,2
38352,83,161,4
38353,591,275,4
38354,44,260,4
38355,603,181,5
38356,609,878,1
38357,6,166,4
38358,62,405,3
38359,107,288,3
38360,535,44,4
38361,198,1244,2
38362,36,1026,5
38363,437,447,4
38364,267,218,4
38365,588,699,4
38366,254,1050,3
38367,405,58,1
38368,436,568,5
38369,484,257,5
38370,427,359,5
38371,13,763,1
38372,337,831,1
38373,276,47,4
38374,454,649,2
38375,160,192,5
38376,639,306,4
38377,18,134,5
38378,457,89,5
38379,234,531,3
38380,21,561,1
38381,7,403,4
38382,542,209,4
38383,300,288,4
38384,459,546,1
38385,600,228,3
38386,90,1134,3
38387,534,325,4
38388,385,131,4
38389,144,1226,4
38390,18,969,3
38391,531,312,5
38392,130,24,5
38393,642,1415,4
38394,595,597,2
38395,311,1041,3
38396,634,286,5
38397,603,748,5
38398,592,273,5
38399,324,289,5
38400,551,268,4
38401,550,304,3
38402,249,56,5
38403,389,191,5
38404,10,529,3
38405,577,655,4
38406,393,721,2
38407,56,97,3
38408,532,526,5
38409,556,64,5
38410,506,47,4
38411,600,226,4
38412,145,979,3
38413,621,559,5
38414,385,525,4
38415,412,64,4
38416,320,235,3
38417,585,224,2
38418,489,989,3
38419,634,124,3
38420,405,149,1
38421,280,79,4
38422,545,689,4
38423,534,742,5
38424,13,355,3
38425,269,365,2
38426,431,689,3
38427,450,4,3
38428,532,419,5
38429,16,1,5
38430,93,151,1
38431,621,293,3
38432,617,134,3
38433,146,319,4
38434,405,75,2
38435,297,230,2
38436,443,286,5
38437,588,316,5
38438,387,715,5
38439,99,117,5
38440,221,178,4
38441,374,1210,4
38442,221,181,4
38443,82,21,1
38444,634,221,1
38445,391,491,3
38446,226,652,3
38447,647,554,4
38448,479,189,2
38449,644,300,5
38450,206,343,1
38451,595,368,1
38452,207,70,3
38453,606,760,3
38454,588,652,2
38455,507,1089,5
38456,470,100,4
38457,187,69,4
38458,466,127,3
38459,585,1018,2
38460,26,121,3
38461,542,684,4
38462,151,965,5
38463,422,98,5
38464,494,1197,3
38465,399,551,1
38466,605,174,3
38467,327,204,4
38468,621,231,4
38469,246,576,1
38470,542,818,4
38471,536,139,4
38472,563,254,3
38473,223,284,2
38474,313,495,2
38475,498,483,3
38476,642,768,4
38477,380,152,2
38478,499,516,4
38479,271,648,4
38480,334,318,4
38481,493,273,4
38482,621,67,4
38483,374,554,2
38484,403,597,2
38485,416,662,4
38486,621,208,4
38487,335,342,2
38488,109,98,4
38489,151,632,4
38490,617,217,1
38491,346,276,1
38492,280,678,2
38493,650,630,5
38494,393,270,5
38495,592,689,2
38496,514,14,3
38497,537,182,4
38498,296,1160,4
38499,251,45,5
38500,184,845,3
38501,189,83,4
38502,308,367,4
38503,625,428,5
38504,553,641,4
38505,448,1176,2
38506,85,751,3
38507,590,126,5
38508,422,551,2
38509,450,302,5
38510,588,278,5
38511,644,823,4
38512,478,743,1
38513,262,443,3
38514,622,521,5
38515,626,324,4
38516,21,981,2
38517,378,528,5
38518,201,222,3
38519,435,176,5
38520,277,508,4
38521,612,9,3
38522,160,168,4
38523,487,300,5
38524,618,282,3
38525,587,873,3
38526,303,801,1
38527,593,66,5
38528,176,927,3
38529,642,210,5
38530,537,259,1
38531,458,192,4
38532,342,482,5
38533,319,259,2
38534,328,752,2
38535,144,70,4
38536,151,952,3
38537,642,135,3
38538,498,275,3
38539,198,265,3
38540,198,1245,4
38541,330,257,5
38542,311,530,3
38543,552,1620,3
38544,604,234,5
38545,276,274,3
38546,566,157,5
38547,63,302,3
38548,452,432,2
38549,296,282,4
38550,606,746,5
38551,459,148,5
38552,276,201,5
38553,194,483,4
38554,106,275,4
38555,495,288,4
38556,500,1018,3
38557,76,1019,3
38558,493,56,4
38559,525,595,2
38560,624,886,4
38561,429,91,3
38562,576,237,4
38563,508,1135,3
38564,2,273,4
38565,154,945,3
38566,363,682,1
38567,618,392,3
38568,231,471,5
38569,104,311,1
38570,639,58,3
38571,94,54,4
38572,239,428,5
38573,264,478,5
38574,650,517,3
38575,479,324,1
38576,118,210,5
38577,455,89,3
38578,457,470,5
38579,566,186,3
38580,13,286,3
38581,648,298,2
38582,436,216,4
38583,368,561,2
38584,592,1,4
38585,519,878,5
38586,284,690,3
38587,487,684,5
38588,622,105,3
38589,13,867,5
38590,521,11,4
38591,532,689,4
38592,151,14,5
38593,561,45,3
38594,417,24,3
38595,454,454,3
38596,405,356,5
38597,599,928,4
38598,301,702,4
38599,308,32,5
38600,387,515,5
38601,501,456,3
38602,271,845,1
38603,543,737,3
38604,556,288,4
38605,18,238,5
38606,643,154,4
38607,406,639,4
38608,450,121,3
38609,216,201,3
38610,561,14,3
38611,445,742,1
38612,601,290,3
38613,625,692,3
38614,637,829,2
38615,201,118,1
38616,406,712,3
38617,189,485,4
38618,561,1110,2
38619,577,1531,4
38620,474,963,5
38621,256,1046,4
38622,72,792,3
38623,334,902,4
38624,591,934,3
38625,421,100,4
38626,648,674,3
38627,135,260,3
38628,413,877,3
38629,394,391,4
38630,286,139,3
38631,305,315,5
38632,222,826,2
38633,271,190,4
38634,375,770,3
38635,13,413,1
38636,514,729,4
38637,561,715,3
38638,44,196,4
38639,313,892,4
38640,393,40,1
38641,543,28,4
38642,535,469,3
38643,559,210,4
38644,280,527,5
38645,638,50,4
38646,405,810,1
38647,344,708,4
38648,158,742,4
38649,633,778,2
38650,11,98,2
38651,57,472,1
38652,318,403,2
38653,487,111,3
38654,363,172,5
38655,94,518,5
38656,632,202,4
38657,532,601,3
38658,601,140,1
38659,378,787,3
38660,537,399,2
38661,497,651,4
38662,615,640,3
38663,142,514,5
38664,144,262,3
38665,552,7,3
38666,563,50,5
38667,198,185,3
38668,358,1021,5
38669,314,405,4
38670,3,322,3
38671,214,169,4
38672,551,527,5
38673,532,658,5
38674,647,748,4
38675,314,56,1
38676,59,1115,3
38677,450,430,4
38678,230,628,3
38679,437,212,3
38680,396,222,5
38681,643,229,3
38682,539,197,5
38683,551,98,5
38684,592,262,5
38685,622,194,4
38686,179,340,4
38687,618,79,5
38688,568,1203,5
38689,481,197,3
38690,535,514,5
38691,488,11,1
38692,650,514,3
38693,474,789,4
38694,651,292,2
38695,589,271,3
38696,554,252,4
38697,1,136,3
38698,481,153,5
38699,604,185,2
38700,592,272,5
38701,545,215,3
38702,487,956,4
38703,521,380,3
38704,648,304,5
38705,144,466,2
38706,497,526,3
38707,548,315,3
38708,308,11,5
38709,5,371,1
38710,178,50,5
38711,588,496,3
38712,378,234,4
38713,592,61,4
38714,627,300,4
38715,264,1474,2
38716,346,597,3
38717,181,844,1
38718,345,79,4
38719,81,237,4
38720,587,312,2
38721,422,665,5
38722,210,514,5
38723,543,71,4
38724,472,66,5
38725,543,748,3
38726,551,1079,1
38727,537,553,2
38728,592,32,5
38729,579,1047,3
38730,394,226,2
38731,92,1211,3
38732,501,313,3
38733,618,210,3
38734,561,98,4
38735,7,578,3
38736,363,1101,3
38737,210,15,4
38738,94,191,5
38739,136,744,5
38740,13,769,3
38741,405,603,3
38742,457,747,4
38743,399,237,3
38744,254,622,4
38745,62,357,4
38746,501,257,4
38747,393,824,3
38748,397,435,4
38749,243,708,3
38750,551,912,3
38751,1,257,4
38752,70,411,3
38753,311,509,3
38754,334,553,1
38755,457,655,5
38756,642,443,2
38757,210,392,3
38758,308,21,3
38759,634,150,3
38760,498,202,3
38761,18,627,3
38762,534,687,5
38763,393,273,3
38764,308,117,3
38765,503,640,1
38766,334,303,4
38767,567,181,1
38768,394,540,4
38769,188,22,5
38770,253,482,5
38771,128,770,3
38772,592,330,3
38773,618,50,5
38774,406,520,4
38775,568,1005,1
38776,628,302,5
38777,543,165,4
38778,639,170,4
38779,207,748,3
38780,523,8,5
38781,413,15,4
38782,398,87,4
38783,178,319,1
38784,234,290,3
38785,572,1171,3
38786,532,929,3
38787,354,59,5
38788,406,517,2
38789,373,275,5
38790,599,988,4
38791,73,213,4
38792,416,538,4
38793,180,12,2
38794,595,291,3
38795,560,1008,3
38796,479,241,3
38797,457,453,2
38798,417,402,4
38799,324,282,5
38800,612,924,5
38801,443,678,2
38802,279,760,3
38803,312,1451,4
38804,235,318,5
38805,305,664,2
38806,354,190,4
38807,99,367,4
38808,291,940,3
38809,549,288,4
38810,470,118,4
38811,449,61,5
38812,472,771,4
38813,472,384,3
38814,303,692,4
38815,317,879,3
38816,256,356,3
38817,194,174,4
38818,632,28,3
38819,466,344,5
38820,506,930,1
38821,474,513,5
38822,608,58,2
38823,472,228,5
38824,491,236,4
38825,606,33,4
38826,496,554,2
38827,566,856,5
38828,437,137,5
38829,479,197,4
38830,235,86,4
38831,496,89,5
38832,639,487,5
38833,496,418,3
38834,109,584,2
38835,297,243,1
38836,532,1226,4
38837,144,48,5
38838,234,613,4
38839,503,205,4
38840,43,588,4
38841,489,315,5
38842,264,603,5
38843,637,831,1
38844,213,463,5
38845,569,475,3
38846,472,90,5
38847,591,88,3
38848,303,98,5
38849,577,168,5
38850,606,288,4
38851,416,1132,2
38852,276,281,3
38853,222,929,1
38854,551,234,4
38855,570,302,4
38856,16,946,5
38857,452,781,3
38858,76,514,4
38859,295,69,5
38860,456,452,2
38861,256,451,4
38862,416,24,5
38863,629,9,4
38864,110,684,4
38865,514,510,3
38866,385,135,3
38867,594,14,4
38868,207,631,2
38869,621,576,2
38870,234,389,3
38871,630,871,2
38872,500,708,5
38873,542,655,4
38874,627,162,3
38875,395,97,5
38876,405,1222,1
38877,417,186,5
38878,435,167,3
38879,401,651,4
38880,300,300,4
38881,608,1119,5
38882,123,514,5
38883,505,553,4
38884,567,478,5
38885,523,72,4
38886,621,301,4
38887,295,228,4
38888,373,1228,2
38889,533,23,3
38890,503,318,5
38891,627,581,3
38892,593,501,2
38893,264,746,3
38894,110,421,4
38895,134,326,5
38896,326,219,2
38897,26,50,4
38898,455,71,3
38899,271,168,2
38900,279,558,4
38901,296,1284,4
38902,481,190,5
38903,619,62,1
38904,639,462,5
38905,545,208,3
38906,462,310,5
38907,541,15,3
38908,449,59,5
38909,435,924,3
38910,472,73,4
38911,269,173,1
38912,286,210,5
38913,463,270,3
38914,397,423,5
38915,194,380,1
38916,639,659,3
38917,548,327,3
38918,447,597,3
38919,642,97,4
38920,500,88,4
38921,363,174,4
38922,454,497,3
38923,479,70,4
38924,332,105,2
38925,479,185,4
38926,524,97,5
38927,622,693,4
38928,279,166,4
38929,526,1,5
38930,559,527,4
38931,137,748,4
38932,464,286,3
38933,342,208,4
38934,551,222,5
38935,234,88,3
38936,645,179,5
38937,97,82,4
38938,246,178,5
38939,334,484,5
38940,214,8,4
38941,534,825,4
38942,345,44,3
38943,554,174,5
38944,6,194,4
38945,601,740,4
38946,346,363,3
38947,433,474,3
38948,643,1101,3
38949,436,762,4
38950,295,213,5
38951,479,398,1
38952,110,689,3
38953,327,271,3
38954,543,186,3
38955,425,289,1
38956,597,298,5
38957,69,294,2
38958,409,461,3
38959,462,315,4
38960,450,1425,4
38961,185,25,4
38962,548,7,5
38963,234,313,4
38964,534,986,5
38965,519,748,2
38966,13,32,4
38967,642,1023,3
38968,207,185,4
38969,274,300,5
38970,210,393,3
38971,303,1145,2
38972,561,135,4
38973,452,479,5
38974,545,404,4
38975,642,133,5
38976,374,218,4
38977,442,635,4
38978,429,2,3
38979,642,50,5
38980,226,813,4
38981,644,294,4
38982,95,290,3
38983,144,327,3
38984,160,151,4
38985,318,193,3
38986,396,455,2
38987,295,196,5
38988,417,513,5
38989,13,204,5
38990,586,229,3
38991,381,121,2
38992,130,895,5
38993,194,81,2
38994,592,334,3
38995,618,378,4
38996,174,69,5
38997,341,682,3
38998,373,417,3
38999,654,4,4
39000,52,527,5
39001,595,1009,4
39002,76,1155,2
39003,414,301,3
39004,500,639,4
39005,622,168,4
39006,170,322,5
39007,537,301,2
39008,514,631,4
39009,643,546,3
39010,455,40,3
39011,527,517,5
39012,160,153,3
39013,504,318,5
39014,601,482,4
39015,394,416,5
39016,632,419,4
39017,102,72,3
39018,112,937,4
39019,321,212,3
39020,551,174,4
39021,545,55,3
39022,543,88,4
39023,161,100,4
39024,393,347,4
39025,76,172,5
39026,520,242,5
39027,315,645,4
39028,643,1149,3
39029,395,240,1
39030,605,754,3
39031,487,823,1
39032,470,508,5
39033,488,64,5
39034,476,367,3
39035,368,184,5
39036,536,1118,2
39037,328,315,4
39038,90,905,4
39039,81,619,3
39040,184,1061,3
39041,331,221,4
39042,493,59,5
39043,458,245,2
39044,244,763,4
39045,437,753,4
39046,21,7,5
39047,495,479,4
39048,178,155,4
39049,537,744,3
39050,360,64,5
39051,63,286,4
39052,634,596,3
39053,394,739,4
39054,551,240,3
39055,265,327,3
39056,639,709,3
39057,94,800,3
39058,279,1242,1
39059,118,800,4
39060,621,117,5
39061,363,206,2
39062,653,164,3
39063,529,1038,4
39064,541,225,4
39065,618,705,3
39066,13,5,1
39067,527,479,4
39068,277,293,4
39069,588,288,4
39070,286,132,5
39071,535,269,4
39072,316,69,3
39073,213,182,4
39074,267,180,5
39075,363,597,4
39076,293,159,3
39077,592,168,5
39078,308,49,3
39079,500,62,3
39080,514,109,3
39081,548,12,5
39082,290,252,3
39083,64,434,4
39084,146,331,5
39085,299,1226,2
39086,348,1060,3
39087,474,1016,3
39088,639,553,3
39089,368,292,4
39090,642,151,3
39091,620,625,3
39092,21,5,2
39093,191,339,3
39094,497,510,3
39095,543,187,4
39096,488,133,4
39097,66,237,4
39098,348,123,5
39099,276,9,5
39100,280,755,2
39101,565,10,5
39102,217,562,3
39103,65,15,5
39104,122,1044,5
39105,644,257,5
39106,521,258,4
39107,566,98,4
39108,604,413,3
39109,648,586,3
39110,653,573,1
39111,504,1522,3
39112,43,781,3
39113,580,281,2
39114,305,42,4
39115,401,97,4
39116,6,514,5
39117,588,1508,3
39118,71,282,3
39119,542,230,4
39120,606,22,5
39121,630,25,2
39122,456,922,4
39123,545,71,5
39124,559,528,4
39125,326,393,4
39126,637,595,3
39127,380,12,5
39128,497,95,4
39129,539,481,4
39130,561,241,2
39131,591,72,3
39132,406,665,3
39133,535,971,2
39134,619,241,5
39135,178,184,5
39136,650,843,2
39137,130,342,3
39138,94,219,4
39139,125,427,4
39140,493,7,3
39141,378,926,1
39142,293,65,3
39143,653,402,1
39144,465,478,4
39145,405,567,2
39146,567,617,4
39147,606,7,4
39148,385,745,4
39149,144,500,4
39150,592,319,4
39151,87,546,3
39152,90,863,4
39153,320,385,4
39154,125,300,5
39155,374,98,5
39156,585,1158,4
39157,378,294,2
39158,118,960,5
39159,422,436,3
39160,533,97,2
39161,532,353,2
39162,539,527,4
39163,561,93,4
39164,495,184,5
39165,533,313,5
39166,636,596,5
39167,388,259,3
39168,559,427,4
39169,474,435,5
39170,592,179,5
39171,555,326,4
39172,634,823,3
39173,159,195,3
39174,320,121,5
39175,119,986,3
39176,542,100,4
39177,363,171,5
39178,444,275,4
39179,110,376,2
39180,623,204,5
39181,553,603,5
39182,637,280,2
39183,104,345,4
39184,59,618,4
39185,389,616,4
39186,246,798,2
39187,561,959,3
39188,622,367,4
39189,653,444,1
39190,551,183,4
39191,592,345,4
39192,328,8,3
39193,458,1338,3
39194,437,281,1
39195,36,878,5
39196,407,423,4
39197,409,633,4
39198,555,271,3
39199,591,921,4
39200,13,332,3
39201,487,133,4
39202,415,323,2
39203,497,108,3
39204,391,421,2
39205,569,237,4
39206,465,319,3
39207,448,887,2
39208,450,686,4
39209,422,1007,4
39210,601,584,4
39211,587,343,4
39212,601,418,2
39213,181,326,1
39214,201,567,3
39215,592,28,4
39216,94,585,3
39217,13,737,4
39218,279,751,4
39219,151,1299,4
39220,230,420,5
39221,533,210,5
39222,465,475,3
39223,463,117,3
39224,533,1033,4
39225,618,549,2
39226,523,204,5
39227,500,181,3
39228,478,168,4
39229,187,736,4
39230,537,549,2
39231,413,269,4
39232,144,343,2
39233,560,975,3
39234,630,222,4
39235,14,628,5
39236,588,451,5
39237,532,197,5
39238,650,747,3
39239,514,735,4
39240,600,265,3
39241,551,12,4
39242,544,258,3
39243,286,749,3
39244,638,410,4
39245,334,176,3
39246,507,352,1
39247,622,72,3
39248,493,264,3
39249,193,343,1
39250,629,528,5
39251,405,536,1
39252,468,1014,3
39253,474,642,4
39254,343,3,4
39255,592,169,5
39256,450,775,4
39257,573,1012,2
39258,285,205,4
39259,255,264,2
39260,23,204,3
39261,588,428,4
39262,235,1193,4
39263,313,121,4
39264,363,56,5
39265,653,50,5
39266,92,1046,3
39267,346,168,4
39268,90,286,5
39269,625,602,3
39270,412,340,4
39271,627,157,4
39272,7,436,5
39273,654,423,4
39274,428,350,4
39275,343,283,4
39276,642,375,1
39277,399,926,2
39278,593,597,2
39279,151,661,4
39280,180,98,5
39281,10,664,4
39282,416,185,4
39283,488,111,4
39284,567,176,5
39285,417,97,4
39286,314,783,3
39287,332,210,5
39288,301,150,4
39289,279,425,4
39290,22,523,5
39291,409,631,3
39292,629,1109,4
39293,492,83,4
39294,334,855,3
39295,642,258,3
39296,1,237,2
39297,634,979,3
39298,405,57,1
39299,361,178,5
39300,269,192,4
39301,507,879,5
39302,549,225,3
39303,416,396,2
39304,653,1044,1
39305,535,435,5
39306,642,72,4
39307,609,901,1
39308,277,7,2
39309,354,50,4
39310,532,926,3
39311,409,618,4
39312,642,468,3
39313,466,62,3
39314,439,246,4
39315,405,379,1
39316,627,649,4
39317,405,1474,1
39318,222,225,1
39319,102,386,2
39320,618,143,4
39321,109,72,5
39322,312,515,5
39323,303,871,1
39324,181,919,1
39325,15,935,3
39326,213,483,5
39327,452,170,4
39328,393,4,4
39329,48,136,4
39330,130,65,4
39331,560,1333,3
39332,608,478,3
39333,353,245,4
39334,137,1117,2
39335,500,405,4
39336,327,26,3
39337,648,188,5
39338,210,235,3
39339,307,1,5
39340,435,684,4
39341,325,650,3
39342,130,763,5
39343,536,318,5
39344,524,469,4
39345,311,700,3
39346,450,312,4
39347,655,274,3
39348,333,168,4
39349,561,258,2
39350,104,307,2
39351,592,652,4
39352,326,216,2
39353,631,346,4
39354,555,147,4
39355,592,533,4
39356,531,358,1
39357,267,156,5
39358,293,203,3
39359,546,717,5
39360,611,303,3
39361,301,763,4
39362,450,205,4
39363,436,595,5
39364,108,255,2
39365,214,89,4
39366,344,1,3
39367,632,58,3
39368,592,137,5
39369,60,50,5
39370,327,403,3
39371,366,234,1
39372,334,634,4
39373,60,799,4
39374,269,403,1
39375,620,563,5
39376,567,504,4
39377,30,315,4
39378,493,181,5
39379,436,723,3
39380,456,672,1
39381,582,288,3
39382,141,126,5
39383,621,1012,5
39384,367,333,4
39385,537,1197,3
39386,145,123,4
39387,394,63,4
39388,271,580,2
39389,537,1069,2
39390,157,515,5
39391,557,1070,2
39392,461,347,4
39393,363,511,4
39394,596,288,4
39395,255,343,2
39396,271,282,2
39397,22,21,4
39398,455,678,3
39399,18,736,4
39400,136,525,5
39401,417,923,3
39402,276,1118,4
39403,66,295,3
39404,6,177,4
39405,532,1221,5
39406,99,763,5
39407,417,62,3
39408,385,664,3
39409,114,659,4
39410,622,66,3
39411,327,201,5
39412,247,259,3
39413,299,171,4
39414,406,919,2
39415,648,105,3
39416,384,300,4
39417,234,224,4
39418,62,199,4
39419,622,364,1
39420,601,21,3
39421,622,373,1
39422,454,1190,3
39423,447,153,4
39424,239,511,5
39425,256,282,3
39426,551,1376,1
39427,405,712,1
39428,488,496,4
39429,592,833,4
39430,647,326,3
39431,561,273,5
39432,332,651,5
39433,234,505,4
39434,181,883,1
39435,323,319,2
39436,416,209,5
39437,579,49,3
39438,178,809,4
39439,357,111,5
39440,496,33,4
39441,305,171,5
39442,525,111,4
39443,545,993,2
39444,470,248,3
39445,271,62,2
39446,617,89,4
39447,456,475,5
39448,600,403,3
39449,276,523,4
39450,200,496,5
39451,618,150,2
39452,400,294,3
39453,653,272,4
39454,561,228,3
39455,490,286,2
39456,69,237,3
39457,592,59,4
39458,385,187,4
39459,505,423,4
39460,449,100,5
39461,405,1225,1
39462,551,827,5
39463,592,64,5
39464,495,770,3
39465,194,580,4
39466,586,82,2
39467,587,300,4
39468,552,222,4
39469,130,527,5
39470,535,639,4
39471,234,175,2
39472,200,48,2
39473,9,402,4
39474,556,1065,4
39475,468,173,5
39476,561,461,3
39477,435,121,3
39478,600,210,4
39479,311,702,3
39480,225,604,5
39481,271,4,5
39482,503,38,3
39483,488,183,4
39484,435,546,4
39485,505,237,3
39486,430,165,4
39487,429,118,3
39488,650,552,4
39489,606,421,4
39490,655,126,2
39491,627,549,3
39492,314,1016,4
39493,378,1531,4
39494,651,306,5
39495,89,202,3
39496,503,558,5
39497,554,223,3
39498,536,54,2
39499,99,25,3
39500,193,294,1
39501,547,258,4
39502,642,501,2
39503,595,15,4
39504,221,346,5
39505,585,1535,4
39506,244,222,2
39507,642,966,5
39508,154,642,3
39509,495,195,5
39510,154,61,4
39511,648,154,5
39512,592,432,1
39513,128,478,5
39514,168,291,4
39515,347,245,5
39516,44,99,4
39517,493,117,5
39518,533,91,2
39519,601,1615,4
39520,627,720,2
39521,585,207,5
39522,488,211,4
39523,159,255,3
39524,574,245,5
39525,330,195,3
39526,539,58,3
39527,527,531,3
39528,638,127,2
39529,483,197,3
39530,174,340,5
39531,650,1474,3
39532,365,473,4
39533,437,154,4
39534,630,12,4
39535,621,151,5
39536,524,1204,3
39537,653,566,5
39538,234,1039,3
39539,321,604,5
39540,380,502,1
39541,505,133,5
39542,518,117,5
39543,105,302,5
39544,591,235,3
39545,503,186,5
39546,244,317,5
39547,125,201,3
39548,119,685,4
39549,387,619,1
39550,610,1558,3
39551,345,234,4
39552,286,174,4
39553,11,731,4
39554,497,72,3
39555,222,578,3
39556,475,315,4
39557,405,1583,1
39558,380,663,4
39559,504,323,4
39560,207,471,3
39561,621,300,3
39562,2,10,2
39563,342,135,3
39564,511,322,3
39565,607,847,4
39566,608,1124,4
39567,396,717,3
39568,575,194,4
39569,458,14,5
39570,41,516,5
39571,406,131,2
39572,640,385,5
39573,449,310,3
39574,190,310,4
39575,389,1098,4
39576,655,693,3
39577,436,186,3
39578,81,289,3
39579,655,1403,3
39580,181,1355,1
39581,643,189,4
39582,161,496,3
39583,455,100,4
39584,502,893,2
39585,601,127,4
39586,298,143,5
39587,638,161,4
39588,378,282,4
39589,13,403,2
39590,654,258,4
39591,593,100,5
39592,454,73,3
39593,378,1063,4
39594,553,111,4
39595,536,83,5
39596,379,563,2
39597,518,471,3
39598,7,527,5
39599,486,595,2
39600,592,823,1
39601,60,211,4
39602,450,81,4
39603,239,174,4
39604,545,739,4
39605,303,1153,3
39606,379,842,4
39607,108,284,3
39608,445,1010,1
39609,405,577,3
39610,542,588,4
39611,654,318,5
39612,480,603,4
39613,155,288,3
39614,339,199,5
39615,399,1086,3
39616,22,1002,1
39617,293,1048,3
39618,654,250,1
39619,429,475,4
39620,346,11,4
39621,49,270,2
39622,552,274,3
39623,217,300,4
39624,428,338,4
39625,627,704,4
39626,592,782,2
39627,483,230,5
39628,79,333,2
39629,297,347,3
39630,425,452,2
39631,621,249,5
39632,640,204,5
39633,43,1052,1
39634,14,124,5
39635,109,928,3
39636,369,268,5
39637,474,275,3
39638,548,117,4
39639,561,219,1
39640,637,363,2
39641,655,198,4
39642,620,148,3
39643,495,843,3
39644,524,181,3
39645,536,132,4
39646,545,135,4
39647,429,484,5
39648,416,419,4
39649,311,101,4
39650,311,684,4
39651,527,176,2
39652,58,12,5
39653,483,450,4
39654,639,166,3
39655,566,405,5
39656,125,751,5
39657,121,83,4
39658,592,820,3
39659,648,194,5
39660,409,482,4
39661,497,185,3
39662,555,269,5
39663,474,499,5
39664,312,207,5
39665,583,198,4
39666,462,288,5
39667,128,483,5
39668,456,346,5
39669,291,235,2
39670,455,518,4
39671,457,137,5
39672,403,370,3
39673,495,1118,5
39674,487,206,4
39675,246,204,3
39676,405,1053,5
39677,468,56,5
39678,234,177,3
39679,455,628,4
39680,501,288,4
39681,566,213,5
39682,308,531,4
39683,632,96,5
39684,495,145,4
39685,489,308,4
39686,620,281,5
39687,454,873,2
39688,551,479,3
39689,83,70,4
39690,548,532,4
39691,629,187,5
39692,448,902,4
39693,655,670,3
39694,308,65,3
39695,251,248,4
39696,213,192,5
39697,362,689,5
39698,486,111,4
39699,530,56,3
39700,632,159,3
39701,130,465,5
39702,264,1475,2
39703,268,151,3
39704,532,148,5
39705,407,648,3
39706,644,50,4
39707,16,58,4
39708,119,917,4
39709,95,207,5
39710,73,152,3
39711,354,135,3
39712,472,185,5
39713,402,475,3
39714,200,161,4
39715,579,183,4
39716,491,258,4
39717,642,596,5
39718,407,447,3
39719,343,449,5
39720,216,237,5
39721,496,50,5
39722,466,306,5
39723,534,820,3
39724,293,715,3
39725,433,303,4
39726,52,463,5
39727,592,236,3
39728,218,659,4
39729,501,124,4
39730,446,327,2
39731,530,163,3
39732,487,1019,5
39733,643,56,5
39734,312,526,5
39735,561,890,1
39736,328,449,3
39737,59,657,4
39738,560,597,2
39739,567,506,5
39740,319,751,3
39741,586,210,4
39742,481,678,3
39743,488,258,4
39744,307,739,2
39745,374,449,4
39746,99,591,4
39747,450,1286,3
39748,218,269,4
39749,279,663,3
39750,90,153,5
39751,505,161,3
39752,269,3,3
39753,429,22,5
39754,624,137,4
39755,385,254,1
39756,357,831,3
39757,450,525,3
39758,592,619,1
39759,270,226,4
39760,102,1228,1
39761,593,71,4
39762,567,497,5
39763,221,215,4
39764,542,23,5
39765,452,443,5
39766,487,28,4
39767,614,9,4
39768,528,181,5
39769,181,1152,2
39770,116,349,2
39771,622,252,1
39772,506,403,4
39773,130,531,5
39774,94,1073,5
39775,416,685,3
39776,315,209,5
39777,552,1152,3
39778,425,218,3
39779,460,294,2
39780,655,523,3
39781,537,649,3
39782,374,197,5
39783,533,133,5
39784,7,620,4
39785,366,671,5
39786,655,736,3
39787,592,682,4
39788,593,724,3
39789,504,1041,3
39790,606,530,4
39791,138,117,4
39792,595,369,3
39793,555,117,4
39794,260,891,5
39795,23,19,4
39796,587,682,3
39797,251,250,3
39798,216,100,5
39799,201,127,5
39800,268,235,3
39801,504,543,4
39802,559,199,5
39803,346,91,1
39804,101,7,3
39805,47,288,2
39806,214,516,5
39807,361,707,4
39808,500,1009,4
39809,151,88,5
39810,324,293,4
39811,437,56,4
39812,42,203,4
39813,338,52,5
39814,417,940,2
39815,616,689,4
39816,650,309,3
39817,11,39,3
39818,525,252,3
39819,639,1020,4
39820,495,622,2
39821,511,948,3
39822,234,785,3
39823,59,199,4
39824,425,333,3
39825,601,588,3
39826,152,527,4
39827,618,161,4
39828,610,568,4
39829,621,1118,3
39830,593,182,2
39831,58,511,5
39832,638,554,3
39833,204,1296,5
39834,316,673,2
39835,620,682,2
39836,639,1194,5
39837,493,742,3
39838,457,739,4
39839,380,60,4
39840,576,56,3
39841,608,673,4
39842,506,1244,2
39843,655,53,2
39844,110,1247,2
39845,181,756,2
39846,280,155,5
39847,567,491,3
39848,603,429,5
39849,437,642,1
39850,497,721,3
39851,178,62,4
39852,497,19,4
39853,479,945,5
39854,535,129,5
39855,440,328,3
39856,213,56,5
39857,510,876,2
39858,587,1624,2
39859,416,73,3
39860,357,275,5
39861,536,52,3
39862,624,327,4
39863,283,204,4
39864,617,100,4
39865,1,131,1
39866,436,649,5
39867,358,639,4
39868,13,17,1
39869,387,190,5
39870,312,175,3
39871,342,756,3
39872,178,230,4
39873,405,55,1
39874,463,1033,2
39875,14,820,3
39876,279,151,4
39877,477,724,4
39878,625,166,3
39879,621,769,3
39880,535,116,3
39881,453,238,4
39882,217,222,5
39883,276,453,1
39884,417,625,4
39885,521,625,3
39886,640,732,4
39887,6,12,4
39888,429,319,3
39889,409,1194,5
39890,363,778,4
39891,99,332,3
39892,270,742,2
39893,381,344,3
39894,468,200,4
39895,655,66,2
39896,276,367,3
39897,44,631,1
39898,639,527,4
39899,201,226,3
39900,561,317,3
39901,655,281,2
39902,184,50,4
39903,608,332,4
39904,442,975,3
39905,648,69,1
39906,519,1062,5
39907,504,195,4
39908,593,125,4
39909,313,193,4
39910,615,69,4
39911,639,517,2
39912,125,412,3
39913,474,238,4
39914,234,40,2
39915,632,237,3
39916,16,204,5
39917,320,233,4
39918,536,449,4
39919,655,52,3
39920,654,558,3
39921,610,402,5
39922,41,430,5
39923,236,196,1
39924,570,326,1
39925,617,242,3
39926,360,271,2
39927,625,209,3
39928,568,988,1
39929,407,180,4
39930,588,220,5
39931,645,675,4
39932,234,606,5
39933,532,51,5
39934,533,83,2
39935,529,294,4
39936,655,224,3
39937,576,275,3
39938,551,975,5
39939,429,629,3
39940,612,322,3
39941,95,182,2
39942,655,918,2
39943,547,312,4
39944,450,77,4
39945,634,460,3
39946,616,750,5
39947,601,1079,3
39948,381,487,5
39949,593,584,3
39950,56,1057,3
39951,160,195,4
39952,650,197,4
39953,59,523,4
39954,394,402,4
39955,622,780,4
39956,130,315,4
39957,313,177,4
39958,116,748,2
39959,374,185,5
39960,151,953,5
39961,347,930,2
39962,89,275,5
39963,138,222,4
39964,643,143,4
39965,543,578,3
39966,100,1234,1
39967,308,602,4
39968,425,145,3
39969,640,239,5
39970,450,921,4
39971,327,1070,4
39972,484,230,5
39973,301,418,3
39974,590,100,5
39975,655,344,4
39976,627,740,1
39977,655,14,3
39978,527,208,4
39979,551,156,5
39980,295,97,5
39981,457,553,5
39982,502,678,3
39983,405,1468,1
39984,614,281,3
39985,596,294,4
39986,603,380,4
39987,381,1098,4
39988,503,526,3
39989,649,1,5
39990,409,481,3
39991,452,64,4
39992,60,705,4
39993,94,81,4
39994,658,276,4
39995,549,678,3
39996,316,482,3
39997,339,64,5
39998,380,100,4
39999,272,175,5
40000,435,9,4
40001,553,174,4
40002,377,682,3
40003,7,503,4
40004,535,727,4
40005,551,875,4
40006,315,203,3
40007,621,17,4
40008,566,218,4
40009,7,444,5
40010,223,257,4
40011,417,364,3
40012,533,756,4
40013,401,659,3
40014,655,935,3
40015,502,342,4
40016,351,332,5
40017,296,688,1
40018,180,196,5
40019,429,845,4
40020,207,202,3
40021,236,429,1
40022,456,196,4
40023,607,382,3
40024,533,58,4
40025,406,845,3
40026,555,302,3
40027,334,143,2
40028,181,1022,1
40029,592,306,5
40030,437,238,5
40031,445,100,2
40032,504,212,4
40033,399,542,3
40034,336,42,5
40035,648,411,2
40036,374,986,3
40037,323,288,3
40038,244,629,4
40039,448,286,2
40040,567,646,5
40041,373,472,3
40042,524,480,4
40043,554,43,3
40044,222,712,3
40045,416,651,4
40046,141,25,5
40047,450,1048,3
40048,615,199,5
40049,416,181,5
40050,614,288,2
40051,437,185,5
40052,585,971,3
40053,438,245,5
40054,585,1323,3
40055,530,60,5
40056,477,36,4
40057,371,435,3
40058,255,895,2
40059,639,210,3
40060,548,23,5
40061,85,328,3
40062,280,393,4
40063,416,676,5
40064,553,218,4
40065,399,1541,3
40066,554,14,4
40067,567,641,5
40068,307,1028,4
40069,653,257,3
40070,92,174,5
40071,141,985,4
40072,655,179,4
40073,303,824,3
40074,342,408,5
40075,656,689,2
40076,656,327,2
40077,374,566,3
40078,579,216,5
40079,621,63,1
40080,189,150,4
40081,387,558,4
40082,399,215,2
40083,10,530,4
40084,498,288,3
40085,405,433,4
40086,643,484,5
40087,616,315,4
40088,303,1023,2
40089,91,192,4
40090,620,501,4
40091,551,80,1
40092,109,111,4
40093,244,697,4
40094,63,1010,3
40095,592,215,5
40096,16,227,5
40097,92,116,3
40098,295,65,5
40099,440,750,5
40100,650,50,5
40101,592,1609,1
40102,626,682,3
40103,554,318,5
40104,606,265,4
40105,393,1539,2
40106,92,383,1
40107,533,72,2
40108,499,692,4
40109,298,168,5
40110,401,735,5
40111,503,482,5
40112,450,965,4
40113,450,26,5
40114,510,333,3
40115,121,118,2
40116,582,93,5
40117,562,477,4
40118,639,198,2
40119,621,100,5
40120,271,405,2
40121,542,210,3
40122,181,758,1
40123,561,732,3
40124,592,250,4
40125,524,781,1
40126,504,218,4
40127,653,226,3
40128,276,679,3
40129,553,1200,3
40130,479,173,5
40131,647,604,4
40132,56,226,4
40133,280,294,2
40134,245,597,4
40135,85,606,4
40136,587,259,4
40137,637,332,4
40138,612,15,4
40139,526,250,2
40140,620,240,5
40141,348,25,4
40142,13,128,1
40143,595,282,4
40144,279,169,5
40145,653,576,1
40146,300,409,4
40147,462,22,5
40148,26,313,5
40149,303,474,5
40150,201,318,5
40151,378,930,2
40152,468,1051,2
40153,450,651,5
40154,109,227,5
40155,622,132,4
40156,536,215,4
40157,247,1022,4
40158,618,168,5
40159,43,482,4
40160,505,77,3
40161,435,227,4
40162,537,735,3
40163,515,682,4
40164,29,182,4
40165,328,637,3
40166,660,82,2
40167,492,69,3
40168,521,268,5
40169,447,559,3
40170,200,193,4
40171,532,482,5
40172,642,1011,3
40173,343,68,1
40174,559,523,4
40175,201,218,4
40176,327,150,4
40177,625,169,5
40178,452,404,4
40179,566,96,3
40180,90,647,5
40181,524,684,4
40182,292,1073,5
40183,618,9,3
40184,561,8,3
40185,279,679,4
40186,618,241,4
40187,534,147,5
40188,462,300,5
40189,151,469,1
40190,241,689,3
40191,109,395,3
40192,160,922,5
40193,346,144,4
40194,504,106,3
40195,537,458,3
40196,463,107,3
40197,655,98,4
40198,164,252,4
40199,303,70,4
40200,179,288,5
40201,474,282,4
40202,610,489,4
40203,635,269,5
40204,445,1598,1
40205,504,386,3
40206,595,994,4
40207,115,240,5
40208,658,8,5
40209,582,124,4
40210,477,289,5
40211,619,332,4
40212,268,576,1
40213,392,58,4
40214,378,694,3
40215,622,722,3
40216,100,270,3
40217,125,430,4
40218,528,523,4
40219,659,66,4
40220,86,242,4
40221,447,96,5
40222,466,210,4
40223,655,726,2
40224,551,717,3
40225,495,54,5
40226,487,921,5
40227,417,433,4
40228,394,238,5
40229,655,945,2
40230,451,301,4
40231,496,173,5
40232,623,692,3
40233,152,1300,4
40234,336,1048,4
40235,339,174,4
40236,18,386,2
40237,555,357,4
40238,610,97,3
40239,354,186,4
40240,532,450,2
40241,305,179,1
40242,390,329,3
40243,69,7,5
40244,586,249,2
40245,561,229,3
40246,638,172,4
40247,585,1121,4
40248,484,562,3
40249,321,519,4
40250,436,47,4
40251,290,211,3
40252,341,1280,2
40253,363,201,2
40254,648,133,4
40255,624,242,4
40256,118,201,5
40257,276,411,4
40258,60,69,4
40259,307,588,4
40260,58,255,4
40261,543,226,4
40262,269,417,2
40263,523,476,3
40264,653,153,2
40265,488,238,1
40266,577,241,5
40267,176,237,3
40268,653,1210,2
40269,493,48,4
40270,477,778,4
40271,56,42,4
40272,330,69,5
40273,276,768,3
40274,308,665,4
40275,524,1454,3
40276,72,647,1
40277,639,962,1
40278,588,215,5
40279,437,90,3
40280,56,53,3
40281,393,144,3
40282,606,410,3
40283,629,162,5
40284,452,427,4
40285,241,270,3
40286,551,118,5
40287,495,924,3
40288,378,298,3
40289,234,480,4
40290,529,245,3
40291,239,745,5
40292,561,231,2
40293,90,234,4
40294,58,25,4
40295,7,591,3
40296,282,268,4
40297,621,383,2
40298,606,423,5
40299,146,340,4
40300,375,573,4
40301,293,77,2
40302,554,209,4
40303,655,185,4
40304,363,640,2
40305,627,724,2
40306,215,517,5
40307,559,318,5
40308,634,597,4
40309,336,785,1
40310,227,1067,4
40311,445,268,1
40312,334,79,4
40313,454,478,2
40314,226,236,3
40315,487,92,4
40316,261,245,4
40317,413,690,4
40318,643,820,3
40319,59,755,4
40320,279,1012,5
40321,634,129,4
40322,440,313,4
40323,622,432,5
40324,342,433,5
40325,640,1073,5
40326,478,1101,4
40327,638,181,5
40328,277,472,1
40329,623,483,5
40330,592,484,4
40331,648,1050,4
40332,650,521,3
40333,222,44,3
40334,336,1446,1
40335,218,642,3
40336,593,1028,3
40337,506,73,4
40338,133,902,3
40339,548,302,4
40340,604,201,3
40341,532,164,5
40342,264,116,4
40343,586,161,5
40344,551,591,5
40345,588,751,3
40346,629,269,3
40347,94,164,3
40348,385,521,3
40349,315,286,5
40350,497,183,4
40351,648,1244,3
40352,389,923,5
40353,276,193,4
40354,254,323,3
40355,420,478,3
40356,58,213,5
40357,599,237,5
40358,655,347,3
40359,188,118,3
40360,429,500,1
40361,615,707,3
40362,650,217,3
40363,239,1332,3
40364,650,7,4
40365,151,408,5
40366,104,750,5
40367,159,7,5
40368,330,205,3
40369,452,465,5
40370,506,147,3
40371,426,1451,4
40372,276,183,5
40373,577,11,2
40374,26,591,3
40375,297,752,4
40376,505,96,4
40377,538,183,4
40378,160,514,4
40379,660,392,2
40380,222,328,5
40381,629,332,4
40382,543,586,3
40383,393,771,3
40384,392,257,5
40385,226,89,5
40386,658,257,4
40387,471,422,5
40388,650,737,2
40389,654,821,3
40390,201,186,3
40391,537,53,2
40392,276,725,2
40393,648,554,4
40394,538,31,3
40395,85,582,4
40396,354,81,3
40397,614,546,1
40398,499,127,4
40399,492,286,4
40400,629,204,5
40401,363,284,2
40402,537,111,3
40403,582,181,4
40404,263,443,5
40405,585,70,5
40406,646,690,3
40407,201,273,2
40408,577,423,4
40409,381,887,3
40410,218,591,3
40411,361,79,4
40412,6,302,4
40413,437,482,5
40414,347,550,5
40415,65,179,3
40416,592,508,5
40417,551,172,2
40418,95,485,5
40419,183,230,5
40420,403,129,4
40421,480,504,4
40422,155,327,2
40423,324,259,5
40424,541,477,4
40425,221,286,4
40426,189,1402,4
40427,328,328,4
40428,334,134,5
40429,181,263,1
40430,599,111,5
40431,543,519,4
40432,642,1181,2
40433,434,819,3
40434,244,71,4
40435,324,475,5
40436,655,1158,3
40437,608,238,5
40438,566,327,3
40439,541,8,5
40440,644,243,4
40441,90,194,5
40442,523,167,4
40443,625,188,4
40444,378,180,3
40445,299,730,4
40446,119,255,3
40447,399,210,3
40448,197,307,3
40449,458,529,3
40450,52,473,4
40451,254,393,3
40452,214,298,3
40453,518,591,3
40454,490,151,1
40455,604,670,5
40456,6,309,2
40457,499,272,5
40458,30,50,3
40459,514,275,5
40460,648,797,3
40461,521,227,3
40462,133,243,3
40463,185,116,4
40464,472,56,5
40465,358,8,5
40466,262,1014,5
40467,645,1018,3
40468,593,692,3
40469,85,152,5
40470,524,494,4
40471,13,471,1
40472,643,117,3
40473,11,603,4
40474,299,1,3
40475,524,831,3
40476,577,203,3
40477,62,582,4
40478,296,111,3
40479,624,475,4
40480,532,252,4
40481,95,209,4
40482,7,384,3
40483,280,2,3
40484,452,211,2
40485,21,992,2
40486,334,42,4
40487,94,930,2
40488,234,317,2
40489,18,414,4
40490,403,864,4
40491,655,205,3
40492,474,211,5
40493,72,187,4
40494,629,463,4
40495,488,500,4
40496,7,487,3
40497,270,421,5
40498,660,167,2
40499,327,111,4
40500,54,307,4
40501,58,497,2
40502,61,333,3
40503,327,682,3
40504,592,705,5
40505,423,1238,3
40506,318,77,3
40507,397,641,5
40508,312,490,5
40509,489,327,5
40510,663,588,4
40511,605,1040,2
40512,653,436,1
40513,639,1121,2
40514,458,278,2
40515,374,1010,5
40516,524,451,3
40517,634,1199,1
40518,312,607,5
40519,1,109,5
40520,294,1134,3
40521,90,126,2
40522,145,316,5
40523,648,1072,2
40524,551,505,5
40525,562,66,1
40526,653,622,3
40527,324,1,5
40528,40,272,2
40529,601,671,4
40530,563,412,2
40531,615,127,5
40532,537,176,2
40533,328,182,2
40534,518,126,4
40535,532,501,5
40536,586,651,3
40537,565,1018,5
40538,201,233,4
40539,497,273,4
40540,415,322,4
40541,598,350,4
40542,532,292,4
40543,397,100,5
40544,498,186,4
40545,249,4,4
40546,642,1178,3
40547,588,723,2
40548,645,197,5
40549,295,740,4
40550,84,258,4
40551,169,204,3
40552,90,519,5
40553,354,286,4
40554,527,202,3
40555,18,753,4
40556,417,51,3
40557,13,299,3
40558,460,250,2
40559,484,849,3
40560,630,258,3
40561,389,416,4
40562,472,665,4
40563,653,1014,2
40564,130,578,5
40565,465,511,4
40566,472,7,5
40567,16,321,3
40568,70,429,3
40569,642,552,4
40570,648,98,4
40571,321,170,4
40572,646,304,3
40573,643,203,4
40574,191,331,4
40575,189,378,4
40576,457,191,5
40577,655,550,2
40578,82,678,1
40579,388,628,4
40580,336,15,4
40581,371,431,5
40582,421,82,4
40583,250,993,5
40584,493,455,5
40585,627,172,3
40586,541,118,4
40587,401,11,2
40588,152,66,5
40589,555,169,5
40590,486,1369,3
40591,650,399,3
40592,303,22,5
40593,339,74,4
40594,385,433,4
40595,332,756,2
40596,537,582,3
40597,271,487,4
40598,577,338,3
40599,625,213,4
40600,1,182,4
40601,655,303,4
40602,534,274,3
40603,47,874,3
40604,514,531,3
40605,493,483,5
40606,43,969,5
40607,640,720,3
40608,650,708,3
40609,660,96,3
40610,588,282,5
40611,227,129,5
40612,458,98,3
40613,267,141,4
40614,464,293,5
40615,301,163,3
40616,655,805,2
40617,13,667,1
40618,341,330,5
40619,567,306,3
40620,561,81,2
40621,606,549,4
40622,653,83,5
40623,372,176,3
40624,504,527,4
40625,655,58,3
40626,534,619,4
40627,360,172,4
40628,108,124,4
40629,363,747,5
40630,394,496,5
40631,219,936,4
40632,291,924,4
40633,650,480,5
40634,653,1140,1
40635,286,888,5
40636,617,590,1
40637,466,56,4
40638,234,845,3
40639,291,90,5
40640,623,629,3
40641,298,946,3
40642,363,550,4
40643,592,1039,4
40644,479,213,4
40645,425,24,2
40646,96,89,5
40647,498,136,3
40648,635,748,2
40649,608,337,4
40650,94,735,5
40651,514,483,4
40652,429,298,5
40653,474,697,4
40654,406,487,3
40655,487,412,1
40656,643,597,2
40657,593,83,5
40658,198,237,2
40659,311,64,5
40660,145,88,5
40661,524,1129,2
40662,293,402,2
40663,659,507,5
40664,655,162,3
40665,542,195,3
40666,505,510,3
40667,642,53,2
40668,449,936,5
40669,655,100,3
40670,472,68,5
40671,271,173,4
40672,643,928,4
40673,505,660,3
40674,373,746,4
40675,457,209,5
40676,526,343,3
40677,588,832,1
40678,527,652,4
40679,18,747,3
40680,497,24,4
40681,290,199,3
40682,373,1119,5
40683,161,640,2
40684,435,163,3
40685,489,261,2
40686,597,293,5
40687,504,660,4
40688,417,257,3
40689,458,651,3
40690,655,1651,4
40691,393,354,4
40692,535,210,5
40693,655,51,2
40694,457,568,4
40695,543,410,3
40696,442,367,2
40697,592,174,5
40698,601,186,4
40699,103,211,3
40700,416,319,5
40701,630,243,2
40702,500,996,1
40703,279,301,4
40704,39,748,5
40705,315,121,2
40706,437,265,3
40707,629,886,3
40708,370,480,4
40709,407,710,4
40710,515,323,3
40711,464,176,4
40712,419,615,5
40713,506,198,2
40714,592,919,5
40715,398,430,4
40716,326,616,5
40717,438,21,2
40718,379,131,5
40719,660,845,3
40720,385,183,3
40721,647,588,4
40722,514,988,2
40723,64,531,3
40724,605,133,5
40725,523,163,5
40726,545,1,5
40727,479,183,5
40728,646,682,3
40729,630,71,3
40730,363,709,4
40731,23,211,4
40732,94,654,5
40733,151,195,3
40734,398,2,3
40735,429,566,3
40736,373,166,5
40737,495,151,5
40738,72,471,4
40739,640,663,5
40740,659,646,4
40741,642,65,4
40742,616,272,5
40743,156,806,3
40744,593,158,3
40745,458,301,1
40746,236,750,5
40747,655,727,2
40748,592,1265,1
40749,200,483,5
40750,517,1,3
40751,194,371,3
40752,373,239,3
40753,504,223,5
40754,486,322,2
40755,224,582,4
40756,1,71,3
40757,653,157,5
40758,90,56,5
40759,500,464,4
40760,564,345,4
40761,13,492,5
40762,198,195,3
40763,457,22,5
40764,592,521,5
40765,650,751,2
40766,401,630,4
40767,10,319,3
40768,504,1444,3
40769,99,240,4
40770,618,477,2
40771,536,662,5
40772,660,510,3
40773,592,546,4
40774,524,516,4
40775,545,633,3
40776,213,455,4
40777,451,680,1
40778,49,57,4
40779,290,930,3
40780,171,305,2
40781,423,471,3
40782,291,974,1
40783,1,223,5
40784,114,615,2
40785,239,172,4
40786,493,65,4
40787,472,1090,5
40788,537,919,4
40789,401,25,4
40790,532,354,4
40791,401,1009,4
40792,141,676,5
40793,227,1143,4
40794,454,660,3
40795,450,934,3
40796,23,102,3
40797,399,660,3
40798,642,259,5
40799,525,125,3
40800,597,15,5
40801,173,687,1
40802,291,219,4
40803,591,1111,4
40804,85,23,4
40805,633,79,5
40806,268,574,2
40807,44,64,5
40808,437,946,3
40809,514,713,3
40810,585,1009,5
40811,514,70,5
40812,536,596,3
40813,560,246,5
40814,92,72,3
40815,387,193,5
40816,43,28,4
40817,11,15,5
40818,458,582,1
40819,493,12,3
40820,312,640,2
40821,461,285,4
40822,345,66,3
40823,548,654,5
40824,655,744,2
40825,18,549,4
40826,588,97,2
40827,586,496,3
40828,608,4,3
40829,538,381,3
40830,450,1444,4
40831,236,181,4
40832,250,116,4
40833,572,476,4
40834,267,209,5
40835,569,458,2
40836,453,1230,2
40837,582,7,5
40838,293,531,4
40839,119,340,4
40840,294,148,3
40841,664,179,4
40842,311,796,3
40843,645,175,5
40844,568,435,2
40845,542,127,5
40846,472,485,3
40847,606,455,2
40848,522,430,5
40849,526,748,1
40850,373,627,4
40851,536,135,5
40852,174,546,3
40853,457,1168,5
40854,406,451,2
40855,518,864,3
40856,406,5,4
40857,215,28,4
40858,633,234,4
40859,531,327,3
40860,495,452,2
40861,618,173,3
40862,537,573,2
40863,43,301,5
40864,399,399,3
40865,72,380,1
40866,72,685,4
40867,95,67,2
40868,561,642,3
40869,99,1079,3
40870,645,512,5
40871,363,1012,4
40872,627,685,3
40873,236,934,4
40874,23,131,4
40875,405,842,5
40876,541,651,5
40877,394,164,4
40878,664,89,5
40879,222,934,2
40880,523,194,5
40881,537,44,3
40882,540,323,3
40883,158,583,3
40884,343,4,5
40885,389,65,4
40886,663,181,4
40887,267,679,4
40888,625,546,2
40889,653,211,1
40890,21,438,1
40891,106,495,4
40892,387,92,4
40893,488,185,4
40894,347,290,3
40895,537,873,2
40896,551,1169,4
40897,649,1016,4
40898,231,597,3
40899,3,352,2
40900,592,1047,1
40901,213,756,2
40902,429,1048,2
40903,293,1041,2
40904,538,710,3
40905,645,523,5
40906,409,286,5
40907,85,732,3
40908,591,580,2
40909,244,1109,4
40910,429,96,4
40911,399,575,1
40912,536,1039,5
40913,528,615,4
40914,457,50,5
40915,577,58,4
40916,495,447,4
40917,622,1303,2
40918,577,545,3
40919,18,434,3
40920,659,601,3
40921,235,483,5
40922,490,150,5
40923,401,161,2
40924,13,638,3
40925,507,898,5
40926,501,1007,4
40927,601,71,1
40928,618,762,3
40929,142,186,4
40930,109,542,3
40931,638,144,5
40932,457,223,5
40933,313,215,4
40934,577,866,5
40935,330,100,4
40936,655,1097,3
40937,524,436,4
40938,538,735,3
40939,374,248,1
40940,207,196,4
40941,476,386,2
40942,523,934,4
40943,254,82,4
40944,639,1163,1
40945,525,250,3
40946,368,183,5
40947,656,245,1
40948,90,154,5
40949,469,215,4
40950,517,222,4
40951,62,380,5
40952,545,413,4
40953,472,21,3
40954,479,295,1
40955,161,204,2
40956,589,294,5
40957,492,212,3
40958,297,419,3
40959,643,443,4
40960,61,271,1
40961,655,509,3
40962,650,665,2
40963,49,358,1
40964,663,1047,4
40965,419,604,5
40966,345,762,5
40967,401,515,4
40968,90,387,5
40969,629,880,4
40970,16,583,4
40971,657,690,4
40972,629,195,4
40973,312,596,5
40974,642,1079,5
40975,157,597,3
40976,615,527,4
40977,328,204,3
40978,201,258,2
40979,629,207,4
40980,405,1091,1
40981,324,328,4
40982,405,83,1
40983,280,496,5
40984,409,523,4
40985,655,959,3
40986,276,82,4
40987,430,328,4
40988,524,301,4
40989,659,607,5
40990,463,477,2
40991,496,164,3
40992,116,11,5
40993,51,210,4
40994,477,553,5
40995,353,905,4
40996,655,685,2
40997,665,762,4
40998,506,261,3
40999,665,287,4
41000,311,660,4
41001,387,206,4
41002,49,324,4
41003,554,692,4
41004,334,865,2
41005,605,827,3
41006,343,50,5
41007,387,1018,3
41008,663,245,4
41009,450,71,3
41010,56,655,4
41011,303,251,4
41012,450,98,4
41013,320,204,5
41014,552,50,4
41015,529,326,4
41016,399,204,3
41017,13,895,1
41018,593,77,4
41019,595,930,2
41020,551,421,4
41021,416,137,3
41022,291,411,4
41023,268,622,3
41024,207,435,4
41025,493,171,5
41026,664,73,2
41027,275,432,4
41028,425,117,3
41029,181,300,3
41030,253,153,3
41031,593,451,3
41032,579,603,5
41033,97,434,4
41034,397,1001,1
41035,582,760,3
41036,77,31,3
41037,468,144,5
41038,618,959,4
41039,633,410,2
41040,445,55,1
41041,497,222,3
41042,303,85,3
41043,295,357,4
41044,637,1374,1
41045,514,680,1
41046,588,272,5
41047,435,845,3
41048,291,1012,4
41049,174,246,5
41050,500,45,4
41051,588,110,3
41052,104,591,4
41053,500,531,3
41054,506,55,4
41055,429,114,5
41056,598,313,5
41057,489,243,4
41058,102,612,4
41059,139,100,5
41060,237,134,5
41061,382,122,3
41062,514,470,3
41063,276,1098,4
41064,594,126,3
41065,158,576,4
41066,201,682,3
41067,125,172,5
41068,167,530,5
41069,643,712,3
41070,540,310,4
41071,332,845,3
41072,291,282,4
41073,297,529,3
41074,648,252,4
41075,241,310,4
41076,653,310,4
41077,614,1009,3
41078,255,56,5
41079,387,196,2
41080,518,1011,4
41081,429,233,3
41082,474,215,5
41083,89,235,5
41084,379,137,5
41085,555,120,4
41086,379,436,3
41087,623,88,4
41088,201,469,4
41089,514,65,3
41090,170,304,4
41091,308,614,3
41092,398,194,5
41093,116,479,4
41094,524,77,3
41095,429,631,4
41096,373,568,4
41097,550,125,4
41098,239,45,5
41099,567,156,5
41100,440,1105,5
41101,620,99,3
41102,345,639,4
41103,469,611,5
41104,317,354,4
41105,640,566,4
41106,466,96,5
41107,95,65,4
41108,437,1036,5
41109,484,431,4
41110,486,1375,3
41111,409,708,4
41112,425,689,2
41113,363,22,3
41114,201,303,2
41115,653,732,2
41116,573,185,3
41117,344,367,5
41118,584,172,4
41119,574,302,4
41120,13,657,4
41121,493,22,5
41122,12,161,5
41123,493,238,3
41124,443,687,3
41125,11,430,3
41126,500,475,5
41127,197,403,3
41128,608,961,4
41129,326,173,5
41130,642,240,3
41131,657,300,2
41132,541,432,4
41133,648,203,1
41134,660,252,2
41135,591,514,4
41136,177,322,2
41137,65,423,5
41138,500,135,5
41139,122,469,5
41140,343,176,5
41141,264,100,5
41142,299,792,4
41143,639,51,2
41144,363,691,3
41145,326,229,3
41146,295,561,5
41147,5,396,5
41148,532,305,3
41149,493,209,5
41150,410,316,4
41151,600,50,4
41152,467,117,2
41153,615,988,1
41154,334,856,4
41155,592,313,5
41156,621,881,2
41157,201,1128,4
41158,194,432,4
41159,393,291,4
41160,375,233,4
41161,541,62,4
41162,295,265,4
41163,454,435,2
41164,452,521,3
41165,59,184,4
41166,536,97,3
41167,619,226,5
41168,618,1468,3
41169,603,923,4
41170,561,285,4
41171,72,56,5
41172,457,59,5
41173,660,926,2
41174,96,127,5
41175,176,298,4
41176,342,846,2
41177,653,527,2
41178,118,175,5
41179,373,679,2
41180,541,121,3
41181,10,273,4
41182,331,1296,5
41183,197,241,3
41184,468,1012,4
41185,387,258,4
41186,148,132,4
41187,665,527,3
41188,458,289,2
41189,551,402,4
41190,542,150,2
41191,650,429,4
41192,352,156,4
41193,595,926,1
41194,40,310,3
41195,175,133,4
41196,425,823,3
41197,503,840,1
41198,655,1370,3
41199,378,1145,3
41200,622,15,4
41201,13,179,2
41202,457,819,2
41203,407,201,4
41204,58,651,4
41205,492,291,4
41206,234,28,4
41207,601,133,4
41208,639,212,4
41209,416,369,2
41210,452,490,4
41211,650,1119,3
41212,358,512,5
41213,532,9,5
41214,546,347,5
41215,577,1209,4
41216,666,56,4
41217,490,7,3
41218,655,476,2
41219,121,644,4
41220,60,230,4
41221,239,165,5
41222,592,342,2
41223,37,841,3
41224,577,4,4
41225,58,135,4
41226,501,118,3
41227,56,395,3
41228,646,346,2
41229,159,1023,2
41230,605,237,3
41231,501,410,4
41232,59,479,5
41233,555,288,3
41234,608,301,1
41235,498,210,2
41236,131,269,5
41237,450,233,3
41238,644,121,5
41239,666,173,4
41240,515,258,4
41241,593,9,3
41242,642,623,4
41243,56,265,4
41244,648,33,1
41245,374,423,3
41246,392,209,5
41247,653,180,5
41248,380,265,3
41249,405,561,1
41250,409,1073,4
41251,609,314,1
41252,405,48,1
41253,234,197,5
41254,561,1230,3
41255,405,694,1
41256,405,1072,1
41257,660,184,3
41258,73,748,2
41259,498,56,3
41260,585,1344,3
41261,605,9,4
41262,429,742,4
41263,69,879,1
41264,244,949,4
41265,548,121,5
41266,55,79,5
41267,486,93,4
41268,666,1047,3
41269,552,117,3
41270,569,121,3
41271,655,273,4
41272,632,172,5
41273,357,304,5
41274,305,770,3
41275,592,253,1
41276,606,31,4
41277,524,435,4
41278,661,183,4
41279,389,661,4
41280,479,274,4
41281,195,1414,2
41282,70,173,4
41283,286,483,5
41284,401,174,4
41285,650,445,4
41286,379,238,5
41287,605,98,5
41288,534,823,4
41289,617,436,3
41290,125,122,1
41291,579,238,3
41292,566,461,4
41293,269,1444,1
41294,645,658,4
41295,405,1037,3
41296,655,1232,3
41297,524,44,4
41298,313,195,5
41299,655,1605,3
41300,455,275,4
41301,661,132,5
41302,648,178,4
41303,65,215,5
41304,484,168,4
41305,477,732,4
41306,587,326,3
41307,411,1197,4
41308,398,117,4
41309,280,402,4
41310,442,288,4
41311,498,222,3
41312,460,248,4
41313,388,508,3
41314,663,411,3
41315,622,165,5
41316,263,50,5
41317,205,322,3
41318,638,514,2
41319,301,797,4
41320,582,237,3
41321,387,321,3
41322,595,591,4
41323,158,238,5
41324,525,596,4
41325,116,1255,2
41326,653,181,4
41327,450,141,3
41328,663,658,4
41329,538,11,4
41330,662,515,4
41331,322,303,3
41332,487,471,3
41333,398,496,5
41334,248,22,2
41335,202,516,4
41336,650,95,3
41337,591,367,3
41338,135,1217,2
41339,70,28,4
41340,488,429,4
41341,82,412,1
41342,151,216,4
41343,567,133,4
41344,450,956,4
41345,246,431,3
41346,405,944,3
41347,627,399,3
41348,344,203,4
41349,664,433,3
41350,624,347,4
41351,222,1060,2
41352,276,759,1
41353,181,236,1
41354,279,210,4
41355,293,393,3
41356,601,476,1
41357,551,38,1
41358,639,971,4
41359,282,333,3
41360,524,845,5
41361,648,675,2
41362,353,331,4
41363,557,892,3
41364,363,408,5
41365,405,204,5
41366,486,236,3
41367,152,21,3
41368,457,623,3
41369,389,732,4
41370,545,181,5
41371,99,1132,4
41372,109,15,4
41373,634,275,3
41374,263,588,3
41375,454,431,3
41376,624,815,3
41377,574,1313,4
41378,463,147,3
41379,537,485,3
41380,661,131,3
41381,406,8,4
41382,655,508,3
41383,126,337,5
41384,240,353,1
41385,279,1486,1
41386,606,660,5
41387,536,496,5
41388,526,293,5
41389,560,134,5
41390,601,949,2
41391,90,10,5
41392,637,111,3
41393,91,143,4
41394,338,1124,4
41395,587,887,2
41396,621,755,3
41397,537,644,5
41398,614,410,3
41399,13,636,2
41400,331,269,5
41401,532,510,5
41402,355,324,4
41403,207,160,2
41404,75,56,5
41405,299,28,4
41406,659,272,4
41407,201,511,3
41408,634,1048,3
41409,130,934,4
41410,630,412,1
41411,405,201,1
41412,514,792,4
41413,496,1459,4
41414,586,156,4
41415,527,96,4
41416,374,222,4
41417,287,108,4
41418,405,1438,1
41419,248,283,1
41420,606,483,5
41421,483,1152,4
41422,262,402,4
41423,660,473,2
41424,224,676,3
41425,610,143,5
41426,85,230,3
41427,339,156,5
41428,454,414,2
41429,458,121,1
41430,602,871,3
41431,425,180,4
41432,242,1011,3
41433,283,433,4
41434,416,44,4
41435,608,506,4
41436,535,205,3
41437,579,303,3
41438,373,281,3
41439,542,501,4
41440,493,196,4
41441,210,315,5
41442,600,233,2
41443,396,546,4
41444,82,1,4
41445,660,97,3
41446,343,1140,3
41447,660,362,2
41448,11,662,3
41449,505,164,4
41450,6,71,4
41451,234,498,5
41452,378,245,3
41453,365,285,4
41454,644,326,5
41455,587,288,4
41456,648,507,1
41457,133,245,3
41458,660,1181,1
41459,667,234,2
41460,666,122,2
41461,7,631,4
41462,392,310,4
41463,58,151,3
41464,642,22,4
41465,26,111,3
41466,458,179,4
41467,334,736,3
41468,530,191,5
41469,536,169,5
41470,45,288,3
41471,655,533,2
41472,634,471,4
41473,524,380,2
41474,298,604,5
41475,565,70,5
41476,614,476,3
41477,388,773,3
41478,553,484,5
41479,540,596,4
41480,658,1,4
41481,667,285,5
41482,577,25,4
41483,9,371,5
41484,207,233,3
41485,37,96,4
41486,527,429,5
41487,427,990,5
41488,52,741,4
41489,346,520,5
41490,334,712,3
41491,268,1303,1
41492,74,690,4
41493,579,428,4
41494,624,258,4
41495,207,286,2
41496,640,952,4
41497,104,270,4
41498,486,273,3
41499,497,118,4
41500,479,588,1
41501,545,196,4
41502,178,1038,2
41503,99,975,3
41504,549,1047,3
41505,439,240,3
41506,191,340,4
41507,601,472,1
41508,459,472,5
41509,466,995,5
41510,159,326,3
41511,619,1314,3
41512,303,82,4
41513,518,300,3
41514,477,282,4
41515,592,631,3
41516,394,250,4
41517,641,59,4
41518,664,229,3
41519,60,482,4
41520,378,977,3
41521,650,243,2
41522,110,43,3
41523,459,174,4
41524,234,636,3
41525,592,283,4
41526,599,595,5
41527,666,223,3
41528,627,215,1
41529,62,463,4
41530,214,93,4
41531,561,172,2
41532,385,320,3
41533,487,17,3
41534,13,86,1
41535,639,70,3
41536,290,720,3
41537,466,294,3
41538,655,27,3
41539,196,1241,3
41540,527,467,3
41541,375,603,4
41542,200,118,4
41543,393,775,4
41544,521,229,2
41545,286,739,3
41546,286,137,4
41547,290,650,2
41548,109,508,4
41549,411,4,4
41550,380,462,4
41551,514,178,4
41552,661,480,5
41553,267,143,4
41554,254,465,3
41555,144,478,4
41556,615,194,5
41557,629,117,5
41558,659,569,2
41559,618,433,2
41560,224,356,4
41561,202,191,2
41562,655,517,4
41563,654,546,4
41564,399,549,4
41565,642,294,5
41566,393,755,3
41567,22,201,4
41568,474,971,4
41569,246,411,3
41570,193,69,5
41571,349,125,4
41572,542,47,5
41573,343,473,3
41574,450,491,3
41575,645,200,5
41576,667,223,5
41577,328,260,2
41578,474,12,5
41579,500,476,2
41580,158,367,4
41581,573,162,4
41582,429,804,3
41583,557,299,4
41584,458,183,4
41585,260,1243,5
41586,484,655,5
41587,194,209,3
41588,491,7,3
41589,535,527,3
41590,385,207,4
41591,413,471,4
41592,668,345,2
41593,664,187,5
41594,566,127,5
41595,621,417,3
41596,654,222,5
41597,86,338,1
41598,637,985,2
41599,561,179,4
41600,500,514,5
41601,90,141,5
41602,23,55,4
41603,398,432,3
41604,495,228,5
41605,661,97,4
41606,329,11,3
41607,664,659,5
41608,556,603,5
41609,655,628,3
41610,650,66,3
41611,590,1129,3
41612,404,310,4
41613,497,1303,2
41614,416,471,5
41615,368,98,3
41616,370,603,5
41617,385,430,5
41618,33,323,4
41619,490,473,2
41620,495,64,5
41621,353,346,4
41622,673,294,4
41623,90,134,5
41624,474,252,4
41625,55,22,5
41626,363,660,4
41627,514,228,5
41628,293,186,2
41629,450,185,5
41630,500,568,1
41631,363,195,4
41632,409,343,3
41633,620,288,4
41634,655,283,3
41635,435,214,4
41636,567,648,4
41637,416,239,5
41638,425,310,3
41639,264,156,2
41640,454,255,4
41641,343,657,5
41642,650,204,4
41643,472,768,5
41644,450,448,4
41645,579,269,3
41646,200,132,5
41647,250,222,4
41648,648,497,4
41649,450,169,5
41650,360,654,5
41651,417,582,3
41652,620,683,3
41653,643,87,5
41654,496,172,5
41655,459,7,5
41656,184,40,4
41657,653,87,4
41658,384,329,3
41659,609,304,5
41660,154,197,5
41661,256,1424,3
41662,643,794,3
41663,595,1259,3
41664,136,124,5
41665,519,1591,5
41666,271,347,3
41667,648,748,3
41668,567,60,5
41669,184,664,3
41670,666,1170,4
41671,662,291,2
41672,667,301,1
41673,90,610,5
41674,308,739,4
41675,655,36,2
41676,222,181,4
41677,399,454,3
41678,567,135,3
41679,654,66,4
41680,457,11,4
41681,664,118,3
41682,18,197,4
41683,493,271,1
41684,447,367,3
41685,453,1016,4
41686,459,1190,4
41687,631,289,4
41688,256,283,3
41689,11,646,3
41690,574,910,1
41691,671,947,3
41692,537,23,4
41693,405,553,1
41694,380,419,3
41695,619,288,3
41696,648,191,5
41697,116,1142,4
41698,569,125,3
41699,347,595,2
41700,62,128,2
41701,110,566,4
41702,250,95,5
41703,553,435,4
41704,662,50,3
41705,85,513,4
41706,500,25,3
41707,313,735,3
41708,605,318,5
41709,535,170,4
41710,270,324,2
41711,70,404,4
41712,669,505,3
41713,503,125,3
41714,484,313,5
41715,648,107,4
41716,201,269,3
41717,78,288,4
41718,409,285,4
41719,343,236,5
41720,171,346,4
41721,593,117,4
41722,479,356,3
41723,406,638,4
41724,379,188,4
41725,645,81,4
41726,537,268,4
41727,286,1502,2
41728,632,79,5
41729,548,14,1
41730,332,122,5
41731,661,118,4
41732,655,505,3
41733,537,427,4
41734,648,564,1
41735,405,1030,1
41736,582,1215,4
41737,99,173,4
41738,668,231,2
41739,217,181,1
41740,526,1084,5
41741,503,387,4
41742,99,210,5
41743,204,301,4
41744,537,170,3
41745,663,956,4
41746,429,53,1
41747,632,97,4
41748,624,285,5
41749,457,27,4
41750,618,597,4
41751,543,936,4
41752,401,507,4
41753,676,265,5
41754,533,12,4
41755,585,1485,3
41756,643,152,4
41757,407,479,4
41758,450,1441,3
41759,125,401,4
41760,217,472,3
41761,186,1083,1
41762,299,478,4
41763,653,1228,2
41764,510,258,4
41765,472,548,1
41766,643,216,4
41767,363,1009,2
41768,647,631,4
41769,268,1073,4
41770,663,7,4
41771,640,474,4
41772,62,723,2
41773,42,135,4
41774,641,514,4
41775,562,89,1
41776,660,462,2
41777,521,829,2
41778,648,685,5
41779,416,717,2
41780,659,602,4
41781,624,108,3
41782,586,239,3
41783,363,1157,2
41784,654,69,4
41785,485,319,3
41786,339,488,5
41787,648,118,4
41788,445,203,3
41789,291,1220,5
41790,328,118,3
41791,632,68,1
41792,419,100,5
41793,595,255,3
41794,499,182,2
41795,239,46,4
41796,487,273,5
41797,416,1054,3
41798,239,419,3
41799,663,117,4
41800,145,1023,1
41801,658,137,3
41802,455,471,4
41803,600,586,2
41804,425,171,3
41805,521,151,3
41806,599,815,3
41807,267,774,3
41808,429,123,4
41809,674,127,5
41810,450,1153,5
41811,450,328,4
41812,233,735,5
41813,509,302,5
41814,601,191,4
41815,666,203,4
41816,296,304,3
41817,44,67,3
41818,59,97,5
41819,494,222,5
41820,393,841,3
41821,561,100,4
41822,595,762,4
41823,77,252,1
41824,593,807,4
41825,380,708,3
41826,393,24,3
41827,514,73,4
41828,176,117,4
41829,233,100,4
41830,548,443,4
41831,374,322,4
41832,504,162,4
41833,479,283,4
41834,303,1092,1
41835,18,482,5
41836,637,471,2
41837,222,693,4
41838,457,181,4
41839,574,345,2
41840,551,476,5
41841,90,447,5
41842,1,46,4
41843,454,939,2
41844,629,317,4
41845,559,216,5
41846,450,421,4
41847,296,289,3
41848,94,944,1
41849,460,1,2
41850,397,192,5
41851,557,288,1
41852,200,385,5
41853,7,417,3
41854,595,237,3
41855,271,477,3
41856,589,538,5
41857,389,471,4
41858,393,628,4
41859,130,67,4
41860,606,144,4
41861,570,288,2
41862,393,477,3
41863,327,87,3
41864,470,458,4
41865,468,178,5
41866,535,604,4
41867,592,963,5
41868,314,106,2
41869,551,230,5
41870,90,64,4
41871,303,402,4
41872,606,28,4
41873,537,848,3
41874,203,258,3
41875,634,341,2
41876,653,502,2
41877,655,707,3
41878,44,163,4
41879,495,98,5
41880,279,591,2
41881,637,515,4
41882,409,1360,2
41883,313,744,3
41884,212,246,5
41885,503,297,5
41886,629,197,5
41887,269,661,4
41888,448,344,4
41889,416,31,5
41890,425,573,3
41891,592,339,3
41892,200,748,3
41893,380,258,4
41894,178,476,3
41895,592,11,5
41896,551,431,4
41897,344,1082,2
41898,417,559,4
41899,360,531,4
41900,585,1193,5
41901,270,213,5
41902,323,876,2
41903,464,603,5
41904,471,50,3
41905,305,282,3
41906,109,17,4
41907,221,1217,4
41908,183,380,4
41909,194,294,4
41910,3,271,3
41911,666,182,4
41912,501,7,4
41913,372,637,4
41914,524,504,5
41915,495,684,5
41916,583,276,4
41917,293,273,4
41918,615,22,4
41919,458,704,2
41920,332,450,5
41921,405,558,1
41922,405,1394,1
41923,504,141,3
41924,430,181,4
41925,188,566,5
41926,606,1518,4
41927,589,892,4
41928,59,106,4
41929,116,221,4
41930,115,124,5
41931,268,173,4
41932,666,638,3
41933,592,216,4
41934,316,515,4
41935,81,25,5
41936,472,254,4
41937,587,749,2
41938,350,183,3
41939,65,73,4
41940,397,199,5
41941,349,118,2
41942,53,257,4
41943,650,182,3
41944,308,962,4
41945,622,1,3
41946,519,330,5
41947,553,423,3
41948,271,603,4
41949,638,515,4
41950,628,938,5
41951,387,318,3
41952,552,412,2
41953,535,483,5
41954,506,66,4
41955,546,222,4
41956,488,98,4
41957,437,176,2
41958,531,288,1
41959,457,83,5
41960,601,287,1
41961,91,204,4
41962,447,27,3
41963,399,161,3
41964,162,403,3
41965,144,124,4
41966,630,250,1
41967,45,597,3
41968,664,478,5
41969,620,354,5
41970,18,411,3
41971,435,1215,3
41972,608,215,3
41973,70,264,4
41974,451,333,5
41975,655,280,2
41976,350,179,5
41977,453,975,2
41978,269,1073,3
41979,620,795,4
41980,297,582,4
41981,638,230,5
41982,576,514,5
41983,332,172,5
41984,630,191,3
41985,399,444,1
41986,650,140,2
41987,647,117,3
41988,488,265,4
41989,395,15,3
41990,69,298,4
41991,268,95,4
41992,627,182,4
41993,652,323,3
41994,437,603,5
41995,660,797,2
41996,642,826,5
41997,437,955,4
41998,436,313,5
41999,504,310,4
42000,537,265,3
42001,650,485,3
42002,153,325,2
42003,474,1113,3
42004,194,521,4
42005,514,28,5
42006,95,1228,3
42007,642,996,2
42008,393,118,4
42009,432,3,3
42010,284,754,3
42011,436,26,3
42012,328,685,4
42013,542,410,4
42014,526,282,3
42015,328,65,4
42016,460,127,4
42017,85,782,2
42018,660,546,2
42019,551,693,5
42020,504,208,4
42021,52,318,5
42022,577,560,3
42023,60,434,5
42024,603,183,4
42025,660,17,1
42026,405,516,1
42027,275,121,3
42028,645,434,4
42029,646,683,3
42030,301,210,4
42031,405,849,1
42032,625,265,3
42033,621,944,5
42034,46,100,4
42035,23,8,4
42036,660,63,2
42037,450,182,5
42038,113,255,5
42039,557,150,3
42040,666,183,5
42041,331,1017,2
42042,234,215,3
42043,622,1552,2
42044,234,166,5
42045,417,849,1
42046,677,286,1
42047,334,433,5
42048,271,177,3
42049,334,1426,4
42050,425,550,4
42051,593,815,3
42052,132,1154,3
42053,637,410,2
42054,293,234,5
42055,650,498,4
42056,59,503,4
42057,429,658,3
42058,268,56,4
42059,154,324,2
42060,106,739,3
42061,391,237,4
42062,321,32,3
42063,189,663,3
42064,99,105,2
42065,416,187,5
42066,455,475,4
42067,392,482,5
42068,477,1041,5
42069,457,197,5
42070,373,1066,4
42071,450,163,4
42072,435,117,3
42073,600,11,5
42074,619,651,5
42075,252,286,5
42076,643,282,3
42077,668,307,4
42078,435,358,4
42079,303,583,1
42080,457,77,4
42081,650,202,3
42082,219,4,4
42083,600,651,4
42084,484,679,2
42085,291,933,4
42086,608,199,1
42087,537,181,2
42088,190,121,3
42089,535,921,4
42090,422,287,3
42091,450,83,4
42092,500,250,4
42093,614,255,5
42094,15,925,2
42095,606,1039,4
42096,601,157,3
42097,496,1614,3
42098,638,89,4
42099,541,235,1
42100,524,1166,5
42101,577,1271,3
42102,387,625,2
42103,637,833,1
42104,597,225,4
42105,417,1011,3
42106,617,647,3
42107,682,924,5
42108,328,77,4
42109,628,874,5
42110,609,908,1
42111,521,475,3
42112,655,950,3
42113,623,234,4
42114,435,394,4
42115,606,214,4
42116,474,69,5
42117,358,1524,5
42118,592,100,5
42119,567,170,3
42120,291,423,4
42121,606,432,5
42122,200,91,4
42123,234,489,3
42124,593,220,3
42125,535,173,5
42126,234,504,4
42127,21,185,5
42128,613,471,3
42129,665,343,3
42130,204,146,3
42131,456,211,4
42132,245,894,1
42133,618,190,4
42134,235,195,4
42135,148,474,5
42136,607,180,4
42137,293,1286,4
42138,92,684,3
42139,292,665,3
42140,472,834,3
42141,622,568,4
42142,587,325,5
42143,158,231,2
42144,70,501,4
42145,405,774,1
42146,663,11,5
42147,343,193,4
42148,545,17,3
42149,432,117,4
42150,379,357,5
42151,332,121,5
42152,286,569,4
42153,276,735,4
42154,379,219,3
42155,650,435,4
42156,577,99,3
42157,354,248,4
42158,586,155,3
42159,414,302,5
42160,405,97,2
42161,659,258,4
42162,606,928,4
42163,422,260,3
42164,614,279,3
42165,478,238,3
42166,548,333,4
42167,602,50,5
42168,102,596,2
42169,549,515,5
42170,194,276,3
42171,500,274,3
42172,363,50,5
42173,38,452,5
42174,336,710,4
42175,406,504,4
42176,622,542,2
42177,92,274,4
42178,608,568,5
42179,58,249,4
42180,666,4,5
42181,249,96,4
42182,655,611,3
42183,423,340,4
42184,667,435,3
42185,653,1620,2
42186,407,183,4
42187,479,479,4
42188,503,210,5
42189,591,94,3
42190,496,1139,2
42191,606,709,5
42192,496,825,3
42193,380,1039,3
42194,664,1090,1
42195,618,132,4
42196,543,471,3
42197,527,93,4
42198,654,278,3
42199,94,501,4
42200,437,28,3
42201,246,1089,1
42202,506,539,4
42203,181,412,2
42204,344,96,4
42205,385,235,5
42206,81,596,3
42207,13,736,4
42208,268,802,3
42209,664,7,3
42210,106,14,4
42211,629,11,2
42212,393,1181,3
42213,655,210,3
42214,207,521,4
42215,474,1421,4
42216,535,133,5
42217,357,685,3
42218,43,174,4
42219,457,402,4
42220,659,96,4
42221,585,923,5
42222,543,44,3
42223,130,398,3
42224,587,892,3
42225,291,393,3
42226,230,223,5
42227,467,742,2
42228,533,685,4
42229,577,44,3
42230,469,64,5
42231,13,865,5
42232,151,265,5
42233,519,266,5
42234,393,105,3
42235,579,173,5
42236,405,853,1
42237,640,195,4
42238,334,155,2
42239,135,321,4
42240,587,342,1
42241,453,364,3
42242,246,748,1
42243,125,393,4
42244,97,603,4
42245,629,991,1
42246,663,603,4
42247,515,750,2
42248,430,462,3
42249,504,69,4
42250,67,1052,3
42251,660,313,4
42252,342,412,3
42253,655,576,2
42254,650,127,2
42255,303,150,5
42256,59,474,5
42257,639,692,3
42258,606,132,5
42259,544,749,4
42260,381,303,3
42261,551,979,4
42262,468,157,4
42263,447,1048,2
42264,293,129,3
42265,552,411,3
42266,437,180,4
42267,479,328,4
42268,296,186,3
42269,486,255,3
42270,592,331,3
42271,577,87,5
42272,417,399,3
42273,345,125,3
42274,459,969,3
42275,59,672,5
42276,43,12,5
42277,650,674,4
42278,502,680,3
42279,287,476,1
42280,28,322,2
42281,542,70,4
42282,85,419,5
42283,334,494,4
42284,13,656,5
42285,533,186,3
42286,513,405,3
42287,551,3,5
42288,655,1319,3
42289,417,63,3
42290,682,735,4
42291,660,432,4
42292,411,73,4
42293,503,216,5
42294,624,924,4
42295,669,537,3
42296,649,275,2
42297,608,658,3
42298,666,492,4
42299,616,299,3
42300,429,1,3
42301,621,41,4
42302,610,294,1
42303,614,122,3
42304,637,544,3
42305,457,540,3
42306,669,462,5
42307,627,586,3
42308,653,409,2
42309,497,248,4
42310,86,269,4
42311,178,124,4
42312,574,289,4
42313,599,535,4
42314,13,411,2
42315,479,188,2
42316,18,427,5
42317,403,477,4
42318,682,623,3
42319,144,405,4
42320,624,534,3
42321,288,173,3
42322,435,1225,3
42323,184,165,4
42324,319,332,4
42325,569,276,4
42326,407,255,4
42327,73,1,2
42328,514,19,4
42329,561,520,4
42330,267,186,5
42331,411,58,3
42332,494,479,3
42333,303,23,5
42334,474,699,4
42335,605,483,5
42336,664,732,3
42337,295,497,5
42338,472,343,5
42339,610,427,5
42340,633,183,4
42341,405,23,5
42342,546,349,4
42343,463,952,1
42344,374,619,3
42345,537,65,3
42346,116,355,2
42347,90,654,5
42348,528,178,4
42349,478,340,5
42350,145,284,4
42351,305,1485,3
42352,56,153,4
42353,642,80,5
42354,551,455,1
42355,153,181,1
42356,350,195,5
42357,287,710,4
42358,407,449,2
42359,298,153,3
42360,194,1091,3
42361,640,578,3
42362,588,172,5
42363,265,117,5
42364,577,651,5
42365,442,240,2
42366,625,248,4
42367,407,657,4
42368,655,252,2
42369,528,484,3
42370,308,321,3
42371,664,514,5
42372,165,260,3
42373,627,458,3
42374,659,419,5
42375,496,158,2
42376,537,317,3
42377,49,501,3
42378,653,1012,4
42379,537,525,3
42380,620,895,3
42381,548,1025,4
42382,313,503,5
42383,184,235,2
42384,196,1007,4
42385,537,512,3
42386,277,471,3
42387,422,452,3
42388,391,772,2
42389,617,185,5
42390,59,313,5
42391,332,77,4
42392,640,357,5
42393,618,71,4
42394,489,875,2
42395,552,291,2
42396,457,304,4
42397,566,483,4
42398,661,527,4
42399,232,170,5
42400,486,277,3
42401,682,215,4
42402,189,214,1
42403,641,83,4
42404,537,959,3
42405,664,466,4
42406,110,385,3
42407,23,479,5
42408,621,393,3
42409,314,151,4
42410,303,72,3
42411,378,715,4
42412,70,225,3
42413,466,326,3
42414,49,1079,1
42415,587,938,2
42416,682,265,3
42417,506,380,4
42418,655,1208,3
42419,13,568,3
42420,109,186,3
42421,326,180,1
42422,648,429,4
42423,682,325,4
42424,605,462,5
42425,587,902,2
42426,83,298,4
42427,436,785,2
42428,373,431,5
42429,591,238,5
42430,92,227,1
42431,522,179,5
42432,311,192,3
42433,541,50,5
42434,656,750,2
42435,144,55,4
42436,82,539,3
42437,188,294,2
42438,474,70,4
42439,588,318,4
42440,174,401,1
42441,442,449,2
42442,278,923,5
42443,666,206,4
42444,295,382,5
42445,495,1046,5
42446,476,83,3
42447,376,321,3
42448,188,742,5
42449,234,923,4
42450,199,323,3
42451,564,312,3
42452,595,678,1
42453,346,739,3
42454,385,428,3
42455,380,744,3
42456,1,169,5
42457,591,86,5
42458,514,214,5
42459,303,501,4
42460,159,364,1
42461,661,313,4
42462,627,732,3
42463,679,520,4
42464,291,456,3
42465,299,81,4
42466,298,484,4
42467,303,597,1
42468,97,195,5
42469,521,746,4
42470,655,1007,3
42471,308,153,5
42472,10,693,4
42473,311,1050,3
42474,474,60,3
42475,297,746,3
42476,346,55,5
42477,405,1570,1
42478,481,50,4
42479,373,169,5
42480,127,901,5
42481,212,645,3
42482,234,277,3
42483,351,310,5
42484,489,326,4
42485,290,174,5
42486,125,186,3
42487,342,378,4
42488,344,127,5
42489,608,98,5
42490,487,191,4
42491,300,264,1
42492,493,693,4
42493,451,880,1
42494,514,258,4
42495,630,477,4
42496,465,258,5
42497,122,135,4
42498,121,282,1
42499,411,229,3
42500,640,1016,3
42501,452,780,1
42502,373,95,5
42503,135,324,3
42504,586,200,4
42505,543,566,4
42506,130,1210,2
42507,523,25,4
42508,663,274,3
42509,381,640,5
42510,660,826,3
42511,474,604,4
42512,660,98,4
42513,87,1188,2
42514,489,752,5
42515,657,1009,4
42516,654,257,4
42517,136,9,5
42518,567,268,4
42519,308,603,5
42520,583,175,5
42521,559,187,3
42522,301,735,2
42523,533,333,4
42524,239,1098,5
42525,653,737,1
42526,601,58,1
42527,665,177,3
42528,301,742,4
42529,663,471,3
42530,532,26,3
42531,432,257,5
42532,478,231,1
42533,429,385,3
42534,252,290,3
42535,393,1168,3
42536,625,195,4
42537,43,491,4
42538,536,56,3
42539,405,697,1
42540,581,100,5
42541,627,117,3
42542,668,258,2
42543,537,307,3
42544,257,1022,2
42545,660,249,2
42546,545,729,3
42547,582,410,3
42548,290,121,4
42549,387,187,4
42550,587,338,4
42551,295,790,3
42552,257,313,5
42553,666,179,5
42554,521,235,3
42555,38,202,2
42556,145,352,4
42557,293,17,2
42558,94,250,4
42559,244,235,1
42560,263,180,4
42561,435,890,1
42562,597,713,2
42563,354,308,4
42564,158,455,4
42565,18,23,4
42566,659,855,2
42567,457,200,5
42568,605,191,5
42569,380,629,2
42570,271,381,3
42571,255,930,1
42572,388,288,5
42573,58,655,5
42574,642,1029,3
42575,598,750,5
42576,659,161,3
42577,421,50,5
42578,648,122,1
42579,264,525,5
42580,62,521,5
42581,389,66,3
42582,498,160,5
42583,559,163,4
42584,268,636,3
42585,447,1142,5
42586,161,428,3
42587,255,222,3
42588,537,468,2
42589,620,300,3
42590,389,300,3
42591,63,325,2
42592,537,202,3
42593,660,101,3
42594,567,604,4
42595,660,1178,1
42596,625,222,4
42597,671,250,5
42598,682,68,5
42599,524,81,1
42600,650,484,5
42601,618,192,5
42602,541,476,5
42603,632,470,4
42604,660,7,3
42605,421,219,3
42606,148,181,5
42607,534,756,4
42608,387,1129,4
42609,334,20,4
42610,450,187,5
42611,221,27,4
42612,256,679,3
42613,11,717,2
42614,505,496,5
42615,288,134,2
42616,613,64,5
42617,305,196,4
42618,592,81,4
42619,207,357,5
42620,452,603,4
42621,327,658,2
42622,605,340,4
42623,476,999,2
42624,559,519,5
42625,94,196,4
42626,457,756,2
42627,445,273,2
42628,640,12,5
42629,673,288,4
42630,539,22,3
42631,276,1267,4
42632,632,746,3
42633,406,524,4
42634,472,183,5
42635,343,65,5
42636,206,346,5
42637,160,461,5
42638,684,64,4
42639,163,357,4
42640,669,169,3
42641,606,68,5
42642,588,934,4
42643,627,86,3
42644,301,97,4
42645,63,480,3
42646,640,201,4
42647,588,531,3
42648,385,919,4
42649,347,100,3
42650,344,1137,3
42651,77,25,2
42652,634,293,3
42653,493,404,4
42654,305,165,4
42655,466,79,3
42656,161,272,5
42657,454,211,2
42658,546,185,4
42659,436,660,4
42660,350,173,4
42661,479,258,5
42662,5,398,2
42663,492,657,3
42664,301,340,4
42665,682,352,1
42666,485,303,4
42667,542,531,4
42668,634,100,4
42669,262,411,2
42670,488,776,4
42671,488,890,1
42672,666,831,2
42673,554,939,4
42674,326,1,3
42675,518,1335,3
42676,437,588,3
42677,542,192,5
42678,407,177,4
42679,416,86,1
42680,503,729,3
42681,216,216,4
42682,643,89,3
42683,406,143,1
42684,169,321,3
42685,130,538,5
42686,286,184,3
42687,380,170,4
42688,597,50,5
42689,95,102,4
42690,267,47,5
42691,577,132,4
42692,591,516,3
42693,537,489,3
42694,655,1351,3
42695,326,441,2
42696,156,510,4
42697,229,896,4
42698,600,761,4
42699,566,384,3
42700,537,727,2
42701,311,735,4
42702,637,1344,4
42703,313,748,3
42704,417,122,2
42705,665,684,3
42706,528,588,2
42707,198,581,3
42708,360,25,4
42709,568,504,3
42710,450,661,3
42711,459,164,4
42712,279,176,3
42713,620,993,5
42714,492,531,4
42715,115,137,5
42716,178,679,4
42717,151,97,5
42718,466,273,4
42719,276,1109,3
42720,385,417,2
42721,178,144,4
42722,643,70,3
42723,685,269,3
42724,665,1040,4
42725,166,347,5
42726,579,56,3
42727,401,477,1
42728,6,168,4
42729,405,808,1
42730,109,202,5
42731,532,915,4
42732,600,62,4
42733,94,302,4
42734,342,531,3
42735,568,659,3
42736,665,346,2
42737,70,135,4
42738,107,259,2
42739,506,972,3
42740,341,872,4
42741,21,573,2
42742,606,172,5
42743,436,655,5
42744,642,142,4
42745,500,15,2
42746,374,558,1
42747,552,926,2
42748,94,1012,4
42749,505,526,5
42750,662,591,4
42751,653,388,2
42752,541,234,5
42753,495,157,5
42754,538,258,3
42755,435,68,4
42756,334,887,5
42757,608,144,4
42758,662,286,3
42759,538,187,5
42760,222,158,3
42761,50,544,4
42762,7,634,5
42763,673,269,4
42764,503,485,4
42765,551,5,4
42766,450,471,4
42767,542,175,3
42768,184,185,4
42769,349,1028,2
42770,506,731,4
42771,600,89,5
42772,682,92,5
42773,347,689,4
42774,532,364,3
42775,655,1046,3
42776,411,117,2
42777,332,406,3
42778,655,1169,3
42779,112,272,5
42780,181,1173,1
42781,515,328,2
42782,500,393,3
42783,600,540,3
42784,418,895,4
42785,395,196,4
42786,504,479,4
42787,630,257,3
42788,200,509,4
42789,462,11,5
42790,487,160,4
42791,214,508,4
42792,606,225,1
42793,543,855,4
42794,551,332,4
42795,474,601,5
42796,529,886,4
42797,380,9,3
42798,405,783,2
42799,474,289,3
42800,49,1074,2
42801,536,283,3
42802,591,48,4
42803,629,509,5
42804,533,100,5
42805,174,871,1
42806,676,520,4
42807,207,655,4
42808,610,331,3
42809,64,101,2
42810,380,194,4
42811,374,66,3
42812,94,1211,5
42813,284,310,3
42814,588,597,4
42815,639,512,2
42816,489,325,5
42817,592,461,4
42818,460,458,2
42819,354,533,5
42820,546,100,3
42821,621,172,5
42822,417,827,2
42823,125,376,3
42824,200,462,4
42825,314,470,3
42826,683,1483,3
42827,193,177,4
42828,510,300,5
42829,269,762,1
42830,577,1033,4
42831,220,258,3
42832,56,473,2
42833,617,767,3
42834,429,68,3
42835,276,455,4
42836,380,270,3
42837,524,52,4
42838,682,351,4
42839,16,98,5
42840,621,222,4
42841,653,395,1
42842,443,340,5
42843,334,181,4
42844,429,82,4
42845,691,603,5
42846,342,692,1
42847,94,418,3
42848,684,147,2
42849,595,508,5
42850,654,746,3
42851,561,724,3
42852,432,864,2
42853,334,675,4
42854,634,14,3
42855,524,55,2
42856,659,77,4
42857,543,4,4
42858,503,50,5
42859,436,628,5
42860,537,299,2
42861,363,95,3
42862,338,197,5
42863,682,1303,2
42864,626,294,3
42865,585,1021,3
42866,561,684,3
42867,653,1206,3
42868,665,476,4
42869,460,307,4
42870,655,1395,3
42871,660,402,3
42872,299,531,3
42873,458,589,4
42874,577,829,3
42875,684,38,3
42876,460,1251,3
42877,82,7,3
42878,269,1110,2
42879,550,50,5
42880,654,1035,4
42881,163,28,3
42882,668,554,3
42883,11,125,4
42884,519,325,1
42885,487,955,5
42886,372,288,5
42887,561,216,3
42888,299,274,3
42889,621,257,5
42890,52,25,5
42891,483,195,3
42892,610,288,3
42893,539,285,4
42894,294,151,5
42895,648,28,5
42896,85,121,2
42897,650,581,2
42898,624,1047,3
42899,552,988,3
42900,49,25,2
42901,566,673,4
42902,537,718,4
42903,499,357,5
42904,430,276,1
42905,634,235,3
42906,499,271,3
42907,541,142,5
42908,624,237,4
42909,18,614,4
42910,139,302,3
42911,331,304,5
42912,198,153,4
42913,378,479,4
42914,437,702,1
42915,661,178,4
42916,647,490,4
42917,629,7,2
42918,360,523,3
42919,352,653,3
42920,276,328,4
42921,352,144,5
42922,643,223,4
42923,622,144,5
42924,605,879,3
42925,271,205,5
42926,487,686,4
42927,345,287,4
42928,639,98,4
42929,618,655,4
42930,314,1469,4
42931,327,845,3
42932,625,183,3
42933,531,302,5
42934,369,316,5
42935,524,65,4
42936,586,233,4
42937,345,69,4
42938,632,480,5
42939,7,641,5
42940,433,919,5
42941,472,577,3
42942,386,982,3
42943,541,88,3
42944,459,678,4
42945,577,56,3
42946,459,301,2
42947,115,654,5
42948,498,448,4
42949,617,519,3
42950,521,121,2
42951,296,221,5
42952,60,675,4
42953,626,328,1
42954,502,895,4
42955,622,82,3
42956,655,1418,4
42957,83,409,4
42958,595,1312,3
42959,2,311,5
42960,536,172,5
42961,13,224,4
42962,666,202,5
42963,561,240,1
42964,463,126,4
42965,451,286,1
42966,5,204,4
42967,618,1058,3
42968,363,227,4
42969,375,1217,4
42970,407,132,4
42971,644,307,4
42972,100,1233,3
42973,683,248,4
42974,580,471,3
42975,391,100,4
42976,607,121,2
42977,271,69,4
42978,654,1285,4
42979,601,842,1
42980,682,1118,3
42981,617,184,1
42982,458,126,4
42983,515,302,3
42984,624,881,3
42985,631,313,4
42986,458,750,5
42987,11,738,3
42988,314,742,4
42989,496,143,3
42990,526,342,2
42991,592,257,4
42992,291,67,4
42993,358,1149,3
42994,41,97,3
42995,445,333,2
42996,650,637,3
42997,42,462,2
42998,641,124,4
42999,674,405,4
43000,618,318,5
43001,655,134,4
43002,533,211,4
43003,200,924,5
43004,174,623,3
43005,632,131,4
43006,551,157,4
43007,567,168,5
43008,138,602,4
43009,406,505,4
43010,548,460,4
43011,493,876,1
43012,407,143,4
43013,234,418,3
43014,85,504,4
43015,18,178,3
43016,537,990,2
43017,279,763,3
43018,256,319,2
43019,614,405,2
43020,327,98,4
43021,360,933,3
43022,200,443,5
43023,353,315,4
43024,456,763,4
43025,299,213,5
43026,629,1119,5
43027,259,298,4
43028,350,271,3
43029,73,175,5
43030,623,66,4
43031,661,443,4
43032,624,1017,3
43033,659,144,4
43034,209,271,2
43035,280,609,4
43036,92,436,4
43037,533,1041,2
43038,591,116,4
43039,479,172,4
43040,84,87,5
43041,308,613,4
43042,672,127,4
43043,524,568,4
43044,692,56,3
43045,573,275,4
43046,459,1051,3
43047,504,942,4
43048,625,584,3
43049,588,217,4
43050,601,12,3
43051,473,256,4
43052,279,625,3
43053,577,939,5
43054,580,405,2
43055,314,496,4
43056,275,625,2
43057,474,617,3
43058,437,161,2
43059,592,320,5
43060,313,683,3
43061,269,629,2
43062,535,52,4
43063,542,237,4
43064,13,367,3
43065,13,33,5
43066,561,243,1
43067,624,249,3
43068,650,507,4
43069,378,5,3
43070,551,313,4
43071,171,354,3
43072,435,577,3
43073,426,511,4
43074,546,7,5
43075,660,710,3
43076,590,744,4
43077,458,980,5
43078,342,965,4
43079,453,93,2
43080,426,654,5
43081,134,315,3
43082,570,324,2
43083,145,173,5
43084,650,77,3
43085,370,181,4
43086,330,1,5
43087,160,825,2
43088,346,127,5
43089,553,617,4
43090,679,174,3
43091,503,280,1
43092,128,465,4
43093,599,756,5
43094,184,451,4
43095,654,313,5
43096,6,303,3
43097,57,496,4
43098,236,191,4
43099,294,111,4
43100,115,479,5
43101,457,1037,2
43102,311,623,2
43103,661,436,4
43104,421,144,5
43105,532,1207,2
43106,666,792,4
43107,121,300,3
43108,378,86,4
43109,508,23,4
43110,666,301,4
43111,585,510,5
43112,148,56,5
43113,21,978,1
43114,545,257,5
43115,424,310,3
43116,234,496,4
43117,640,336,3
43118,207,92,2
43119,682,780,3
43120,671,385,5
43121,639,664,2
43122,350,168,5
43123,488,692,4
43124,354,582,4
43125,663,544,4
43126,314,747,1
43127,690,384,3
43128,13,684,5
43129,630,1047,4
43130,506,203,4
43131,194,474,4
43132,587,687,1
43133,537,955,4
43134,622,56,5
43135,442,174,4
43136,552,147,3
43137,690,364,3
43138,537,530,4
43139,521,50,4
43140,263,482,4
43141,236,207,3
43142,550,748,4
43143,390,845,2
43144,62,597,2
43145,673,344,5
43146,178,724,4
43147,328,1217,3
43148,161,1117,3
43149,70,597,3
43150,181,323,2
43151,567,299,4
43152,655,1045,3
43153,474,605,3
43154,554,678,3
43155,664,168,4
43156,148,549,3
43157,268,159,2
43158,387,446,2
43159,246,404,3
43160,48,194,4
43161,256,1208,3
43162,429,23,4
43163,234,436,3
43164,405,1232,1
43165,405,679,1
43166,588,118,3
43167,660,24,3
43168,505,172,3
43169,268,479,4
43170,643,208,5
43171,392,312,4
43172,666,174,3
43173,573,713,4
43174,689,273,3
43175,690,218,5
43176,665,65,4
43177,466,231,1
43178,639,387,3
43179,184,707,4
43180,87,195,5
43181,406,610,1
43182,461,319,3
43183,592,367,4
43184,60,227,4
43185,364,990,4
43186,314,655,4
43187,7,540,3
43188,416,431,4
43189,527,238,5
43190,663,47,4
43191,518,1040,3
43192,271,498,5
43193,497,418,3
43194,345,4,4
43195,363,90,5
43196,201,556,4
43197,268,559,2
43198,586,742,3
43199,686,28,4
43200,624,628,4
43201,450,239,5
43202,453,871,1
43203,281,301,3
43204,653,98,2
43205,11,332,5
43206,665,328,4
43207,527,60,4
43208,634,258,4
43209,627,273,4
43210,452,423,5
43211,615,529,5
43212,472,12,5
43213,537,923,3
43214,655,32,4
43215,558,253,5
43216,514,186,4
43217,606,150,4
43218,92,51,4
43219,296,480,5
43220,527,962,3
43221,592,702,4
43222,274,628,4
43223,532,508,4
43224,340,428,1
43225,399,506,3
43226,507,298,5
43227,439,7,4
43228,315,642,5
43229,435,152,4
43230,178,1258,4
43231,171,303,4
43232,665,588,4
43233,396,9,4
43234,178,625,3
43235,264,637,4
43236,452,48,5
43237,153,357,5
43238,302,748,1
43239,618,216,3
43240,496,53,3
43241,590,475,4
43242,655,525,2
43243,455,127,5
43244,40,876,3
43245,299,202,4
43246,554,11,4
43247,682,655,5
43248,616,678,2
43249,527,655,3
43250,348,243,3
43251,457,412,2
43252,451,259,4
43253,458,588,5
43254,480,96,4
43255,385,93,3
43256,541,877,1
43257,537,147,2
43258,210,763,2
43259,655,962,5
43260,667,651,5
43261,592,751,3
43262,295,216,5
43263,1,41,2
43264,508,474,5
43265,393,636,3
43266,674,294,4
43267,213,106,4
43268,478,1270,1
43269,22,568,4
43270,645,55,3
43271,128,684,4
43272,586,144,4
43273,329,879,2
43274,454,614,3
43275,441,294,4
43276,361,207,4
43277,532,330,4
43278,66,763,4
43279,378,53,3
43280,1,162,4
43281,389,238,5
43282,181,1326,1
43283,450,497,5
43284,693,181,3
43285,70,174,5
43286,201,286,2
43287,106,244,4
43288,546,457,1
43289,668,294,3
43290,551,176,4
43291,648,184,5
43292,660,846,2
43293,11,715,3
43294,31,136,5
43295,363,173,5
43296,311,282,5
43297,276,51,3
43298,668,403,4
43299,552,125,3
43300,184,213,5
43301,551,180,5
43302,586,358,4
43303,625,528,3
43304,639,168,1
43305,346,120,3
43306,621,722,4
43307,151,507,5
43308,500,619,3
43309,686,98,5
43310,563,237,5
43311,653,685,3
43312,334,81,4
43313,592,144,5
43314,682,509,2
43315,334,462,4
43316,65,98,4
43317,49,240,3
43318,193,218,4
43319,653,7,2
43320,535,56,3
43321,425,231,3
43322,686,474,5
43323,614,472,3
43324,371,181,3
43325,409,493,4
43326,279,203,2
43327,101,926,3
43328,642,44,3
43329,669,898,1
43330,222,619,4
43331,429,527,5
43332,516,250,4
43333,436,95,4
43334,624,919,4
43335,654,128,5
43336,119,405,4
43337,454,69,4
43338,643,262,3
43339,481,430,4
43340,110,272,4
43341,397,611,5
43342,608,76,4
43343,321,286,4
43344,406,237,1
43345,188,162,4
43346,429,921,2
43347,618,559,3
43348,38,155,5
43349,682,1045,3
43350,254,69,5
43351,463,224,3
43352,46,305,5
43353,650,629,3
43354,426,427,5
43355,629,566,5
43356,474,14,5
43357,685,286,1
43358,666,1098,4
43359,472,121,5
43360,650,196,4
43361,591,466,3
43362,590,255,1
43363,406,220,3
43364,173,299,4
43365,627,214,3
43366,89,50,5
43367,152,8,5
43368,559,1141,2
43369,80,531,4
43370,652,259,2
43371,158,226,3
43372,671,204,5
43373,211,1025,3
43374,537,209,4
43375,655,782,3
43376,473,321,2
43377,566,529,4
43378,411,318,4
43379,647,222,4
43380,307,62,3
43381,495,444,3
43382,586,33,5
43383,279,976,3
43384,530,183,4
43385,586,849,3
43386,666,258,4
43387,643,249,3
43388,455,9,4
43389,222,219,4
43390,566,97,3
43391,102,328,2
43392,561,234,3
43393,436,974,5
43394,665,7,4
43395,445,9,2
43396,665,1283,3
43397,489,1612,5
43398,606,83,5
43399,457,417,4
43400,605,255,2
43401,381,514,5
43402,221,576,3
43403,181,6,1
43404,169,499,3
43405,367,302,5
43406,565,30,5
43407,533,107,3
43408,639,202,2
43409,18,489,4
43410,6,472,1
43411,293,200,4
43412,389,99,5
43413,303,171,4
43414,487,333,3
43415,339,449,3
43416,291,124,5
43417,682,164,3
43418,181,1084,2
43419,472,41,4
43420,538,173,3
43421,619,825,2
43422,312,172,4
43423,45,257,5
43424,608,607,5
43425,673,303,5
43426,297,750,5
43427,688,288,5
43428,21,637,4
43429,378,42,4
43430,435,258,4
43431,224,193,4
43432,586,720,4
43433,95,960,2
43434,429,708,3
43435,634,7,4
43436,385,58,4
43437,25,404,3
43438,1,110,1
43439,13,650,2
43440,344,864,3
43441,342,93,4
43442,416,333,4
43443,524,197,4
43444,405,642,1
43445,661,727,4
43446,457,452,3
43447,2,269,4
43448,29,264,3
43449,403,106,2
43450,618,720,3
43451,160,285,4
43452,450,264,3
43453,600,562,3
43454,648,216,4
43455,334,116,4
43456,405,37,1
43457,44,298,2
43458,11,367,3
43459,268,70,3
43460,666,199,5
43461,325,58,3
43462,429,237,3
43463,406,747,2
43464,606,89,5
43465,619,313,5
43466,400,301,4
43467,663,286,3
43468,346,240,1
43469,648,523,3
43470,450,966,4
43471,604,5,2
43472,629,50,5
43473,14,302,5
43474,537,455,1
43475,279,137,4
43476,629,709,3
43477,207,411,3
43478,569,9,5
43479,661,425,4
43480,398,211,4
43481,684,553,4
43482,243,22,3
43483,21,817,3
43484,95,95,3
43485,690,25,3
43486,276,160,4
43487,584,82,3
43488,581,813,5
43489,537,1101,3
43490,551,76,4
43491,373,727,4
43492,554,58,4
43493,207,317,4
43494,305,845,3
43495,7,73,3
43496,299,48,4
43497,407,96,3
43498,178,77,4
43499,655,159,3
43500,617,607,4
43501,194,542,3
43502,102,273,3
43503,650,227,2
43504,232,655,4
43505,159,876,2
43506,503,1317,4
43507,697,294,4
43508,439,591,4
43509,280,486,5
43510,432,471,3
43511,618,66,4
43512,262,427,4
43513,608,693,3
43514,608,132,2
43515,524,520,3
43516,551,917,3
43517,532,1,5
43518,116,1020,3
43519,608,702,1
43520,643,228,4
43521,387,107,3
43522,548,39,5
43523,595,268,4
43524,430,318,5
43525,244,1188,4
43526,407,729,4
43527,495,1182,3
43528,500,1441,2
43529,455,423,5
43530,542,109,4
43531,360,275,4
43532,208,86,2
43533,527,209,4
43534,514,132,4
43535,660,2,2
43536,189,50,5
43537,677,237,4
43538,378,1058,3
43539,276,794,2
43540,341,895,4
43541,82,274,3
43542,286,316,5
43543,311,88,4
43544,486,628,3
43545,406,92,4
43546,566,80,3
43547,642,1028,4
43548,667,124,5
43549,522,654,4
43550,256,975,3
43551,593,275,3
43552,234,259,2
43553,102,655,3
43554,198,369,1
43555,533,371,3
43556,497,358,4
43557,532,559,5
43558,495,435,5
43559,606,203,5
43560,601,98,3
43561,693,499,4
43562,562,5,4
43563,683,895,2
43564,313,499,3
43565,343,536,4
43566,643,53,4
43567,94,328,3
43568,269,631,4
43569,689,879,2
43570,658,433,4
43571,201,228,3
43572,486,508,4
43573,582,121,3
43574,667,316,4
43575,648,240,2
43576,637,294,3
43577,580,546,1
43578,601,185,4
43579,568,162,2
43580,56,969,3
43581,271,924,3
43582,592,14,5
43583,561,895,1
43584,437,207,4
43585,40,259,2
43586,615,160,3
43587,13,22,4
43588,360,1134,3
43589,648,878,3
43590,677,405,4
43591,374,192,5
43592,508,153,3
43593,648,174,5
43594,198,73,3
43595,655,1016,3
43596,526,323,2
43597,476,168,5
43598,610,12,5
43599,650,219,3
43600,64,384,2
43601,531,895,2
43602,557,58,4
43603,533,236,4
43604,346,67,3
43605,577,447,3
43606,682,1107,2
43607,347,386,1
43608,615,632,5
43609,669,23,4
43610,90,208,3
43611,660,431,4
43612,561,811,3
43613,527,651,5
43614,370,172,4
43615,586,1047,3
43616,207,722,3
43617,299,487,5
43618,685,302,3
43619,80,514,3
43620,535,166,4
43621,339,657,4
43622,280,416,5
43623,409,367,3
43624,697,713,5
43625,368,670,3
43626,174,763,1
43627,2,255,4
43628,43,747,4
43629,293,404,4
43630,698,1063,2
43631,218,175,3
43632,620,246,4
43633,523,944,4
43634,670,482,5
43635,592,4,4
43636,153,182,5
43637,59,465,2
43638,101,370,2
43639,308,230,4
43640,359,268,4
43641,135,55,4
43642,192,235,3
43643,313,432,5
43644,664,79,4
43645,610,56,3
43646,654,1009,3
43647,151,748,2
43648,643,288,4
43649,222,424,1
43650,690,210,3
43651,303,269,5
43652,533,20,5
43653,10,197,5
43654,626,243,1
43655,474,614,4
43656,684,48,4
43657,484,204,5
43658,664,197,4
43659,305,48,5
43660,508,185,5
43661,626,286,5
43662,682,333,4
43663,648,79,5
43664,542,772,4
43665,617,569,1
43666,379,516,4
43667,365,277,4
43668,328,549,4
43669,186,291,4
43670,453,53,3
43671,64,91,4
43672,445,245,2
43673,629,135,5
43674,511,288,4
43675,356,307,4
43676,409,186,5
43677,643,150,5
43678,503,321,2
43679,374,172,3
43680,669,257,3
43681,496,191,5
43682,605,252,4
43683,406,53,4
43684,493,195,3
43685,320,1059,4
43686,429,52,4
43687,268,1098,3
43688,437,1599,5
43689,474,218,4
43690,618,385,4
43691,95,1126,4
43692,474,416,4
43693,374,979,3
43694,92,243,1
43695,294,313,5
43696,94,317,5
43697,685,991,1
43698,256,363,3
43699,405,843,2
43700,533,382,1
43701,425,895,4
43702,28,28,4
43703,626,988,1
43704,490,455,4
43705,189,863,4
43706,524,322,4
43707,487,97,5
43708,659,127,5
43709,618,423,5
43710,428,326,3
43711,270,535,5
43712,686,425,5
43713,291,780,5
43714,58,98,4
43715,406,123,4
43716,227,274,4
43717,85,822,3
43718,268,561,3
43719,58,199,4
43720,586,240,3
43721,90,1205,3
43722,592,854,5
43723,592,173,5
43724,622,1207,2
43725,619,720,4
43726,59,679,4
43727,568,615,5
43728,497,1228,2
43729,600,810,3
43730,506,215,5
43731,185,160,1
43732,405,447,4
43733,305,143,3
43734,323,23,5
43735,488,328,4
43736,198,727,4
43737,466,885,2
43738,312,945,5
43739,463,473,4
43740,655,1029,1
43741,130,64,5
43742,537,425,3
43743,391,498,4
43744,623,504,3
43745,692,1023,2
43746,693,273,3
43747,660,996,1
43748,244,80,3
43749,225,286,4
43750,177,186,4
43751,279,61,4
43752,295,809,4
43753,268,728,2
43754,347,183,3
43755,536,435,3
43756,426,197,4
43757,484,405,4
43758,269,530,3
43759,608,166,3
43760,409,209,5
43761,234,154,3
43762,627,1134,1
43763,629,660,5
43764,561,679,3
43765,450,527,5
43766,6,185,5
43767,374,1013,2
43768,344,281,3
43769,644,597,4
43770,504,4,4
43771,20,148,5
43772,189,118,1
43773,354,473,3
43774,539,170,5
43775,638,430,5
43776,485,330,3
43777,415,748,5
43778,465,423,3
43779,543,480,4
43780,354,311,5
43781,586,31,4
43782,354,303,5
43783,326,484,5
43784,584,40,4
43785,648,676,2
43786,665,24,3
43787,577,63,4
43788,543,529,4
43789,586,27,3
43790,343,134,5
43791,370,199,4
43792,505,191,3
43793,655,1585,4
43794,125,508,1
43795,181,1391,1
43796,469,306,4
43797,391,182,4
43798,635,13,2
43799,470,1067,4
43800,698,568,2
43801,587,339,3
43802,94,780,3
43803,590,15,3
43804,682,1089,2
43805,424,538,5
43806,560,411,3
43807,346,391,2
43808,690,790,3
43809,467,249,3
43810,642,570,1
43811,559,197,4
43812,250,248,2
43813,619,515,1
43814,474,291,4
43815,568,638,3
43816,479,318,5
43817,672,50,3
43818,234,66,3
43819,389,491,5
43820,642,63,3
43821,484,73,4
43822,174,126,5
43823,441,342,4
43824,262,1135,3
43825,559,511,2
43826,254,231,3
43827,610,7,2
43828,694,1050,3
43829,267,153,5
43830,543,163,4
43831,655,527,3
43832,330,102,4
43833,361,611,4
43834,588,174,3
43835,645,286,4
43836,606,125,4
43837,624,687,2
43838,94,679,4
43839,396,245,3
43840,182,50,5
43841,361,49,3
43842,492,772,1
43843,318,385,4
43844,538,42,1
43845,586,591,3
43846,450,731,3
43847,470,1,3
43848,303,143,4
43849,690,80,3
43850,174,178,5
43851,72,1147,5
43852,517,127,4
43853,500,268,5
43854,7,666,4
43855,318,618,3
43856,327,152,3
43857,468,111,4
43858,435,162,1
43859,1,66,4
43860,345,255,4
43861,239,462,5
43862,13,39,3
43863,311,66,4
43864,658,96,4
43865,552,1014,4
43866,682,597,1
43867,622,855,3
43868,654,678,4
43869,262,153,3
43870,664,663,4
43871,481,283,5
43872,545,549,4
43873,593,183,4
43874,606,161,4
43875,426,135,3
43876,269,255,1
43877,536,708,3
43878,680,20,4
43879,76,93,4
43880,561,52,4
43881,207,475,2
43882,295,381,5
43883,346,541,3
43884,234,765,3
43885,276,769,1
43886,21,259,2
43887,677,148,4
43888,427,258,4
43889,606,993,5
43890,401,511,2
43891,138,509,4
43892,234,650,3
43893,478,1048,4
43894,388,9,3
43895,232,100,5
43896,483,180,2
43897,683,268,4
43898,90,496,4
43899,634,508,4
43900,542,357,5
43901,198,431,3
43902,496,356,2
43903,408,313,4
43904,417,1416,2
43905,379,434,3
43906,554,173,3
43907,622,50,5
43908,291,117,5
43909,642,462,4
43910,295,465,4
43911,486,935,4
43912,222,1188,3
43913,345,485,4
43914,434,7,1
43915,642,527,4
43916,176,286,2
43917,151,93,5
43918,223,1016,5
43919,705,1043,5
43920,682,357,3
43921,85,710,2
43922,85,82,3
43923,655,698,4
43924,543,518,3
43925,524,416,4
43926,363,204,2
43927,537,281,1
43928,693,132,4
43929,230,121,4
43930,256,538,5
43931,653,474,4
43932,551,943,5
43933,592,12,5
43934,26,116,2
43935,398,602,4
43936,680,1012,3
43937,110,1090,2
43938,597,264,4
43939,705,578,3
43940,524,705,3
43941,84,628,3
43942,378,94,3
43943,567,209,4
43944,129,903,2
43945,502,687,4
43946,514,293,3
43947,524,950,4
43948,115,176,5
43949,416,1262,5
43950,244,433,5
43951,299,91,4
43952,690,276,3
43953,655,1379,3
43954,149,346,4
43955,268,191,4
43956,387,429,3
43957,541,174,4
43958,59,180,4
43959,650,238,4
43960,276,475,5
43961,437,275,5
43962,655,208,3
43963,527,7,5
43964,532,251,4
43965,650,449,3
43966,111,315,5
43967,197,183,5
43968,513,127,4
43969,91,601,4
43970,605,475,3
43971,521,22,4
43972,500,98,4
43973,334,629,4
43974,145,1051,2
43975,528,298,4
43976,535,61,3
43977,279,1037,1
43978,405,666,1
43979,499,157,3
43980,543,704,3
43981,562,416,5
43982,659,179,1
43983,611,896,3
43984,72,5,4
43985,478,65,4
43986,660,197,3
43987,141,1014,3
43988,442,1218,2
43989,655,1134,3
43990,323,50,5
43991,203,323,3
43992,640,750,5
43993,487,239,5
43994,9,242,4
43995,624,342,3
43996,236,328,5
43997,670,651,4
43998,701,285,5
43999,223,1051,3
44000,429,418,3
44001,624,333,4
44002,299,502,4
44003,257,286,5
44004,299,402,3
44005,218,648,4
44006,693,131,3
44007,565,638,4
44008,406,405,3
44009,671,233,4
44010,620,35,3
44011,538,566,3
44012,443,12,5
44013,592,305,4
44014,92,363,3
44015,671,581,2
44016,584,313,5
44017,653,196,2
44018,642,1076,2
44019,693,480,4
44020,492,285,4
44021,435,195,5
44022,160,483,5
44023,493,60,2
44024,694,432,4
44025,91,328,4
44026,699,748,2
44027,507,690,4
44028,639,197,3
44029,337,879,3
44030,623,435,5
44031,214,582,3
44032,653,230,3
44033,699,100,4
44034,694,191,5
44035,240,269,5
44036,144,514,5
44037,698,512,4
44038,279,480,3
44039,632,184,5
44040,458,143,4
44041,456,143,3
44042,336,204,5
44043,495,1469,5
44044,532,1188,4
44045,495,229,3
44046,298,211,5
44047,560,654,5
44048,658,458,3
44049,518,147,4
44050,545,419,3
44051,655,909,3
44052,619,350,3
44053,279,342,4
44054,521,431,4
44055,416,754,5
44056,301,12,4
44057,59,789,4
44058,62,569,1
44059,632,282,4
44060,102,68,2
44061,621,398,2
44062,653,448,4
44063,692,285,3
44064,349,100,4
44065,606,174,5
44066,519,259,1
44067,371,183,5
44068,545,182,3
44069,388,307,4
44070,486,124,5
44071,655,1008,3
44072,343,98,5
44073,457,1039,5
44074,1,77,4
44075,111,354,4
44076,704,205,5
44077,417,258,4
44078,524,584,1
44079,606,153,3
44080,200,62,5
44081,659,654,4
44082,595,1061,3
44083,507,750,5
44084,671,23,4
44085,405,193,4
44086,669,326,1
44087,487,685,3
44088,546,164,4
44089,149,874,3
44090,618,576,4
44091,608,133,4
44092,125,687,3
44093,472,28,5
44094,679,288,4
44095,582,3,3
44096,555,410,4
44097,417,357,5
44098,301,250,4
44099,347,202,4
44100,553,515,5
44101,393,68,4
44102,72,466,4
44103,650,55,4
44104,301,393,3
44105,270,582,3
44106,279,1185,1
44107,436,92,3
44108,184,715,4
44109,373,435,4
44110,404,690,5
44111,338,215,3
44112,347,203,5
44113,647,328,3
44114,621,561,4
44115,650,692,3
44116,465,32,3
44117,322,258,4
44118,457,117,4
44119,59,185,5
44120,457,203,4
44121,435,15,3
44122,707,14,3
44123,609,258,3
44124,692,692,3
44125,499,275,3
44126,429,210,4
44127,160,589,3
44128,461,158,2
44129,234,1100,2
44130,623,659,5
44131,409,1093,2
44132,643,111,4
44133,589,286,3
44134,345,620,2
44135,195,386,2
44136,463,1163,4
44137,514,181,4
44138,498,212,3
44139,417,946,4
44140,389,283,5
44141,12,416,3
44142,476,1036,2
44143,653,1023,3
44144,487,550,3
44145,250,458,5
44146,210,443,4
44147,666,1266,5
44148,648,5,4
44149,543,111,4
44150,537,88,2
44151,268,831,3
44152,44,496,4
44153,435,31,5
44154,501,125,3
44155,224,687,2
44156,700,181,5
44157,194,88,3
44158,405,8,4
44159,682,94,3
44160,481,100,4
44161,145,447,5
44162,563,210,4
44163,200,410,3
44164,595,151,5
44165,704,209,3
44166,429,405,3
44167,618,97,5
44168,592,534,5
44169,457,70,4
44170,630,172,3
44171,23,214,3
44172,466,328,4
44173,643,24,4
44174,49,997,1
44175,64,273,2
44176,671,188,2
44177,685,319,2
44178,568,509,4
44179,411,1475,3
44180,178,7,4
44181,655,1607,3
44182,463,1377,4
44183,610,591,3
44184,518,820,2
44185,620,1,5
44186,697,331,3
44187,655,77,3
44188,655,500,2
44189,588,164,5
44190,94,951,3
44191,450,823,3
44192,141,619,4
44193,291,597,3
44194,450,274,4
44195,450,380,5
44196,474,664,4
44197,315,204,5
44198,664,469,3
44199,291,202,4
44200,85,132,5
44201,293,174,5
44202,269,792,4
44203,72,69,4
44204,592,307,4
44205,16,684,5
44206,627,939,3
44207,388,559,5
44208,548,234,4
44209,353,358,1
44210,249,421,5
44211,222,716,2
44212,490,926,2
44213,533,1016,3
44214,242,283,4
44215,244,68,5
44216,551,728,2
44217,504,448,5
44218,378,237,4
44219,686,187,5
44220,659,89,4
44221,500,611,5
44222,547,333,4
44223,222,816,1
44224,222,191,2
44225,5,216,1
44226,685,340,2
44227,704,354,4
44228,299,970,4
44229,479,281,3
44230,430,248,3
44231,405,1103,2
44232,110,88,4
44233,457,195,5
44234,405,1070,1
44235,113,9,3
44236,655,1538,3
44237,642,88,5
44238,692,287,3
44239,496,204,3
44240,666,529,5
44241,655,792,3
44242,642,139,1
44243,452,62,2
44244,102,49,2
44245,529,319,4
44246,655,284,2
44247,655,619,3
44248,235,1176,5
44249,187,179,5
44250,682,443,3
44251,405,684,3
44252,406,663,5
44253,648,471,4
44254,605,325,2
44255,397,855,4
44256,109,95,4
44257,455,64,4
44258,472,78,1
44259,158,1016,3
44260,687,245,3
44261,301,758,3
44262,263,1,5
44263,429,202,4
44264,531,688,1
44265,18,528,4
44266,682,940,2
44267,472,928,4
44268,627,1136,4
44269,299,77,3
44270,695,300,1
44271,657,151,4
44272,399,233,3
44273,182,150,3
44274,246,181,5
44275,693,289,3
44276,373,571,1
44277,457,231,4
44278,437,843,4
44279,593,193,4
44280,40,321,4
44281,85,136,4
44282,219,38,1
44283,543,239,2
44284,393,204,4
44285,60,684,4
44286,550,288,5
44287,234,443,3
44288,28,288,5
44289,388,596,4
44290,545,384,3
44291,542,273,3
44292,654,825,3
44293,582,50,5
44294,5,420,3
44295,655,733,3
44296,167,83,5
44297,653,967,2
44298,497,399,4
44299,328,692,4
44300,675,306,5
44301,405,1219,1
44302,533,22,4
44303,562,402,5
44304,650,650,2
44305,405,784,1
44306,524,403,4
44307,496,227,1
44308,658,772,3
44309,320,274,4
44310,661,676,4
44311,405,1044,4
44312,180,961,5
44313,90,454,2
44314,697,298,4
44315,291,100,5
44316,291,69,5
44317,378,125,2
44318,215,174,4
44319,543,170,4
44320,12,215,4
44321,666,699,3
44322,406,39,4
44323,645,59,5
44324,128,393,4
44325,632,150,2
44326,483,229,3
44327,151,628,5
44328,12,4,5
44329,479,727,5
44330,627,83,3
44331,457,792,4
44332,606,42,3
44333,59,616,5
44334,586,397,3
44335,361,168,4
44336,666,132,4
44337,72,222,1
44338,474,274,3
44339,633,172,3
44340,336,780,3
44341,141,871,3
44342,683,511,5
44343,568,478,4
44344,90,221,4
44345,621,250,4
44346,365,268,5
44347,589,749,3
44348,368,234,3
44349,523,509,4
44350,63,25,4
44351,181,1345,1
44352,255,325,1
44353,705,58,2
44354,373,510,3
44355,433,326,2
44356,639,305,1
44357,445,7,1
44358,116,323,3
44359,630,832,2
44360,480,89,4
44361,490,1386,4
44362,303,425,4
44363,587,350,3
44364,416,463,4
44365,13,818,3
44366,250,754,4
44367,650,1065,4
44368,634,748,3
44369,313,505,5
44370,269,496,5
44371,436,559,4
44372,682,1074,4
44373,43,294,5
44374,99,313,5
44375,201,196,4
44376,608,185,5
44377,405,480,4
44378,393,696,4
44379,435,105,3
44380,643,367,4
44381,194,507,4
44382,405,12,5
44383,440,350,5
44384,385,1069,4
44385,35,333,4
44386,697,301,5
44387,345,1281,4
44388,708,322,3
44389,534,273,5
44390,655,936,3
44391,301,462,2
44392,663,332,4
44393,569,473,4
44394,405,790,1
44395,537,168,4
44396,650,671,3
44397,621,180,4
44398,665,156,5
44399,444,9,5
44400,457,94,3
44401,671,748,3
44402,507,315,5
44403,64,288,4
44404,288,136,5
44405,56,443,4
44406,184,65,4
44407,551,685,1
44408,682,293,4
44409,217,403,5
44410,527,4,2
44411,398,174,5
44412,437,699,4
44413,534,294,5
44414,389,154,3
44415,416,472,4
44416,494,294,4
44417,622,472,3
44418,666,245,3
44419,561,702,3
44420,406,1194,4
44421,600,510,5
44422,184,1,4
44423,654,50,5
44424,655,1085,2
44425,284,751,3
44426,397,346,4
44427,246,172,5
44428,294,1011,2
44429,142,425,4
44430,601,225,1
44431,293,518,5
44432,487,96,5
44433,398,73,3
44434,445,118,2
44435,336,1183,1
44436,642,364,5
44437,56,373,4
44438,447,284,4
44439,619,405,3
44440,524,1152,3
44441,583,7,5
44442,207,69,4
44443,124,173,2
44444,655,481,2
44445,168,225,5
44446,307,70,4
44447,181,289,4
44448,655,1649,3
44449,325,200,2
44450,423,125,2
44451,707,663,4
44452,634,21,2
44453,20,378,3
44454,524,836,2
44455,661,95,5
44456,465,705,4
44457,569,508,3
44458,610,79,3
44459,629,340,2
44460,303,255,4
44461,313,211,5
44462,82,474,3
44463,548,1014,4
44464,474,208,3
44465,607,45,4
44466,592,1514,5
44467,623,648,5
44468,308,210,4
44469,383,345,2
44470,698,83,5
44471,618,596,4
44472,95,465,3
44473,567,484,4
44474,450,316,4
44475,450,166,5
44476,684,161,3
44477,627,69,3
44478,287,100,5
44479,409,192,4
44480,99,147,5
44481,537,64,3
44482,621,241,4
44483,202,269,4
44484,642,148,5
44485,495,143,1
44486,41,168,5
44487,602,988,4
44488,505,588,5
44489,655,672,2
44490,295,237,4
44491,450,125,4
44492,579,286,4
44493,617,175,4
44494,617,573,4
44495,686,180,5
44496,566,192,5
44497,609,288,2
44498,405,101,1
44499,90,218,5
44500,71,174,2
44501,642,68,3
44502,109,229,5
44503,599,1315,4
44504,346,423,4
44505,452,154,5
44506,618,239,3
44507,533,696,3
44508,450,535,3
44509,650,286,3
44510,533,204,4
44511,330,969,5
44512,346,842,1
44513,637,408,5
44514,682,50,5
44515,130,29,3
44516,94,228,4
44517,543,8,4
44518,476,80,3
44519,198,434,3
44520,637,255,3
44521,498,514,4
44522,457,405,5
44523,222,377,1
44524,624,741,4
44525,582,268,4
44526,393,1435,3
44527,87,153,5
44528,670,945,4
44529,56,501,3
44530,506,92,3
44531,435,566,4
44532,498,887,3
44533,655,213,4
44534,682,541,3
44535,648,399,4
44536,116,678,3
44537,111,302,5
44538,14,265,3
44539,457,732,4
44540,308,496,3
44541,472,569,4
44542,643,181,3
44543,595,929,2
44544,59,371,4
44545,506,224,1
44546,650,175,4
44547,505,204,3
44548,622,298,4
44549,682,122,3
44550,387,295,3
44551,14,923,5
44552,145,343,5
44553,709,219,4
44554,145,898,1
44555,621,268,4
44556,632,186,5
44557,704,381,3
44558,116,515,4
44559,659,659,3
44560,328,1107,3
44561,707,256,4
44562,664,81,5
44563,686,172,4
44564,233,633,5
44565,181,460,1
44566,707,716,2
44567,159,476,5
44568,660,625,3
44569,694,196,5
44570,262,283,3
44571,474,107,3
44572,650,143,5
44573,492,479,3
44574,409,661,5
44575,452,631,4
44576,38,401,3
44577,266,321,3
44578,535,153,4
44579,393,810,4
44580,525,15,4
44581,478,69,3
44582,435,239,4
44583,663,273,4
44584,92,258,4
44585,533,291,3
44586,90,133,5
44587,524,930,3
44588,628,305,5
44589,618,4,2
44590,553,135,4
44591,399,544,2
44592,524,72,4
44593,23,144,3
44594,551,595,2
44595,435,3,3
44596,148,227,4
44597,506,391,2
44598,334,879,3
44599,352,56,5
44600,609,125,4
44601,550,121,5
44602,276,184,4
44603,54,100,5
44604,204,316,4
44605,573,479,4
44606,504,651,4
44607,474,212,4
44608,167,288,3
44609,18,704,3
44610,693,1522,3
44611,401,566,5
44612,407,248,4
44613,592,405,4
44614,13,573,3
44615,530,582,4
44616,585,61,4
44617,234,416,4
44618,83,225,3
44619,541,1185,2
44620,361,794,3
44621,372,443,4
44622,456,226,2
44623,665,298,3
44624,426,50,4
44625,568,855,1
44626,506,241,2
44627,325,647,5
44628,257,275,4
44629,694,229,4
44630,552,286,4
44631,416,1441,3
44632,128,367,4
44633,569,826,3
44634,634,411,4
44635,8,227,4
44636,43,168,4
44637,705,827,4
44638,521,56,4
44639,346,385,5
44640,648,175,3
44641,201,317,3
44642,313,300,4
44643,588,94,2
44644,392,705,5
44645,325,32,3
44646,121,156,4
44647,588,419,5
44648,495,790,3
44649,705,400,4
44650,74,276,4
44651,622,47,3
44652,267,155,3
44653,577,407,4
44654,693,604,3
44655,474,168,3
44656,619,50,4
44657,590,14,5
44658,194,783,2
44659,420,603,4
44660,665,15,4
44661,276,546,3
44662,634,126,3
44663,432,815,3
44664,577,1,5
44665,532,636,5
44666,569,979,3
44667,269,508,4
44668,666,429,5
44669,389,506,4
44670,207,182,3
44671,653,509,4
44672,250,1426,5
44673,615,303,5
44674,385,46,5
44675,671,628,3
44676,276,313,5
44677,454,89,1
44678,297,984,1
44679,92,583,3
44680,426,705,5
44681,601,47,3
44682,378,1035,3
44683,210,234,4
44684,671,53,3
44685,487,742,5
44686,92,636,3
44687,478,160,2
44688,407,715,4
44689,709,564,1
44690,618,123,2
44691,300,881,5
44692,624,876,3
44693,362,245,4
44694,60,7,5
44695,682,1220,4
44696,665,172,4
44697,479,108,4
44698,642,769,5
44699,130,1279,4
44700,514,136,4
44701,352,39,5
44702,235,462,3
44703,378,410,3
44704,545,820,3
44705,59,198,5
44706,42,64,5
44707,645,87,4
44708,392,271,1
44709,457,65,5
44710,16,476,3
44711,537,243,1
44712,619,1016,4
44713,533,191,4
44714,711,421,4
44715,618,673,3
44716,632,483,5
44717,535,221,3
44718,44,102,2
44719,650,968,4
44720,417,106,2
44721,148,418,3
44722,416,737,3
44723,661,52,4
44724,603,229,4
44725,159,276,5
44726,497,731,3
44727,379,654,5
44728,666,474,5
44729,429,700,3
44730,660,527,3
44731,320,232,4
44732,561,578,3
44733,44,7,5
44734,664,450,3
44735,123,23,4
44736,638,238,4
44737,655,1017,3
44738,665,508,2
44739,293,638,4
44740,406,151,2
44741,378,318,5
44742,398,47,3
44743,639,724,3
44744,454,1035,3
44745,125,117,3
44746,474,511,5
44747,405,448,4
44748,109,81,2
44749,158,1067,4
44750,707,526,1
44751,655,728,2
44752,409,606,4
44753,454,237,4
44754,525,151,5
44755,308,203,5
44756,514,473,3
44757,454,879,4
44758,468,655,5
44759,405,1271,2
44760,633,322,3
44761,632,655,3
44762,506,68,4
44763,401,143,4
44764,663,1073,3
44765,117,596,3
44766,204,322,3
44767,636,740,4
44768,588,208,3
44769,635,301,3
44770,239,69,1
44771,449,1142,4
44772,183,202,4
44773,654,294,3
44774,233,498,5
44775,650,4,3
44776,655,97,3
44777,709,64,5
44778,537,135,5
44779,561,212,3
44780,709,769,3
44781,707,153,3
44782,200,582,4
44783,174,721,2
44784,503,275,5
44785,684,218,1
44786,621,746,4
44787,655,867,4
44788,313,142,3
44789,499,295,2
44790,501,1067,5
44791,235,50,5
44792,655,117,2
44793,682,97,4
44794,655,149,4
44795,667,318,5
44796,562,1039,4
44797,463,1197,4
44798,389,1036,2
44799,630,70,2
44800,442,27,2
44801,601,172,4
44802,621,174,3
44803,345,131,4
44804,87,926,4
44805,306,283,3
44806,72,402,4
44807,593,69,5
44808,248,250,3
44809,28,185,5
44810,581,181,3
44811,58,462,4
44812,658,98,4
44813,588,125,3
44814,91,750,5
44815,648,68,1
44816,622,46,4
44817,627,1074,3
44818,627,258,4
44819,710,627,4
44820,626,948,1
44821,480,213,5
44822,183,228,4
44823,642,195,3
44824,625,191,3
44825,361,451,3
44826,608,423,4
44827,524,578,5
44828,586,379,4
44829,417,393,4
44830,632,81,5
44831,498,183,4
44832,576,257,4
44833,13,761,4
44834,592,118,3
44835,337,181,2
44836,429,338,3
44837,602,127,5
44838,608,753,5
44839,509,754,1
44840,592,1097,4
44841,130,294,5
44842,338,525,4
44843,708,471,4
44844,416,27,4
44845,39,294,4
44846,59,1048,4
44847,279,31,3
44848,693,472,3
44849,598,292,4
44850,488,196,3
44851,665,111,4
44852,493,357,5
44853,334,744,3
44854,325,1149,4
44855,230,491,3
44856,458,696,3
44857,167,237,4
44858,393,290,3
44859,454,483,3
44860,605,300,2
44861,116,181,4
44862,466,258,4
44863,232,250,4
44864,528,402,4
44865,643,235,4
44866,45,1059,2
44867,707,676,4
44868,458,526,5
44869,634,313,5
44870,532,335,3
44871,478,300,3
44872,318,179,4
44873,499,605,1
44874,495,423,5
44875,442,117,3
44876,435,69,4
44877,707,866,2
44878,49,171,4
44879,694,419,4
44880,442,33,3
44881,60,204,4
44882,249,173,5
44883,705,298,5
44884,639,137,3
44885,490,93,4
44886,359,118,3
44887,452,947,5
44888,189,178,5
44889,265,756,4
44890,253,433,3
44891,694,300,4
44892,70,142,3
44893,429,181,5
44894,85,1136,3
44895,653,216,3
44896,506,173,4
44897,645,403,3
44898,537,1451,3
44899,104,871,2
44900,661,357,4
44901,618,356,2
44902,116,1039,4
44903,344,928,2
44904,540,1048,4
44905,693,427,4
44906,206,337,2
44907,82,367,4
44908,399,576,3
44909,178,735,5
44910,496,433,4
44911,561,1449,5
44912,592,121,4
44913,472,373,4
44914,399,451,3
44915,100,326,3
44916,201,346,4
44917,618,371,3
44918,588,781,2
44919,168,1012,5
44920,318,321,4
44921,268,525,4
44922,615,518,4
44923,248,1,3
44924,354,241,3
44925,70,408,4
44926,561,47,4
44927,569,16,3
44928,254,403,3
44929,301,576,4
44930,682,273,4
44931,614,717,4
44932,615,462,4
44933,705,622,4
44934,332,742,5
44935,141,1047,4
44936,479,177,4
44937,666,1045,4
44938,606,1280,2
44939,268,240,2
44940,570,690,3
44941,301,451,4
44942,435,159,5
44943,561,174,4
44944,684,88,4
44945,472,576,5
44946,378,79,4
44947,590,130,1
44948,373,380,4
44949,508,168,4
44950,450,1208,3
44951,618,215,4
44952,592,1281,3
44953,435,29,3
44954,221,1267,3
44955,493,71,5
44956,519,332,3
44957,456,135,4
44958,542,99,5
44959,648,195,5
44960,60,215,4
44961,56,227,3
44962,592,922,3
44963,699,1,3
44964,417,895,3
44965,393,168,4
44966,463,268,4
44967,474,45,5
44968,495,402,3
44969,405,143,5
44970,686,504,5
44971,618,1032,2
44972,13,670,3
44973,529,271,4
44974,463,472,3
44975,579,433,3
44976,643,100,5
44977,234,13,3
44978,59,212,4
44979,201,145,3
44980,318,722,4
44981,264,7,5
44982,230,266,4
44983,413,332,3
44984,686,357,5
44985,490,224,2
44986,622,705,3
44987,234,301,3
44988,586,254,4
44989,521,755,3
44990,655,271,3
44991,600,1188,3
44992,234,223,3
44993,704,316,4
44994,487,230,5
44995,504,631,4
44996,436,1048,2
44997,450,393,4
44998,381,132,5
44999,380,570,3
45000,373,83,5
45001,712,747,3
45002,488,612,4
45003,488,515,4
45004,663,924,3
45005,450,845,4
45006,612,237,3
45007,19,202,4
45008,194,419,2
45009,642,790,4
45010,683,264,2
45011,561,614,3
45012,617,429,3
45013,194,1044,2
45014,561,405,2
45015,474,497,5
45016,190,326,4
45017,398,495,4
45018,659,202,4
45019,343,179,5
45020,704,604,5
45021,198,69,4
45022,655,1067,2
45023,527,498,4
45024,655,572,2
45025,566,959,4
45026,577,208,4
45027,422,286,5
45028,608,318,4
45029,642,699,5
45030,189,934,2
45031,621,96,5
45032,559,502,4
45033,506,239,3
45034,569,15,4
45035,656,347,4
45036,514,215,4
45037,433,273,3
45038,399,564,3
45039,653,239,5
45040,226,203,5
45041,601,410,4
45042,456,421,3
45043,537,434,3
45044,459,332,3
45045,22,181,5
45046,320,89,4
45047,429,281,3
45048,487,403,4
45049,101,288,4
45050,633,385,4
45051,673,347,4
45052,534,1,5
45053,217,172,1
45054,297,168,5
45055,548,1278,4
45056,524,492,3
45057,648,385,5
45058,427,332,5
45059,648,290,3
45060,466,313,5
45061,330,15,5
45062,564,257,4
45063,102,95,4
45064,694,684,4
45065,552,248,4
45066,91,1126,1
45067,648,827,3
45068,152,173,5
45069,393,655,3
45070,694,193,4
45071,638,241,3
45072,394,257,4
45073,588,131,5
45074,665,307,3
45075,669,521,4
45076,456,845,3
45077,561,188,4
45078,38,409,5
45079,500,559,4
45080,655,1197,3
45081,158,866,2
45082,582,472,4
45083,189,165,5
45084,648,722,3
45085,344,285,5
45086,405,1036,1
45087,505,1,3
45088,680,276,5
45089,336,1079,1
45090,506,195,4
45091,661,1045,3
45092,429,90,4
45093,210,755,3
45094,650,313,4
45095,642,15,5
45096,186,356,5
45097,601,91,5
45098,600,530,4
45099,327,896,5
45100,537,321,3
45101,393,84,3
45102,347,159,4
45103,465,136,4
45104,303,746,4
45105,533,687,2
45106,541,1036,2
45107,514,313,5
45108,468,70,3
45109,626,289,1
45110,592,192,5
45111,700,144,4
45112,465,172,3
45113,417,1040,2
45114,585,1319,2
45115,343,1008,4
45116,327,86,4
45117,524,443,4
45118,407,315,4
45119,567,293,5
45120,201,185,5
45121,532,554,4
45122,389,285,5
45123,453,77,3
45124,18,189,5
45125,666,656,4
45126,248,180,3
45127,189,151,5
45128,548,717,4
45129,650,367,2
45130,653,748,5
45131,693,143,4
45132,664,210,4
45133,85,1174,3
45134,354,733,3
45135,505,294,3
45136,646,319,3
45137,653,405,3
45138,577,673,3
45139,193,153,4
45140,178,157,5
45141,13,453,2
45142,314,775,3
45143,683,286,2
45144,486,333,2
45145,479,270,4
45146,676,751,4
45147,405,1415,1
45148,505,210,4
45149,328,849,3
45150,344,71,3
45151,642,249,5
45152,385,173,4
45153,389,520,3
45154,549,472,3
45155,484,173,5
45156,246,672,4
45157,655,1252,3
45158,244,70,4
45159,643,77,3
45160,128,220,1
45161,18,631,5
45162,577,210,3
45163,276,42,4
45164,57,288,4
45165,533,294,4
45166,695,307,4
45167,506,425,4
45168,666,518,4
45169,393,132,2
45170,608,196,5
45171,190,148,4
45172,561,130,4
45173,387,774,3
45174,316,633,4
45175,94,710,3
45176,715,228,3
45177,181,109,1
45178,286,781,4
45179,701,316,5
45180,378,482,4
45181,588,85,5
45182,550,301,2
45183,625,179,4
45184,426,23,4
45185,60,9,5
45186,65,476,3
45187,100,269,4
45188,627,184,4
45189,499,902,5
45190,371,69,5
45191,311,404,3
45192,92,382,4
45193,587,269,3
45194,571,124,4
45195,177,258,3
45196,13,815,4
45197,492,131,3
45198,642,625,3
45199,561,12,5
45200,666,186,2
45201,254,1060,3
45202,456,1010,5
45203,622,166,5
45204,602,748,3
45205,577,949,2
45206,713,310,4
45207,311,755,4
45208,561,665,3
45209,537,479,4
45210,234,511,5
45211,668,286,4
45212,629,265,4
45213,195,276,4
45214,288,174,4
45215,474,182,5
45216,112,751,4
45217,667,1101,3
45218,149,1295,3
45219,664,169,5
45220,608,969,5
45221,713,539,3
45222,151,199,3
45223,271,131,4
45224,715,202,5
45225,586,672,2
45226,500,396,3
45227,429,496,4
45228,573,178,4
45229,698,497,3
45230,429,1218,3
45231,477,756,4
45232,387,434,5
45233,163,305,2
45234,592,294,3
45235,639,707,5
45236,392,250,3
45237,497,122,1
45238,181,1335,1
45239,533,504,4
45240,507,748,5
45241,399,628,3
45242,588,72,4
45243,437,1227,3
45244,64,650,3
45245,387,231,3
45246,450,609,5
45247,334,1132,2
45248,504,411,4
45249,181,683,1
45250,399,824,2
45251,497,28,3
45252,135,203,4
45253,619,258,5
45254,551,70,4
45255,653,22,5
45256,682,658,4
45257,484,51,4
45258,534,763,4
45259,192,25,4
45260,436,585,3
45261,329,295,4
45262,354,60,5
45263,412,651,4
45264,648,4,1
45265,640,4,4
45266,71,429,4
45267,690,85,1
45268,456,97,4
45269,661,531,4
45270,16,125,3
45271,654,969,5
45272,437,286,2
45273,707,640,2
45274,707,302,4
45275,561,132,2
45276,23,217,2
45277,327,447,4
45278,445,762,1
45279,716,318,5
45280,613,28,3
45281,363,69,3
45282,379,310,4
45283,569,748,2
45284,230,284,1
45285,622,737,5
45286,527,100,5
45287,538,275,4
45288,643,508,4
45289,144,282,4
45290,383,435,4
45291,506,715,2
45292,659,317,4
45293,506,802,4
45294,627,434,4
45295,236,100,3
45296,94,813,5
45297,659,181,3
45298,640,186,5
45299,190,508,3
45300,648,687,1
45301,569,225,3
45302,361,218,3
45303,713,1656,2
45304,606,56,5
45305,634,340,4
45306,682,1428,3
45307,149,1296,3
45308,24,79,4
45309,112,294,3
45310,406,136,4
45311,503,19,5
45312,425,1,2
45313,450,1091,4
45314,655,166,3
45315,167,512,5
45316,347,405,4
45317,293,192,5
45318,608,50,1
45319,14,191,4
45320,561,319,2
45321,154,211,4
45322,595,324,3
45323,200,622,3
45324,13,410,1
45325,536,746,5
45326,699,321,3
45327,158,408,5
45328,429,4,4
45329,407,561,4
45330,57,240,2
45331,405,1405,1
45332,668,354,4
45333,385,1252,5
45334,716,483,5
45335,566,1005,5
45336,416,425,4
45337,707,478,4
45338,11,29,3
45339,509,289,2
45340,13,775,4
45341,484,392,4
45342,622,558,2
45343,594,988,2
45344,497,545,3
45345,437,739,3
45346,586,436,2
45347,682,69,4
45348,478,196,3
45349,21,564,3
45350,519,1293,5
45351,499,300,4
45352,532,307,4
45353,524,604,4
45354,601,443,4
45355,593,470,2
45356,682,191,3
45357,679,181,5
45358,551,544,4
45359,665,427,5
45360,324,276,5
45361,655,1475,3
45362,697,273,5
45363,38,411,3
45364,659,735,3
45365,327,568,2
45366,711,64,4
45367,314,332,5
45368,586,237,4
45369,43,248,4
45370,102,88,3
45371,543,97,3
45372,25,495,4
45373,660,21,3
45374,588,399,3
45375,447,815,3
45376,89,49,4
45377,379,393,4
45378,711,684,3
45379,637,717,3
45380,263,98,4
45381,11,724,3
45382,145,66,4
45383,666,25,3
45384,661,408,5
45385,408,324,5
45386,656,286,1
45387,472,1110,5
45388,305,433,2
45389,347,943,4
45390,10,69,4
45391,561,447,3
45392,670,615,3
45393,603,1240,5
45394,495,90,4
45395,565,713,5
45396,640,168,5
45397,524,751,4
45398,342,251,5
45399,167,655,4
45400,659,402,3
45401,131,9,5
45402,616,1313,4
45403,224,660,4
45404,661,216,5
45405,672,281,3
45406,404,307,4
45407,6,79,3
45408,561,191,3
45409,681,898,4
45410,288,651,4
45411,660,202,2
45412,664,735,4
45413,64,559,3
45414,95,22,4
45415,545,79,4
45416,524,129,5
45417,178,460,2
45418,389,202,5
45419,416,395,2
45420,98,502,2
45421,453,552,2
45422,595,922,4
45423,437,1098,3
45424,291,1079,2
45425,633,276,3
45426,571,64,4
45427,152,153,4
45428,527,177,5
45429,449,742,3
45430,303,283,3
45431,633,317,3
45432,545,378,3
45433,526,50,5
45434,26,456,1
45435,5,438,1
45436,507,334,5
45437,694,195,4
45438,715,739,2
45439,588,154,4
45440,87,802,4
45441,87,47,3
45442,587,1483,4
45443,380,204,2
45444,523,116,5
45445,625,433,3
45446,29,268,5
45447,301,959,4
45448,708,268,3
45449,458,896,5
45450,472,69,5
45451,276,27,3
45452,373,24,4
45453,418,346,2
45454,663,985,3
45455,592,248,4
45456,642,235,2
45457,450,1220,5
45458,684,238,3
45459,622,577,2
45460,102,522,3
45461,523,866,5
45462,561,223,4
45463,90,836,5
45464,330,283,5
45465,633,651,3
45466,246,550,3
45467,477,1051,5
45468,267,230,4
45469,661,237,4
45470,591,100,5
45471,606,208,3
45472,651,242,5
45473,648,443,2
45474,269,196,1
45475,678,111,4
45476,514,200,2
45477,109,545,2
45478,370,423,4
45479,180,318,5
45480,585,970,3
45481,593,162,5
45482,343,747,4
45483,1,199,4
45484,139,676,4
45485,506,660,3
45486,640,64,5
45487,77,132,3
45488,293,1018,3
45489,658,724,3
45490,560,1014,4
45491,474,692,4
45492,663,741,4
45493,399,1540,3
45494,712,731,5
45495,660,1078,2
45496,370,613,2
45497,244,241,4
45498,393,258,4
45499,432,7,2
45500,543,24,3
45501,660,161,1
45502,628,300,5
45503,445,340,5
45504,524,79,4
45505,399,56,3
45506,181,1095,1
45507,243,724,3
45508,524,319,4
45509,653,378,3
45510,497,194,3
45511,546,322,4
45512,63,713,3
45513,561,1103,4
45514,396,237,4
45515,647,705,4
45516,487,651,5
45517,716,91,5
45518,655,393,2
45519,308,77,3
45520,374,229,5
45521,560,358,3
45522,588,559,5
45523,346,211,4
45524,655,958,3
45525,658,511,4
45526,276,375,1
45527,409,195,4
45528,610,699,2
45529,514,259,4
45530,367,670,4
45531,525,288,4
45532,673,311,4
45533,326,161,3
45534,417,498,4
45535,660,71,2
45536,94,201,4
45537,305,144,2
45538,168,280,4
45539,383,484,4
45540,650,223,3
45541,393,1182,3
45542,671,1222,3
45543,66,286,1
45544,346,743,2
45545,716,275,5
45546,648,862,1
45547,249,275,4
45548,454,259,4
45549,181,24,1
45550,239,921,5
45551,600,450,4
45552,580,181,5
45553,671,1239,3
45554,189,654,3
45555,410,311,3
45556,698,50,5
45557,412,81,2
45558,292,199,5
45559,343,385,3
45560,156,515,3
45561,648,636,4
45562,465,169,4
45563,372,446,4
45564,686,204,4
45565,591,47,3
45566,655,321,3
45567,601,378,2
45568,711,652,4
45569,201,86,4
45570,653,2,1
45571,276,233,3
45572,575,427,4
45573,290,1035,4
45574,249,258,5
45575,417,831,2
45576,648,226,4
45577,660,50,4
45578,16,945,4
45579,171,690,3
45580,17,471,2
45581,276,552,3
45582,660,930,2
45583,313,419,3
45584,601,1135,2
45585,493,597,4
45586,130,38,4
45587,627,177,5
45588,593,159,4
45589,653,101,3
45590,545,183,4
45591,648,103,1
45592,474,514,4
45593,495,660,3
45594,699,1060,3
45595,699,324,4
45596,648,434,5
45597,49,1081,3
45598,627,546,3
45599,548,292,4
45600,639,638,4
45601,683,748,3
45602,386,323,4
45603,642,412,2
45604,551,696,2
45605,584,229,3
45606,201,137,4
45607,301,186,4
45608,622,552,2
45609,650,269,4
45610,12,174,5
45611,393,561,3
45612,379,56,5
45613,617,644,4
45614,313,661,4
45615,535,686,5
45616,313,102,3
45617,442,7,4
45618,560,89,5
45619,276,195,5
45620,715,410,4
45621,144,963,4
45622,294,879,4
45623,104,15,5
45624,456,559,3
45625,601,1047,1
45626,308,22,4
45627,334,899,4
45628,524,71,3
45629,385,557,2
45630,664,673,3
45631,548,928,3
45632,421,603,4
45633,446,306,3
45634,521,28,3
45635,230,132,5
45636,378,2,2
45637,619,300,5
45638,13,655,5
45639,312,479,5
45640,486,1129,4
45641,524,649,4
45642,479,1007,4
45643,535,657,5
45644,456,9,3
45645,109,238,2
45646,503,603,3
45647,661,168,5
45648,270,869,1
45649,381,59,3
45650,492,242,5
45651,495,219,4
45652,667,186,4
45653,682,399,4
45654,385,177,4
45655,618,676,2
45656,660,569,2
45657,461,304,4
45658,532,29,3
45659,608,275,5
45660,532,97,5
45661,276,709,4
45662,671,258,5
45663,198,652,3
45664,670,228,5
45665,331,1101,4
45666,552,257,3
45667,417,202,4
45668,334,124,5
45669,406,575,1
45670,639,66,3
45671,402,135,4
45672,693,655,3
45673,429,249,4
45674,588,810,4
45675,389,178,4
45676,13,891,1
45677,313,502,3
45678,486,475,4
45679,69,289,4
45680,661,428,4
45681,498,594,2
45682,660,603,4
45683,295,70,5
45684,655,1103,3
45685,719,673,3
45686,74,13,4
45687,94,72,3
45688,621,273,4
45689,506,749,4
45690,405,81,3
45691,299,727,4
45692,458,195,4
45693,43,8,4
45694,666,467,4
45695,593,659,5
45696,505,228,2
45697,391,258,3
45698,344,694,5
45699,535,655,4
45700,589,300,5
45701,533,792,3
45702,471,768,3
45703,561,430,3
45704,223,619,2
45705,330,708,3
45706,562,684,4
45707,145,1273,5
45708,130,392,4
45709,654,756,4
45710,479,511,5
45711,451,877,4
45712,537,4,2
45713,560,183,5
45714,276,67,3
45715,711,720,3
45716,83,319,1
45717,472,51,5
45718,624,288,4
45719,214,69,2
45720,379,178,5
45721,297,200,3
45722,450,1271,2
45723,663,925,3
45724,655,291,3
45725,577,531,4
45726,308,196,3
45727,503,10,5
45728,683,313,2
45729,344,709,5
45730,101,125,4
45731,526,332,2
45732,1,57,5
45733,682,51,5
45734,658,182,5
45735,478,959,4
45736,712,392,5
45737,145,454,1
45738,454,289,3
45739,598,898,4
45740,450,79,4
45741,214,191,4
45742,429,537,4
45743,648,924,1
45744,82,946,2
45745,642,71,5
45746,416,834,3
45747,705,196,4
45748,638,100,3
45749,661,423,4
45750,702,346,1
45751,590,282,2
45752,416,281,5
45753,694,9,5
45754,7,551,1
45755,622,380,4
45756,207,242,4
45757,686,185,5
45758,514,301,4
45759,524,573,4
45760,184,476,2
45761,642,1413,3
45762,693,39,3
45763,234,510,4
45764,501,1010,4
45765,664,678,2
45766,65,402,4
45767,450,1116,3
45768,342,319,4
45769,176,1008,4
45770,561,431,2
45771,622,685,2
45772,64,419,2
45773,436,367,4
45774,721,87,3
45775,709,227,2
45776,445,1097,1
45777,268,77,2
45778,562,806,1
45779,343,429,4
45780,524,709,5
45781,526,879,3
45782,60,393,4
45783,481,163,4
45784,38,1031,5
45785,455,69,4
45786,621,420,4
45787,63,813,5
45788,339,1267,3
45789,323,544,4
45790,40,328,3
45791,497,568,3
45792,107,264,3
45793,270,574,3
45794,450,278,5
45795,659,566,3
45796,1,50,5
45797,429,393,3
45798,659,670,2
45799,276,355,3
45800,269,448,2
45801,707,487,2
45802,605,521,5
45803,624,286,5
45804,493,260,1
45805,655,286,3
45806,640,382,4
45807,659,492,3
45808,662,6,5
45809,311,56,5
45810,551,144,5
45811,619,331,4
45812,393,871,3
45813,674,118,3
45814,269,133,3
45815,160,211,4
45816,308,50,5
45817,639,199,3
45818,198,382,4
45819,627,92,4
45820,159,301,2
45821,539,45,4
45822,405,859,1
45823,638,118,3
45824,409,1449,5
45825,145,181,5
45826,669,340,4
45827,608,16,2
45828,714,282,4
45829,378,918,3
45830,454,657,3
45831,372,696,4
45832,552,243,3
45833,539,357,4
45834,537,414,4
45835,208,66,4
45836,223,185,2
45837,561,121,3
45838,545,743,3
45839,561,568,3
45840,699,456,1
45841,669,523,4
45842,648,1047,2
45843,174,371,5
45844,496,1286,2
45845,235,1451,4
45846,308,1135,4
45847,510,243,3
45848,498,443,3
45849,448,271,4
45850,440,1194,5
45851,107,312,4
45852,503,427,5
45853,498,607,3
45854,686,205,5
45855,11,123,3
45856,379,566,4
45857,637,148,3
45858,699,760,3
45859,652,699,5
45860,354,429,3
45861,429,432,4
45862,543,214,3
45863,328,181,4
45864,158,227,2
45865,452,318,5
45866,699,983,3
45867,453,122,3
45868,234,619,2
45869,697,150,5
45870,690,67,4
45871,503,451,4
45872,267,1336,1
45873,642,959,5
45874,450,969,4
45875,495,91,2
45876,577,265,5
45877,709,195,5
45878,593,866,5
45879,174,244,4
45880,676,181,5
45881,644,258,4
45882,399,147,5
45883,559,322,4
45884,398,474,4
45885,577,582,4
45886,326,239,3
45887,83,393,5
45888,488,1039,4
45889,697,333,3
45890,339,81,5
45891,526,750,4
45892,626,332,3
45893,242,268,5
45894,682,182,4
45895,552,240,2
45896,334,508,3
45897,279,1321,4
45898,717,287,5
45899,373,1039,4
45900,65,69,3
45901,719,659,4
45902,26,274,3
45903,11,42,3
45904,712,1178,4
45905,612,118,3
45906,532,506,5
45907,682,80,1
45908,684,520,4
45909,273,347,4
45910,425,100,4
45911,537,288,2
45912,454,1203,2
45913,660,1035,2
45914,22,17,4
45915,664,223,4
45916,712,385,5
45917,305,172,4
45918,429,726,2
45919,592,421,5
45920,561,744,3
45921,128,490,5
45922,382,135,3
45923,487,42,3
45924,715,231,3
45925,678,181,3
45926,411,435,3
45927,279,517,4
45928,267,100,5
45929,450,277,3
45930,284,333,3
45931,463,258,5
45932,328,984,3
45933,435,1411,1
45934,648,393,4
45935,664,805,5
45936,496,98,4
45937,374,820,4
45938,407,203,4
45939,162,237,4
45940,593,781,3
45941,233,12,2
45942,230,294,5
45943,709,561,3
45944,536,71,5
45945,533,284,1
45946,217,233,4
45947,625,214,4
45948,716,235,2
45949,474,527,5
45950,718,756,5
45951,450,1248,4
45952,70,143,5
45953,474,230,3
45954,712,366,5
45955,188,288,4
45956,457,632,5
45957,682,1305,3
45958,696,1176,4
45959,699,16,3
45960,684,186,4
45961,577,100,4
45962,176,129,3
45963,367,7,5
45964,655,183,4
45965,690,174,4
45966,671,685,5
45967,99,931,2
45968,659,675,4
45969,217,636,2
45970,361,276,4
45971,684,121,3
45972,637,411,1
45973,537,782,3
45974,498,172,3
45975,407,223,4
45976,345,81,4
45977,538,144,4
45978,539,127,3
45979,721,879,4
45980,503,132,5
45981,92,268,4
45982,635,875,2
45983,159,628,3
45984,655,1226,3
45985,560,111,3
45986,422,129,4
45987,655,1108,3
45988,13,886,5
45989,707,166,3
45990,198,122,1
45991,405,960,1
45992,417,44,2
45993,537,655,3
45994,343,10,4
45995,369,900,4
45996,557,269,3
45997,344,4,4
45998,715,181,4
45999,285,222,4
46000,483,116,3
46001,453,258,4
46002,716,143,5
46003,144,751,4
46004,716,118,2
46005,334,203,4
46006,472,271,5
46007,436,748,3
46008,712,97,5
46009,318,210,4
46010,13,231,3
46011,2,284,4
46012,581,283,2
46013,275,472,3
46014,265,628,4
46015,553,615,5
46016,58,603,5
46017,637,50,4
46018,405,1407,1
46019,705,427,2
46020,605,293,3
46021,291,129,5
46022,642,1473,4
46023,102,226,2
46024,660,404,2
46025,251,210,4
46026,59,584,4
46027,52,107,4
46028,686,79,4
46029,456,53,4
46030,373,232,3
46031,116,1134,4
46032,588,133,5
46033,722,546,3
46034,246,67,2
46035,271,182,3
46036,665,71,4
46037,711,95,4
46038,455,17,3
46039,698,168,3
46040,655,1194,5
46041,634,819,2
46042,173,324,5
46043,190,597,2
46044,707,154,3
46045,466,144,5
46046,244,126,4
46047,658,510,3
46048,659,837,3
46049,7,625,3
46050,688,682,5
46051,249,248,5
46052,654,111,4
46053,483,380,3
46054,308,1045,4
46055,654,317,4
46056,487,216,4
46057,457,559,4
46058,201,1131,5
46059,7,204,5
46060,51,184,3
46061,642,541,5
46062,635,262,5
46063,332,628,4
46064,716,196,5
46065,716,159,4
46066,311,186,3
46067,406,194,5
46068,551,554,5
46069,551,217,1
46070,505,988,3
46071,458,685,3
46072,642,250,5
46073,717,748,3
46074,650,663,4
46075,659,520,3
46076,537,199,4
46077,716,194,5
46078,655,923,3
46079,416,713,4
46080,421,653,3
46081,145,164,4
46082,698,529,5
46083,627,284,2
46084,634,282,4
46085,682,763,4
46086,503,615,5
46087,455,934,3
46088,596,313,5
46089,694,610,4
46090,666,5,2
46091,59,430,5
46092,402,471,4
46093,222,451,3
46094,394,230,3
46095,504,393,3
46096,666,661,4
46097,56,233,1
46098,363,435,3
46099,532,125,5
46100,660,125,3
46101,656,316,3
46102,539,289,4
46103,13,157,3
46104,450,191,5
46105,655,25,3
46106,655,1128,3
46107,290,109,3
46108,654,168,4
46109,435,673,3
46110,51,655,3
46111,586,273,5
46112,186,684,4
46113,712,72,4
46114,655,402,2
46115,87,578,3
46116,239,171,5
46117,321,1050,3
46118,637,475,1
46119,13,896,5
46120,487,404,4
46121,682,1016,2
46122,715,216,4
46123,197,879,4
46124,698,95,3
46125,417,142,3
46126,617,136,3
46127,707,283,4
46128,659,385,5
46129,425,62,4
46130,617,497,3
46131,354,381,5
46132,538,423,4
46133,487,578,3
46134,615,949,3
46135,405,736,5
46136,308,942,3
46137,486,14,5
46138,41,58,3
46139,378,95,4
46140,407,188,3
46141,601,763,5
46142,676,271,3
46143,426,648,3
46144,721,984,3
46145,457,783,3
46146,109,234,4
46147,486,137,4
46148,102,269,2
46149,421,183,5
46150,458,467,4
46151,618,969,3
46152,697,302,5
46153,184,340,5
46154,682,742,3
46155,399,755,2
46156,535,71,4
46157,707,1281,4
46158,487,49,4
46159,491,696,3
46160,634,274,3
46161,295,84,2
46162,361,166,4
46163,393,153,3
46164,638,228,3
46165,405,464,1
46166,291,364,3
46167,504,65,4
46168,634,924,4
46169,334,23,4
46170,501,147,3
46171,256,988,4
46172,514,647,3
46173,721,687,3
46174,178,1047,2
46175,201,59,4
46176,524,304,4
46177,460,1380,3
46178,482,315,3
46179,693,53,4
46180,488,135,4
46181,21,379,3
46182,437,812,3
46183,655,20,3
46184,354,528,5
46185,303,491,4
46186,393,924,4
46187,344,11,3
46188,97,23,5
46189,326,367,3
46190,711,204,3
46191,588,728,3
46192,592,322,1
46193,447,260,2
46194,712,734,4
46195,480,209,4
46196,622,157,4
46197,665,234,3
46198,7,402,5
46199,567,603,5
46200,378,775,3
46201,712,1119,4
46202,254,386,2
46203,552,282,3
46204,593,241,5
46205,717,25,5
46206,399,68,3
46207,565,970,4
46208,690,98,5
46209,699,544,4
46210,666,79,3
46211,62,402,3
46212,178,484,4
46213,152,1136,5
46214,388,300,4
46215,622,809,2
46216,686,64,5
46217,345,300,3
46218,570,301,3
46219,401,275,4
46220,267,127,5
46221,648,218,3
46222,567,430,4
46223,41,357,4
46224,648,56,1
46225,314,158,3
46226,525,127,3
46227,670,650,2
46228,437,496,4
46229,533,15,4
46230,494,357,5
46231,378,597,3
46232,293,180,5
46233,622,1039,5
46234,44,222,4
46235,307,163,3
46236,622,142,3
46237,630,411,4
46238,591,127,4
46239,448,307,2
46240,525,475,3
46241,82,71,4
46242,303,298,4
46243,307,736,3
46244,426,483,5
46245,407,226,3
46246,151,133,5
46247,583,258,4
46248,398,203,4
46249,344,297,4
46250,305,269,4
46251,64,235,4
46252,537,292,2
46253,693,23,4
46254,386,840,5
46255,497,597,3
46256,622,408,5
46257,540,820,3
46258,236,64,5
46259,222,747,2
46260,545,491,3
46261,429,21,2
46262,217,586,2
46263,637,1226,2
46264,661,501,4
46265,70,88,4
46266,318,866,4
46267,64,185,4
46268,682,379,4
46269,595,330,4
46270,566,240,3
46271,664,513,4
46272,717,324,3
46273,187,423,4
46274,416,686,5
46275,194,674,2
46276,194,157,4
46277,365,476,4
46278,373,577,1
46279,655,172,4
46280,303,127,5
46281,698,478,4
46282,567,675,4
46283,650,194,4
46284,94,544,3
46285,591,662,3
46286,724,305,3
46287,152,871,3
46288,239,652,5
46289,324,331,4
46290,727,123,3
46291,215,56,5
46292,416,476,5
46293,676,354,4
46294,425,750,2
46295,374,403,2
46296,109,755,5
46297,521,1244,3
46298,565,166,4
46299,650,210,3
46300,178,64,5
46301,379,116,4
46302,147,304,5
46303,633,252,3
46304,721,289,3
46305,280,8,5
46306,532,228,5
46307,405,238,5
46308,705,560,2
46309,709,29,3
46310,638,449,2
46311,656,875,2
46312,498,806,3
46313,301,802,2
46314,478,655,3
46315,69,182,4
46316,43,566,3
46317,495,416,5
46318,666,302,5
46319,198,164,3
46320,684,934,3
46321,655,875,3
46322,715,33,3
46323,606,562,4
46324,617,667,2
46325,60,136,4
46326,472,313,5
46327,622,496,4
46328,357,473,3
46329,694,671,3
46330,650,969,3
46331,453,186,4
46332,537,741,2
46333,13,306,3
46334,642,29,5
46335,676,748,4
46336,711,269,5
46337,95,665,2
46338,665,216,4
46339,648,1092,1
46340,191,316,5
46341,198,108,3
46342,595,844,4
46343,102,258,4
46344,715,284,4
46345,577,85,3
46346,429,482,3
46347,674,282,5
46348,709,22,5
46349,143,1038,3
46350,391,168,4
46351,188,144,3
46352,487,727,3
46353,493,410,4
46354,557,327,3
46355,454,392,2
46356,7,545,2
46357,60,745,5
46358,624,328,4
46359,466,518,4
46360,348,974,4
46361,621,624,5
46362,388,258,5
46363,537,519,3
46364,721,333,3
46365,365,137,3
46366,280,229,3
46367,564,344,4
46368,617,774,1
46369,725,1197,3
46370,394,109,4
46371,684,371,2
46372,60,70,4
46373,593,280,3
46374,701,297,4
46375,506,761,2
46376,508,222,3
46377,514,486,3
46378,538,143,3
46379,38,78,5
46380,7,652,3
46381,96,83,3
46382,488,318,4
46383,601,64,4
46384,305,708,3
46385,535,98,2
46386,707,531,5
46387,601,125,1
46388,87,72,3
46389,181,476,4
46390,503,443,5
46391,346,64,4
46392,239,180,5
46393,164,405,5
46394,633,566,3
46395,151,82,3
46396,16,273,5
46397,497,577,2
46398,524,513,4
46399,416,840,4
46400,398,756,3
46401,488,96,3
46402,13,789,5
46403,718,841,4
46404,640,126,4
46405,682,546,3
46406,76,192,5
46407,314,318,5
46408,682,157,4
46409,250,322,3
46410,660,132,3
46411,357,455,5
46412,665,369,4
46413,533,150,3
46414,608,328,4
46415,460,276,5
46416,533,239,3
46417,280,1217,5
46418,573,144,4
46419,716,153,4
46420,334,740,3
46421,395,154,5
46422,569,236,4
46423,629,182,5
46424,291,985,3
46425,479,272,4
46426,279,1491,5
46427,706,245,3
46428,291,94,2
46429,94,1011,4
46430,407,193,3
46431,642,597,4
46432,109,405,5
46433,233,588,5
46434,545,393,4
46435,279,546,3
46436,216,169,3
46437,666,515,5
46438,680,408,5
46439,560,137,4
46440,456,427,4
46441,719,291,3
46442,577,69,4
46443,617,631,2
46444,708,1051,4
46445,658,31,3
46446,178,172,4
46447,643,69,3
46448,592,1085,3
46449,276,174,5
46450,588,739,4
46451,655,129,3
46452,693,25,4
46453,589,258,2
46454,454,528,4
46455,207,470,3
46456,363,816,1
46457,516,169,5
46458,501,922,4
46459,87,423,3
46460,707,83,3
46461,709,823,3
46462,579,65,3
46463,458,597,3
46464,711,343,3
46465,567,582,3
46466,276,346,4
46467,639,269,3
46468,424,288,1
46469,553,186,3
46470,24,12,5
46471,454,300,4
46472,435,720,2
46473,707,1176,2
46474,727,678,3
46475,295,186,5
46476,682,70,4
46477,643,173,4
46478,303,124,4
46479,108,405,3
46480,449,337,4
46481,691,1,5
46482,223,243,3
46483,474,486,4
46484,445,144,3
46485,561,425,4
46486,3,333,2
46487,497,66,3
46488,551,1217,1
46489,497,225,3
46490,655,960,3
46491,568,462,4
46492,637,273,3
46493,674,929,3
46494,393,245,3
46495,715,756,2
46496,566,12,4
46497,622,449,2
46498,707,427,4
46499,622,212,3
46500,417,234,4
46501,18,223,5
46502,347,192,4
46503,452,156,4
46504,620,674,3
46505,141,597,4
46506,406,1,4
46507,6,173,5
46508,660,434,3
46509,648,373,3
46510,705,265,5
46511,181,718,1
46512,62,1077,3
46513,727,441,2
46514,653,765,1
46515,417,95,5
46516,13,279,5
46517,682,188,4
46518,499,483,5
46519,663,284,4
46520,545,746,4
46521,269,649,2
46522,379,746,3
46523,711,1074,3
46524,676,313,4
46525,727,117,3
46526,654,181,3
46527,650,648,3
46528,697,683,1
46529,727,181,3
46530,344,516,5
46531,472,29,5
46532,655,1255,3
46533,192,813,4
46534,83,864,4
46535,85,657,4
46536,472,63,4
46537,663,405,3
46538,148,168,5
46539,271,847,4
46540,625,945,3
46541,639,191,3
46542,90,482,5
46543,140,873,2
46544,545,97,3
46545,324,411,5
46546,489,313,4
46547,6,268,3
46548,655,1344,3
46549,554,864,4
46550,682,651,4
46551,720,872,3
46552,564,472,4
46553,568,301,1
46554,432,1,2
46555,429,141,3
46556,416,28,5
46557,698,210,5
46558,450,455,4
46559,521,25,2
46560,162,79,4
46561,632,357,4
46562,575,50,2
46563,718,975,2
46564,141,346,1
46565,560,100,5
46566,213,164,5
46567,588,395,4
46568,478,26,5
46569,712,213,3
46570,645,956,4
46571,407,250,4
46572,436,265,3
46573,680,248,4
46574,729,328,3
46575,334,9,4
46576,537,47,4
46577,716,707,4
46578,694,199,5
46579,623,183,3
46580,693,333,3
46581,49,428,5
46582,694,50,5
46583,727,105,1
46584,299,513,4
46585,682,222,4
46586,532,771,3
46587,435,977,2
46588,296,127,5
46589,199,313,4
46590,7,230,3
46591,619,118,5
46592,328,1518,3
46593,659,699,3
46594,551,328,5
46595,466,346,3
46596,387,742,2
46597,174,905,3
46598,675,531,5
46599,399,179,3
46600,298,423,5
46601,650,659,3
46602,718,222,4
46603,476,85,2
46604,524,640,1
46605,650,233,2
46606,642,391,4
46607,380,1116,4
46608,136,127,5
46609,693,432,4
46610,648,24,3
46611,727,720,2
46612,145,894,1
46613,601,151,3
46614,586,238,2
46615,393,377,3
46616,554,220,3
46617,234,1369,3
46618,292,499,5
46619,659,762,3
46620,663,280,3
46621,727,1119,3
46622,521,191,4
46623,30,683,3
46624,650,195,4
46625,142,7,4
46626,499,132,4
46627,637,150,1
46628,592,181,3
46629,523,533,4
46630,716,836,4
46631,613,127,4
46632,655,656,3
46633,711,483,5
46634,52,919,5
46635,141,930,4
46636,606,748,3
46637,502,300,2
46638,609,319,1
46639,643,155,2
46640,540,294,4
46641,478,451,5
46642,405,1107,1
46643,600,241,5
46644,618,955,2
46645,557,887,3
46646,567,357,2
46647,727,68,4
46648,339,1135,2
46649,711,229,3
46650,416,707,4
46651,615,275,4
46652,501,840,4
46653,726,355,3
46654,56,229,3
46655,486,1086,3
46656,303,956,4
46657,590,9,3
46658,159,405,5
46659,704,304,2
46660,682,581,2
46661,716,602,5
46662,450,197,5
46663,561,180,4
46664,537,581,3
46665,416,815,4
46666,622,403,4
46667,639,274,1
46668,595,411,3
46669,655,175,3
46670,443,343,5
46671,639,796,1
46672,715,175,3
46673,81,186,5
46674,498,425,2
46675,164,282,5
46676,479,187,4
46677,542,625,3
46678,699,678,3
46679,694,200,4
46680,707,140,2
46681,655,330,2
46682,59,191,4
46683,284,687,3
46684,114,474,5
46685,115,317,5
46686,666,410,2
46687,655,516,2
46688,480,462,4
46689,567,811,4
46690,647,250,3
46691,676,688,1
46692,642,559,5
46693,643,420,4
46694,338,488,5
46695,622,143,4
46696,646,258,3
46697,568,603,5
46698,83,235,1
46699,315,23,5
46700,659,805,5
46701,654,56,4
46702,724,342,3
46703,256,678,5
46704,279,130,1
46705,579,676,3
46706,283,866,3
46707,464,984,2
46708,453,12,5
46709,327,99,4
46710,500,569,4
46711,566,393,2
46712,684,625,3
46713,727,125,4
46714,600,188,4
46715,174,70,5
46716,669,508,3
46717,234,173,3
46718,644,1610,3
46719,345,9,4
46720,634,287,3
46721,392,615,5
46722,301,678,2
46723,450,86,4
46724,243,151,3
46725,102,200,3
46726,557,322,3
46727,648,479,4
46728,502,751,3
46729,588,142,5
46730,593,846,2
46731,429,79,4
46732,21,853,5
46733,472,392,4
46734,600,541,1
46735,328,723,3
46736,655,1642,4
46737,339,939,4
46738,437,204,5
46739,524,111,5
46740,608,213,4
46741,450,432,4
46742,92,428,4
46743,291,93,4
46744,675,509,5
46745,638,265,5
46746,579,1446,2
46747,87,577,4
46748,274,258,5
46749,409,179,5
46750,504,485,4
46751,54,252,3
46752,437,318,4
46753,593,476,2
46754,679,327,4
46755,699,749,3
46756,561,277,3
46757,429,419,4
46758,665,97,2
46759,557,334,4
46760,722,124,4
46761,15,931,1
46762,331,302,5
46763,181,305,2
46764,555,762,4
46765,527,425,4
46766,645,203,4
46767,693,69,3
46768,686,234,4
46769,110,161,5
46770,513,250,3
46771,130,475,3
46772,630,255,5
46773,729,689,4
46774,303,281,3
46775,658,70,3
46776,655,38,2
46777,712,465,4
46778,247,64,5
46779,13,444,4
46780,391,213,4
46781,591,487,4
46782,611,333,4
46783,621,333,4
46784,728,508,4
46785,212,269,3
46786,457,629,4
46787,256,460,4
46788,313,452,3
46789,57,678,3
46790,542,13,4
46791,650,679,3
46792,653,282,3
46793,116,896,2
46794,397,688,1
46795,627,121,3
46796,590,515,3
46797,708,535,2
46798,618,966,4
46799,416,990,2
46800,614,1134,2
46801,397,989,1
46802,648,367,3
46803,419,405,3
46804,426,133,5
46805,43,473,3
46806,563,118,4
46807,450,287,4
46808,657,1,3
46809,588,602,3
46810,561,710,4
46811,693,1232,2
46812,608,655,5
46813,660,153,4
46814,453,24,4
46815,13,797,5
46816,487,747,4
46817,653,476,2
46818,458,208,4
46819,682,124,2
46820,683,350,2
46821,405,377,1
46822,406,228,3
46823,545,258,3
46824,201,637,3
46825,97,100,2
46826,468,195,5
46827,405,1572,1
46828,181,292,1
46829,664,172,5
46830,429,178,4
46831,688,339,5
46832,551,272,5
46833,679,121,2
46834,13,561,1
46835,269,122,1
46836,92,735,3
46837,653,458,2
46838,293,265,3
46839,567,493,4
46840,152,284,5
46841,268,257,4
46842,581,9,5
46843,716,160,2
46844,300,833,4
46845,486,275,4
46846,660,357,2
46847,256,243,4
46848,286,70,5
46849,562,98,4
46850,397,134,5
46851,533,31,3
46852,246,1188,3
46853,658,718,3
46854,716,499,4
46855,615,306,4
46856,707,467,4
46857,702,294,1
46858,193,580,4
46859,567,174,1
46860,263,602,4
46861,524,133,5
46862,455,747,4
46863,230,451,4
46864,436,441,3
46865,286,946,3
46866,405,1218,5
46867,272,654,5
46868,425,316,4
46869,682,1437,2
46870,727,367,3
46871,294,252,4
46872,655,187,5
46873,588,1428,5
46874,592,338,2
46875,581,221,2
46876,456,79,3
46877,691,294,4
46878,234,473,5
46879,455,12,3
46880,479,215,3
46881,333,269,2
46882,637,1102,3
46883,472,240,4
46884,108,740,3
46885,727,217,3
46886,643,94,4
46887,327,311,3
46888,546,690,2
46889,257,60,5
46890,23,194,4
46891,704,211,5
46892,389,396,3
46893,109,636,5
46894,603,385,4
46895,627,461,3
46896,351,312,5
46897,682,29,2
46898,35,748,4
46899,727,933,1
46900,637,744,4
46901,457,931,2
46902,303,845,4
46903,703,293,4
46904,314,53,1
46905,684,111,4
46906,271,73,2
46907,658,943,3
46908,437,614,5
46909,429,232,4
46910,101,979,2
46911,354,518,3
46912,411,208,4
46913,548,313,5
46914,674,25,4
46915,548,591,3
46916,711,1466,4
46917,637,405,1
46918,567,475,4
46919,716,416,3
46920,543,38,3
46921,694,121,5
46922,128,742,3
46923,417,1086,4
46924,216,79,4
46925,220,332,3
46926,352,92,3
46927,478,222,2
46928,121,135,5
46929,561,356,1
46930,634,50,4
46931,661,310,2
46932,87,1179,3
46933,610,271,1
46934,313,331,3
46935,506,578,3
46936,145,331,3
46937,49,77,1
46938,514,283,4
46939,299,1036,2
46940,308,506,4
46941,537,198,2
46942,343,1039,5
46943,629,64,5
46944,721,403,4
46945,345,293,4
46946,714,252,3
46947,709,28,5
46948,606,191,5
46949,430,258,4
46950,716,470,4
46951,616,260,3
46952,159,250,3
46953,113,289,2
46954,632,404,5
46955,184,492,4
46956,689,151,3
46957,391,661,5
46958,588,417,5
46959,658,515,5
46960,280,575,2
46961,711,699,5
46962,279,410,5
46963,665,133,3
46964,269,1428,5
46965,587,905,3
46966,592,483,5
46967,307,168,5
46968,623,298,2
46969,479,602,4
46970,187,23,4
46971,665,194,3
46972,474,50,5
46973,332,294,5
46974,629,147,5
46975,647,134,4
46976,305,1,5
46977,429,468,3
46978,650,780,2
46979,717,293,5
46980,716,503,3
46981,579,709,5
46982,8,177,4
46983,664,481,5
46984,560,429,3
46985,343,127,5
46986,468,22,5
46987,269,509,4
46988,483,274,4
46989,585,171,3
46990,648,578,4
46991,707,186,3
46992,619,257,3
46993,648,265,4
46994,655,60,3
46995,73,268,3
46996,571,174,4
46997,394,411,4
46998,89,181,4
46999,529,310,4
47000,570,243,1
47001,490,475,4
47002,684,237,5
47003,684,94,3
47004,514,342,1
47005,144,651,4
47006,712,399,5
47007,535,447,5
47008,712,542,4
47009,483,480,3
47010,711,137,5
47011,567,836,3
47012,243,280,1
47013,727,585,2
47014,353,333,4
47015,738,188,3
47016,551,90,1
47017,648,117,2
47018,618,91,4
47019,695,882,4
47020,519,339,3
47021,468,25,5
47022,601,820,1
47023,488,659,3
47024,537,83,4
47025,56,144,5
47026,694,275,4
47027,41,276,2
47028,457,190,5
47029,659,661,5
47030,408,270,5
47031,314,65,4
47032,374,282,5
47033,493,188,5
47034,650,739,2
47035,170,258,3
47036,389,1197,3
47037,643,49,3
47038,719,126,2
47039,699,112,3
47040,41,1039,3
47041,689,471,4
47042,472,101,5
47043,21,983,2
47044,699,235,3
47045,11,25,3
47046,473,319,3
47047,78,237,5
47048,643,1074,2
47049,587,340,5
47050,665,127,4
47051,453,94,4
47052,618,44,4
47053,606,239,4
47054,234,56,3
47055,577,217,5
47056,383,514,5
47057,738,651,4
47058,169,683,3
47059,567,521,3
47060,311,581,3
47061,541,1074,1
47062,676,344,5
47063,466,22,5
47064,671,578,3
47065,339,144,3
47066,648,615,4
47067,619,55,1
47068,81,269,3
47069,588,315,4
47070,727,208,4
47071,559,69,5
47072,450,807,4
47073,101,278,2
47074,463,744,3
47075,721,317,4
47076,48,289,1
47077,386,273,3
47078,621,71,3
47079,679,357,5
47080,487,1,5
47081,504,70,3
47082,561,10,3
47083,640,249,4
47084,474,685,3
47085,379,186,5
47086,690,204,3
47087,599,975,5
47088,707,496,3
47089,671,576,5
47090,235,971,4
47091,655,228,3
47092,169,134,5
47093,479,472,1
47094,456,1057,3
47095,618,117,5
47096,498,156,5
47097,542,80,3
47098,270,200,5
47099,468,150,5
47100,655,610,4
47101,456,268,5
47102,642,1285,4
47103,586,250,3
47104,14,762,3
47105,76,6,5
47106,333,174,5
47107,648,568,5
47108,546,250,4
47109,379,63,2
47110,660,80,1
47111,719,66,3
47112,305,300,3
47113,342,98,3
47114,354,143,4
47115,343,67,3
47116,416,1058,5
47117,235,153,4
47118,222,678,3
47119,514,527,4
47120,479,198,5
47121,659,1119,4
47122,339,205,5
47123,543,474,5
47124,594,181,3
47125,467,273,4
47126,664,64,4
47127,468,191,4
47128,504,961,4
47129,410,873,4
47130,422,396,4
47131,90,660,4
47132,686,588,4
47133,480,705,4
47134,23,96,4
47135,77,1,5
47136,713,1431,3
47137,592,221,5
47138,632,423,4
47139,655,1629,3
47140,489,358,5
47141,666,864,3
47142,48,56,3
47143,736,181,2
47144,486,1171,3
47145,720,258,4
47146,262,278,3
47147,551,331,5
47148,504,88,3
47149,569,1014,3
47150,207,226,2
47151,181,885,1
47152,734,82,4
47153,276,382,4
47154,176,289,3
47155,144,357,4
47156,588,846,4
47157,270,665,4
47158,728,282,4
47159,654,284,4
47160,547,332,3
47161,339,1404,5
47162,640,684,4
47163,311,655,4
47164,147,750,5
47165,688,678,5
47166,84,744,4
47167,87,845,4
47168,425,686,3
47169,505,177,3
47170,514,156,4
47171,229,937,2
47172,195,358,2
47173,543,313,3
47174,524,118,4
47175,708,280,4
47176,405,770,1
47177,452,73,3
47178,607,485,3
47179,82,473,2
47180,637,546,1
47181,650,1126,4
47182,671,182,4
47183,374,412,4
47184,435,448,3
47185,370,136,4
47186,42,38,3
47187,437,402,2
47188,537,6,2
47189,550,328,5
47190,499,887,5
47191,524,382,3
47192,416,211,5
47193,201,65,4
47194,374,235,3
47195,707,1397,1
47196,712,728,4
47197,178,435,4
47198,235,1,4
47199,655,629,3
47200,536,472,3
47201,533,1047,3
47202,721,681,3
47203,701,304,4
47204,659,143,5
47205,470,150,5
47206,425,209,2
47207,658,318,4
47208,682,748,3
47209,653,416,1
47210,184,655,3
47211,526,328,2
47212,308,588,5
47213,661,709,4
47214,281,690,5
47215,543,302,4
47216,561,371,1
47217,606,628,4
47218,450,51,4
47219,327,663,4
47220,99,651,5
47221,393,949,3
47222,109,161,3
47223,346,1232,1
47224,141,100,4
47225,543,531,4
47226,705,50,4
47227,559,153,3
47228,705,172,3
47229,705,627,3
47230,276,1481,2
47231,532,346,5
47232,655,717,1
47233,639,155,3
47234,223,535,3
47235,618,692,4
47236,618,276,3
47237,239,632,5
47238,695,338,2
47239,650,222,4
47240,406,611,3
47241,184,591,3
47242,126,681,5
47243,442,217,3
47244,447,469,4
47245,392,345,4
47246,373,202,3
47247,194,29,2
47248,588,483,4
47249,345,303,4
47250,466,182,4
47251,210,684,3
47252,635,886,4
47253,79,258,5
47254,457,588,5
47255,51,136,4
47256,233,318,5
47257,313,28,3
47258,190,696,3
47259,574,310,4
47260,642,729,3
47261,43,418,4
47262,590,287,4
47263,655,150,3
47264,727,692,4
47265,730,298,4
47266,236,97,5
47267,688,332,5
47268,548,1089,2
47269,505,202,3
47270,486,880,5
47271,172,425,1
47272,743,321,2
47273,488,181,4
47274,74,340,5
47275,291,1209,1
47276,279,926,4
47277,399,79,3
47278,533,356,4
47279,78,880,5
47280,376,328,3
47281,698,177,1
47282,100,258,4
47283,539,303,5
47284,125,8,4
47285,622,597,5
47286,244,26,5
47287,41,238,5
47288,693,183,2
47289,110,326,4
47290,577,228,3
47291,222,571,2
47292,30,252,3
47293,100,900,4
47294,625,647,4
47295,686,170,5
47296,456,121,2
47297,682,356,3
47298,94,286,4
47299,707,170,5
47300,201,160,5
47301,472,1047,4
47302,682,573,4
47303,425,195,4
47304,717,268,5
47305,454,526,4
47306,173,334,4
47307,207,293,2
47308,650,198,4
47309,274,597,3
47310,716,163,4
47311,452,863,5
47312,393,203,4
47313,693,162,3
47314,653,77,3
47315,383,134,5
47316,553,136,4
47317,561,175,4
47318,650,234,4
47319,405,851,1
47320,577,140,4
47321,653,64,4
47322,615,211,5
47323,634,325,1
47324,630,595,5
47325,589,272,5
47326,588,386,2
47327,642,1219,4
47328,606,157,4
47329,301,68,4
47330,541,1053,3
47331,13,762,5
47332,318,1048,4
47333,151,1,5
47334,716,157,3
47335,378,755,3
47336,445,237,2
47337,577,8,4
47338,566,54,3
47339,271,747,3
47340,528,210,5
47341,286,198,4
47342,521,1014,3
47343,578,323,3
47344,611,344,5
47345,416,794,5
47346,64,31,4
47347,110,692,4
47348,705,233,3
47349,514,435,3
47350,554,222,4
47351,642,218,3
47352,151,642,3
47353,660,559,2
47354,703,294,2
47355,293,187,3
47356,604,200,1
47357,604,164,4
47358,639,313,1
47359,537,87,3
47360,698,485,4
47361,409,608,4
47362,593,4,4
47363,593,140,4
47364,721,305,3
47365,697,1059,2
47366,83,828,3
47367,675,305,4
47368,528,185,4
47369,586,761,3
47370,622,89,5
47371,533,197,5
47372,655,778,2
47373,276,29,3
47374,42,468,4
47375,537,32,3
47376,527,169,4
47377,671,405,3
47378,541,1078,4
47379,666,31,3
47380,508,154,5
47381,409,23,4
47382,711,25,4
47383,716,628,3
47384,721,632,4
47385,672,864,3
47386,234,44,3
47387,642,1,5
47388,677,150,3
47389,536,98,4
47390,7,668,4
47391,478,410,3
47392,655,739,4
47393,214,1017,4
47394,454,1105,3
47395,653,449,3
47396,308,151,4
47397,491,129,4
47398,697,123,5
47399,666,191,4
47400,742,258,5
47401,405,1441,1
47402,7,635,3
47403,454,742,3
47404,290,191,3
47405,181,932,1
47406,707,1628,5
47407,271,956,4
47408,328,229,3
47409,416,955,4
47410,498,53,4
47411,540,1014,4
47412,334,257,4
47413,145,678,2
47414,737,428,4
47415,708,1,5
47416,453,1170,3
47417,655,42,3
47418,679,169,3
47419,293,121,3
47420,334,710,3
47421,389,591,3
47422,708,938,3
47423,129,748,2
47424,478,568,5
47425,415,432,4
47426,537,404,3
47427,682,291,1
47428,313,696,3
47429,601,22,4
47430,579,82,3
47431,234,172,3
47432,533,237,2
47433,456,789,3
47434,551,24,5
47435,59,736,5
47436,655,1462,3
47437,439,293,3
47438,683,321,5
47439,651,268,2
47440,531,748,4
47441,276,219,4
47442,687,336,2
47443,280,71,4
47444,254,416,4
47445,297,211,4
47446,90,490,5
47447,527,466,2
47448,119,1244,3
47449,502,350,3
47450,514,431,4
47451,529,876,3
47452,642,56,4
47453,422,294,3
47454,343,7,5
47455,138,137,5
47456,541,941,4
47457,644,289,1
47458,630,295,4
47459,457,410,4
47460,142,259,3
47461,569,268,3
47462,497,204,3
47463,564,831,3
47464,459,258,3
47465,237,474,5
47466,711,488,4
47467,395,458,3
47468,467,327,4
47469,405,438,1
47470,484,746,4
47471,276,122,3
47472,426,168,3
47473,712,181,5
47474,279,710,4
47475,500,479,5
47476,655,1532,2
47477,213,69,3
47478,716,663,5
47479,303,111,3
47480,715,425,4
47481,342,3,2
47482,347,742,5
47483,588,873,3
47484,666,209,4
47485,567,192,4
47486,31,262,5
47487,661,222,3
47488,671,298,4
47489,659,393,3
47490,409,607,5
47491,69,1144,5
47492,716,471,2
47493,426,631,3
47494,354,855,4
47495,707,486,3
47496,354,246,4
47497,290,117,3
47498,403,472,4
47499,158,325,4
47500,705,385,4
47501,521,168,4
47502,605,282,4
47503,535,631,5
47504,536,82,4
47505,313,202,5
47506,338,286,4
47507,495,11,5
47508,733,10,3
47509,245,300,4
47510,734,204,4
47511,184,632,5
47512,500,775,1
47513,284,303,5
47514,303,395,2
47515,745,492,5
47516,42,926,3
47517,297,535,3
47518,435,182,4
47519,159,948,2
47520,435,206,5
47521,1,192,4
47522,268,208,4
47523,268,223,3
47524,637,535,2
47525,543,582,3
47526,265,748,5
47527,736,296,4
47528,552,1048,3
47529,235,923,4
47530,655,1131,5
47531,58,1084,4
47532,84,411,2
47533,664,127,5
47534,734,99,4
47535,26,148,3
47536,654,468,4
47537,291,1305,3
47538,521,7,3
47539,1,178,5
47540,478,843,5
47541,713,1434,3
47542,130,1088,2
47543,402,12,4
47544,360,1149,4
47545,354,109,3
47546,487,347,2
47547,653,517,1
47548,90,59,5
47549,62,1129,5
47550,604,48,5
47551,711,1152,1
47552,721,690,3
47553,379,514,3
47554,204,288,3
47555,394,28,4
47556,718,926,2
47557,405,659,4
47558,494,65,5
47559,676,948,1
47560,363,210,4
47561,638,234,4
47562,650,98,4
47563,708,326,4
47564,655,522,3
47565,690,239,2
47566,708,871,1
47567,456,234,3
47568,586,160,4
47569,405,1147,2
47570,169,50,5
47571,43,69,4
47572,537,942,3
47573,659,636,3
47574,268,860,1
47575,586,181,4
47576,405,745,1
47577,623,283,4
47578,62,949,4
47579,145,246,4
47580,745,190,5
47581,463,248,3
47582,645,91,3
47583,380,443,4
47584,615,526,4
47585,533,747,5
47586,664,268,3
47587,504,490,4
47588,200,202,5
47589,738,367,3
47590,694,48,4
47591,618,763,2
47592,130,1275,5
47593,207,1435,2
47594,389,1204,4
47595,320,122,3
47596,250,12,5
47597,655,806,3
47598,523,634,5
47599,442,144,4
47600,548,340,1
47601,601,673,1
47602,539,124,4
47603,270,1073,5
47604,422,151,4
47605,121,717,5
47606,123,64,3
47607,387,410,3
47608,685,334,1
47609,638,550,5
47610,683,900,1
47611,293,789,2
47612,592,150,5
47613,21,656,5
47614,328,427,3
47615,416,172,5
47616,506,1136,3
47617,92,193,4
47618,705,151,3
47619,504,53,4
47620,374,323,3
47621,566,163,5
47622,460,242,4
47623,620,975,3
47624,224,1381,3
47625,655,880,2
47626,450,606,5
47627,645,518,5
47628,565,652,5
47629,291,722,4
47630,650,183,4
47631,491,124,5
47632,533,1173,4
47633,655,1490,2
47634,321,357,4
47635,659,942,3
47636,188,678,3
47637,587,690,3
47638,1,5,3
47639,645,168,4
47640,606,1190,3
47641,537,882,4
47642,244,1,4
47643,686,134,5
47644,716,97,4
47645,660,164,2
47646,429,961,3
47647,343,288,2
47648,597,1534,1
47649,311,630,5
47650,712,790,4
47651,343,56,5
47652,637,1233,5
47653,625,255,2
47654,106,28,4
47655,486,248,4
47656,618,195,3
47657,716,484,4
47658,710,116,4
47659,313,63,4
47660,740,319,3
47661,59,458,4
47662,735,1,4
47663,83,56,1
47664,314,1074,3
47665,529,270,4
47666,351,989,4
47667,393,22,4
47668,253,1404,3
47669,684,722,2
47670,7,575,3
47671,653,214,3
47672,95,58,3
47673,385,1110,2
47674,232,1149,5
47675,693,11,4
47676,271,462,4
47677,235,179,5
47678,412,182,4
47679,588,433,5
47680,454,77,4
47681,538,385,3
47682,715,73,4
47683,551,1419,1
47684,543,56,5
47685,561,362,2
47686,705,8,3
47687,698,751,3
47688,437,707,3
47689,292,48,5
47690,7,672,1
47691,502,258,2
47692,645,627,2
47693,280,764,4
47694,560,489,3
47695,562,218,4
47696,429,1071,2
47697,590,125,3
47698,65,1044,3
47699,463,1244,1
47700,490,293,2
47701,619,568,5
47702,641,192,4
47703,648,177,5
47704,533,423,5
47705,520,286,5
47706,524,1113,3
47707,472,404,3
47708,298,208,5
47709,507,333,4
47710,222,180,3
47711,270,1074,5
47712,707,1171,3
47713,663,272,5
47714,716,381,4
47715,435,1268,5
47716,294,827,1
47717,43,699,4
47718,606,71,5
47719,458,134,5
47720,661,238,4
47721,13,87,5
47722,624,147,4
47723,610,275,4
47724,255,300,3
47725,455,276,4
47726,393,977,4
47727,697,1245,1
47728,620,740,5
47729,503,70,4
47730,453,9,3
47731,697,754,3
47732,67,235,3
47733,13,631,3
47734,665,748,4
47735,493,684,4
47736,472,1058,4
47737,167,735,4
47738,279,33,4
47739,536,188,3
47740,666,502,3
47741,478,616,4
47742,689,597,4
47743,515,900,4
47744,92,9,4
47745,634,756,3
47746,712,785,5
47747,712,82,5
47748,658,129,3
47749,305,684,3
47750,551,11,5
47751,342,327,4
47752,83,259,2
47753,459,1115,3
47754,664,92,4
47755,132,521,4
47756,586,468,3
47757,590,127,4
47758,234,1285,3
47759,457,473,4
47760,115,980,4
47761,222,294,3
47762,634,762,3
47763,43,550,3
47764,500,709,4
47765,60,378,4
47766,541,1442,1
47767,238,294,3
47768,363,208,4
47769,613,126,5
47770,734,419,4
47771,92,575,2
47772,695,301,3
47773,589,243,3
47774,82,1078,3
47775,624,1028,3
47776,94,928,3
47777,130,2,4
47778,683,306,3
47779,504,1084,4
47780,710,300,3
47781,644,293,4
47782,497,11,3
47783,480,661,4
47784,648,407,4
47785,151,290,1
47786,490,181,4
47787,184,223,4
47788,663,243,3
47789,527,182,5
47790,496,96,4
47791,469,582,5
47792,310,50,5
47793,144,98,4
47794,747,228,4
47795,699,495,3
47796,160,276,5
47797,7,434,4
47798,439,1328,4
47799,197,332,2
47800,59,321,4
47801,473,9,5
47802,655,753,3
47803,5,387,3
47804,189,175,5
47805,393,1051,3
47806,621,763,4
47807,103,181,4
47808,544,323,2
47809,655,1535,3
47810,59,774,2
47811,723,28,3
47812,497,373,4
47813,608,1183,1
47814,398,168,3
47815,607,498,4
47816,658,45,5
47817,606,25,5
47818,85,707,4
47819,739,359,5
47820,606,925,4
47821,474,86,4
47822,710,200,4
47823,243,477,4
47824,592,898,2
47825,536,62,4
47826,175,195,3
47827,655,1600,3
47828,188,928,3
47829,632,215,4
47830,653,506,2
47831,605,1226,4
47832,526,544,1
47833,711,707,5
47834,694,699,4
47835,178,229,4
47836,155,331,3
47837,316,531,5
47838,10,60,3
47839,506,423,5
47840,429,70,4
47841,740,748,3
47842,230,588,5
47843,503,753,1
47844,201,473,3
47845,145,111,3
47846,503,504,4
47847,655,1560,2
47848,669,82,4
47849,699,258,5
47850,374,1001,1
47851,179,300,4
47852,503,702,2
47853,749,2,4
47854,654,22,5
47855,332,230,5
47856,144,307,1
47857,10,708,4
47858,377,194,5
47859,617,145,1
47860,1,87,5
47861,748,154,3
47862,709,816,2
47863,487,1016,5
47864,459,117,5
47865,567,469,4
47866,675,1653,5
47867,632,181,5
47868,321,182,3
47869,603,1483,5
47870,537,1045,3
47871,676,169,5
47872,697,277,5
47873,661,200,3
47874,521,8,3
47875,276,72,4
47876,378,31,4
47877,630,895,4
47878,546,977,5
47879,648,238,3
47880,512,56,5
47881,548,344,1
47882,619,252,3
47883,301,546,4
47884,745,215,3
47885,405,45,1
47886,718,300,5
47887,490,1067,2
47888,457,235,3
47889,724,311,1
47890,618,11,4
47891,646,347,2
47892,707,995,4
47893,23,162,3
47894,378,674,3
47895,691,56,4
47896,234,1452,4
47897,321,283,3
47898,416,781,4
47899,121,411,1
47900,435,625,2
47901,655,700,3
47902,486,1082,2
47903,374,2,4
47904,493,183,5
47905,417,219,3
47906,716,969,4
47907,577,191,4
47908,694,22,5
47909,536,443,3
47910,222,56,5
47911,616,348,3
47912,735,258,4
47913,385,652,5
47914,63,596,2
47915,488,514,2
47916,577,194,4
47917,301,412,4
47918,405,351,1
47919,416,1469,3
47920,734,98,4
47921,747,25,3
47922,682,697,4
47923,715,217,2
47924,650,546,1
47925,488,724,3
47926,718,111,4
47927,621,109,4
47928,749,56,2
47929,373,946,5
47930,447,629,3
47931,748,528,3
47932,389,56,5
47933,608,136,3
47934,648,70,2
47935,680,274,3
47936,621,53,4
47937,326,419,3
47938,660,228,3
47939,462,259,3
47940,717,322,5
47941,587,691,4
47942,214,173,4
47943,280,528,3
47944,95,216,5
47945,13,668,1
47946,499,50,3
47947,311,499,4
47948,534,286,3
47949,266,319,2
47950,601,154,5
47951,399,31,3
47952,704,461,3
47953,69,234,5
47954,24,92,5
47955,654,13,1
47956,92,95,3
47957,644,291,4
47958,450,1435,4
47959,666,1011,4
47960,707,799,4
47961,716,187,3
47962,479,1608,2
47963,201,436,3
47964,339,131,5
47965,665,117,4
47966,328,597,3
47967,435,156,4
47968,646,1237,3
47969,749,125,5
47970,294,1012,4
47971,727,746,4
47972,655,1644,1
47973,486,298,3
47974,682,737,3
47975,453,496,4
47976,295,222,4
47977,585,1623,4
47978,350,435,5
47979,600,22,5
47980,682,327,3
47981,648,997,1
47982,653,234,3
47983,113,288,3
47984,279,1490,4
47985,440,70,4
47986,435,631,2
47987,479,24,3
47988,524,405,2
47989,405,794,5
47990,499,194,4
47991,653,451,2
47992,746,96,4
47993,654,963,4
47994,215,180,3
47995,537,42,3
47996,655,433,2
47997,378,213,5
47998,413,328,3
47999,532,451,4
48000,246,96,3
48001,654,268,1
48002,490,137,3
48003,506,67,3
48004,746,117,4
48005,718,591,4
48006,738,196,4
48007,85,65,3
48008,344,476,3
48009,89,731,3
48010,151,443,5
48011,666,636,4
48012,694,216,4
48013,286,301,5
48014,653,790,2
48015,393,1028,3
48016,357,760,3
48017,269,208,2
48018,573,10,4
48019,731,197,5
48020,417,232,3
48021,709,633,3
48022,515,1399,4
48023,699,224,3
48024,657,922,4
48025,586,202,4
48026,508,229,2
48027,716,1039,5
48028,546,234,4
48029,642,1480,1
48030,233,293,4
48031,708,751,4
48032,696,523,5
48033,611,751,4
48034,504,632,3
48035,455,270,4
48036,429,928,2
48037,577,71,5
48038,514,385,3
48039,233,371,5
48040,28,332,2
48041,692,1040,2
48042,690,64,5
48043,279,1488,4
48044,325,1523,4
48045,606,135,5
48046,332,96,5
48047,82,175,4
48048,495,944,5
48049,376,301,3
48050,276,235,4
48051,504,90,3
48052,488,168,4
48053,85,246,4
48054,577,147,4
48055,325,205,4
48056,701,100,5
48057,440,904,5
48058,716,191,5
48059,405,317,4
48060,734,166,3
48061,553,191,4
48062,629,984,3
48063,682,412,1
48064,549,100,4
48065,544,271,3
48066,561,1512,5
48067,733,253,3
48068,719,50,2
48069,164,222,4
48070,693,568,4
48071,641,303,3
48072,451,1265,4
48073,171,304,3
48074,439,121,2
48075,429,654,4
48076,207,546,3
48077,386,405,4
48078,1,238,4
48079,735,741,2
48080,653,520,3
48081,663,928,3
48082,606,326,4
48083,749,663,4
48084,450,761,4
48085,406,11,4
48086,606,194,4
48087,347,76,5
48088,490,246,2
48089,717,328,4
48090,737,186,5
48091,417,80,4
48092,627,4,2
48093,650,742,3
48094,514,582,4
48095,552,934,3
48096,643,501,4
48097,711,196,5
48098,315,324,3
48099,339,485,5
48100,405,563,1
48101,106,647,3
48102,450,67,3
48103,705,121,5
48104,551,216,5
48105,663,23,4
48106,595,294,2
48107,244,1136,3
48108,664,212,4
48109,586,29,5
48110,423,299,3
48111,561,980,3
48112,234,942,3
48113,393,930,3
48114,389,72,3
48115,378,254,1
48116,234,956,3
48117,514,393,3
48118,657,286,4
48119,548,284,3
48120,134,301,2
48121,616,333,2
48122,642,585,5
48123,749,366,4
48124,545,742,4
48125,699,300,3
48126,697,596,4
48127,299,152,4
48128,546,294,1
48129,608,25,4
48130,655,498,3
48131,280,1051,4
48132,557,325,3
48133,655,70,2
48134,721,259,3
48135,198,131,3
48136,712,812,4
48137,716,673,4
48138,2,274,3
48139,750,330,2
48140,457,472,4
48141,664,328,3
48142,663,268,3
48143,655,903,3
48144,320,145,4
48145,665,845,4
48146,552,25,3
48147,743,288,2
48148,564,300,4
48149,639,513,4
48150,653,696,1
48151,656,344,4
48152,525,1014,3
48153,49,181,1
48154,286,742,5
48155,483,318,3
48156,343,81,5
48157,409,430,4
48158,563,153,4
48159,32,111,3
48160,632,402,3
48161,682,317,4
48162,425,1595,2
48163,436,38,3
48164,694,504,3
48165,691,170,5
48166,694,197,5
48167,522,12,5
48168,721,191,3
48169,699,479,3
48170,66,825,3
48171,184,170,5
48172,633,110,3
48173,642,233,4
48174,532,1039,4
48175,689,125,3
48176,686,327,5
48177,327,7,3
48178,94,210,4
48179,707,286,5
48180,394,186,5
48181,739,69,5
48182,624,273,4
48183,721,82,4
48184,13,692,4
48185,514,403,3
48186,716,86,5
48187,682,205,3
48188,697,242,5
48189,56,578,3
48190,669,517,3
48191,627,226,1
48192,207,82,3
48193,694,1263,3
48194,682,75,4
48195,523,1,5
48196,194,871,2
48197,451,328,5
48198,384,302,5
48199,538,294,3
48200,251,300,4
48201,299,248,5
48202,747,108,4
48203,480,1007,4
48204,632,144,4
48205,738,318,5
48206,201,607,4
48207,691,8,2
48208,683,299,3
48209,361,742,1
48210,653,88,3
48211,577,549,5
48212,655,64,4
48213,721,749,3
48214,1,156,4
48215,743,273,3
48216,620,225,3
48217,294,743,2
48218,664,479,5
48219,535,962,4
48220,13,576,3
48221,682,554,3
48222,727,628,3
48223,648,173,5
48224,650,179,2
48225,654,288,3
48226,629,15,5
48227,503,739,1
48228,676,117,4
48229,532,796,5
48230,407,496,5
48231,655,906,2
48232,588,1053,3
48233,479,265,4
48234,634,932,3
48235,617,1019,4
48236,456,474,5
48237,655,740,3
48238,293,568,4
48239,738,151,4
48240,393,78,2
48241,222,1066,1
48242,186,38,5
48243,624,1048,4
48244,454,22,4
48245,38,717,1
48246,489,887,2
48247,747,208,5
48248,496,56,5
48249,85,87,4
48250,738,205,5
48251,715,70,3
48252,13,510,5
48253,537,392,2
48254,581,224,4
48255,503,285,4
48256,379,306,3
48257,533,663,5
48258,738,180,5
48259,749,49,4
48260,565,639,5
48261,699,325,5
48262,474,507,4
48263,334,91,4
48264,445,1012,1
48265,488,357,4
48266,727,259,4
48267,585,213,5
48268,661,603,3
48269,551,849,5
48270,561,559,1
48271,586,1042,4
48272,502,681,1
48273,479,96,4
48274,597,295,3
48275,642,89,2
48276,543,157,3
48277,548,1016,4
48278,605,260,4
48279,472,890,4
48280,450,479,4
48281,564,597,4
48282,256,387,4
48283,274,220,4
48284,7,202,3
48285,741,95,2
48286,588,230,1
48287,308,792,3
48288,393,944,4
48289,579,211,3
48290,268,1188,3
48291,479,380,3
48292,701,255,3
48293,487,790,3
48294,709,125,4
48295,748,748,4
48296,455,7,4
48297,522,192,5
48298,554,423,4
48299,545,199,4
48300,117,7,3
48301,693,403,2
48302,530,64,5
48303,704,152,2
48304,574,269,5
48305,250,1073,5
48306,121,472,3
48307,632,735,4
48308,472,391,2
48309,62,144,3
48310,269,818,3
48311,673,750,5
48312,389,615,4
48313,579,326,3
48314,215,168,5
48315,513,118,4
48316,479,111,4
48317,441,121,4
48318,590,13,4
48319,550,1620,4
48320,416,97,5
48321,655,239,2
48322,727,831,3
48323,251,60,4
48324,692,756,2
48325,345,461,3
48326,667,168,3
48327,561,432,5
48328,484,692,5
48329,721,135,3
48330,422,326,3
48331,6,502,4
48332,182,596,5
48333,405,441,1
48334,137,866,3
48335,405,61,1
48336,719,281,3
48337,453,49,3
48338,608,321,2
48339,458,255,2
48340,603,271,2
48341,655,92,3
48342,574,1062,5
48343,60,225,3
48344,500,72,4
48345,406,1203,2
48346,194,1410,2
48347,506,96,4
48348,648,143,4
48349,543,98,4
48350,370,269,5
48351,747,23,5
48352,135,452,2
48353,8,96,3
48354,198,820,1
48355,660,216,2
48356,738,183,5
48357,303,41,5
48358,363,854,1
48359,537,426,1
48360,452,659,4
48361,110,397,3
48362,145,597,4
48363,104,330,1
48364,680,845,4
48365,640,56,5
48366,489,874,2
48367,450,705,4
48368,584,449,2
48369,13,572,2
48370,716,496,5
48371,393,65,2
48372,593,661,2
48373,660,316,4
48374,331,178,3
48375,452,418,4
48376,457,948,1
48377,536,153,4
48378,517,538,4
48379,393,86,2
48380,450,821,2
48381,73,660,4
48382,714,181,5
48383,749,1,4
48384,699,276,3
48385,458,644,4
48386,5,447,3
48387,588,69,2
48388,207,216,5
48389,280,103,3
48390,597,763,4
48391,325,132,3
48392,659,157,4
48393,102,546,3
48394,537,469,3
48395,655,86,4
48396,664,778,3
48397,535,609,4
48398,429,207,4
48399,474,836,3
48400,537,445,3
48401,37,385,4
48402,727,33,3
48403,745,7,4
48404,659,172,3
48405,738,199,4
48406,654,116,4
48407,666,187,5
48408,291,756,3
48409,559,182,4
48410,690,649,4
48411,269,8,2
48412,381,778,4
48413,716,96,2
48414,642,565,4
48415,643,410,4
48416,642,579,4
48417,642,444,1
48418,286,724,3
48419,577,728,3
48420,185,321,5
48421,303,829,2
48422,342,1070,3
48423,7,523,4
48424,537,1335,3
48425,660,67,1
48426,663,25,4
48427,58,181,3
48428,508,423,5
48429,534,121,4
48430,543,272,3
48431,617,288,1
48432,726,845,3
48433,648,67,4
48434,738,96,5
48435,218,42,4
48436,601,201,5
48437,85,174,4
48438,429,66,2
48439,141,257,3
48440,669,117,1
48441,43,186,3
48442,305,382,5
48443,653,55,3
48444,724,937,3
48445,413,936,4
48446,480,479,4
48447,3,344,4
48448,717,150,4
48449,465,181,3
48450,728,117,4
48451,533,566,4
48452,654,28,5
48453,592,1014,4
48454,722,118,4
48455,339,719,3
48456,537,705,3
48457,606,313,5
48458,657,628,3
48459,749,142,4
48460,345,1074,3
48461,244,158,3
48462,648,406,3
48463,270,319,5
48464,657,475,4
48465,692,100,4
48466,503,133,5
48467,683,302,5
48468,440,988,1
48469,653,136,1
48470,624,323,2
48471,628,845,5
48472,239,514,1
48473,515,748,2
48474,733,147,1
48475,580,289,5
48476,572,289,3
48477,398,127,4
48478,524,204,3
48479,234,222,3
48480,676,1527,1
48481,528,505,4
48482,690,163,3
48483,279,239,4
48484,187,8,5
48485,474,519,4
48486,624,1095,2
48487,405,1548,1
48488,537,1134,3
48489,650,281,2
48490,650,554,2
48491,450,622,5
48492,699,989,4
48493,618,124,1
48494,303,174,5
48495,733,676,4
48496,625,483,5
48497,201,1192,3
48498,385,1037,1
48499,593,322,2
48500,432,294,4
48501,593,568,4
48502,345,258,4
48503,541,732,3
48504,682,1091,3
48505,537,141,3
48506,5,228,5
48507,130,290,3
48508,268,294,3
48509,624,678,3
48510,378,1047,2
48511,554,238,3
48512,655,354,2
48513,718,240,1
48514,751,568,3
48515,104,124,2
48516,332,323,5
48517,387,678,3
48518,717,294,3
48519,537,93,3
48520,113,1251,5
48521,630,1023,4
48522,747,223,5
48523,454,694,2
48524,247,750,4
48525,707,124,4
48526,74,539,3
48527,712,783,3
48528,618,625,4
48529,312,137,3
48530,168,313,5
48531,309,258,5
48532,749,399,3
48533,452,180,4
48534,234,1221,4
48535,506,461,2
48536,730,332,3
48537,684,239,4
48538,640,318,5
48539,388,237,5
48540,707,45,4
48541,666,591,2
48542,405,439,1
48543,727,24,3
48544,26,815,2
48545,301,503,3
48546,223,117,5
48547,707,705,4
48548,94,121,2
48549,7,141,5
48550,707,1109,5
48551,78,871,3
48552,749,252,3
48553,654,216,4
48554,716,340,3
48555,505,435,3
48556,538,100,4
48557,212,735,4
48558,392,303,4
48559,478,7,1
48560,716,23,4
48561,543,1441,3
48562,238,538,4
48563,528,168,4
48564,489,316,5
48565,697,125,3
48566,711,1119,4
48567,528,203,4
48568,747,432,5
48569,714,255,2
48570,416,42,3
48571,572,277,1
48572,452,518,5
48573,561,751,3
48574,467,246,5
48575,625,480,4
48576,599,508,3
48577,129,242,4
48578,727,73,4
48579,705,64,5
48580,702,228,5
48581,617,563,1
48582,750,286,4
48583,17,919,4
48584,417,804,3
48585,398,604,5
48586,669,902,2
48587,429,559,3
48588,59,900,4
48589,554,820,2
48590,711,739,3
48591,178,180,3
48592,216,98,5
48593,373,184,4
48594,712,498,3
48595,586,541,3
48596,639,414,3
48597,643,550,3
48598,532,227,4
48599,648,181,5
48600,523,70,5
48601,653,572,2
48602,593,619,3
48603,40,300,3
48604,328,135,3
48605,378,509,4
48606,298,523,4
48607,506,503,4
48608,296,628,5
48609,404,683,4
48610,24,288,3
48611,756,63,3
48612,738,178,4
48613,561,971,3
48614,426,491,4
48615,632,705,5
48616,627,239,3
48617,710,22,3
48618,174,381,5
48619,334,506,3
48620,497,325,2
48621,399,203,4
48622,33,271,4
48623,666,523,4
48624,303,734,1
48625,654,79,5
48626,665,393,3
48627,293,780,3
48628,749,31,5
48629,429,584,4
48630,269,68,3
48631,615,178,5
48632,606,729,4
48633,485,328,2
48634,262,955,2
48635,649,1244,3
48636,536,213,5
48637,727,433,5
48638,545,551,4
48639,676,144,4
48640,373,496,5
48641,671,720,3
48642,389,824,3
48643,373,150,4
48644,645,183,4
48645,244,871,3
48646,254,616,1
48647,586,11,3
48648,655,44,2
48649,700,96,4
48650,537,24,1
48651,757,399,3
48652,682,723,1
48653,271,474,3
48654,703,7,4
48655,705,1,5
48656,629,423,5
48657,711,463,5
48658,747,48,5
48659,450,90,4
48660,621,401,1
48661,615,175,5
48662,344,742,3
48663,525,124,3
48664,601,153,4
48665,469,511,5
48666,52,100,4
48667,455,709,3
48668,260,258,3
48669,707,735,4
48670,407,209,5
48671,267,198,5
48672,479,510,4
48673,648,679,3
48674,756,367,4
48675,500,118,3
48676,669,127,5
48677,549,127,5
48678,594,50,3
48679,513,222,5
48680,480,258,3
48681,403,291,4
48682,178,79,4
48683,751,301,5
48684,388,100,3
48685,635,276,3
48686,487,423,4
48687,672,1028,4
48688,293,1421,2
48689,373,99,5
48690,417,451,4
48691,141,291,5
48692,627,191,4
48693,274,200,4
48694,682,862,1
48695,532,135,3
48696,531,245,4
48697,268,1118,3
48698,560,240,3
48699,437,428,5
48700,627,729,1
48701,618,191,4
48702,660,810,3
48703,42,239,5
48704,566,575,1
48705,234,9,3
48706,436,65,4
48707,62,245,2
48708,660,755,2
48709,499,690,4
48710,399,289,4
48711,568,132,2
48712,399,1217,4
48713,470,283,5
48714,551,117,5
48715,483,582,3
48716,591,172,3
48717,498,89,5
48718,567,659,4
48719,286,451,5
48720,585,1005,4
48721,658,151,5
48722,611,286,5
48723,181,833,1
48724,711,658,4
48725,545,230,5
48726,399,227,2
48727,466,268,2
48728,482,269,4
48729,692,321,3
48730,370,31,3
48731,577,65,5
48732,579,209,4
48733,337,228,5
48734,392,272,5
48735,639,471,2
48736,699,825,3
48737,488,732,4
48738,454,199,3
48739,622,118,1
48740,664,70,3
48741,11,690,4
48742,718,689,4
48743,621,128,4
48744,232,48,5
48745,130,455,4
48746,504,447,4
48747,536,474,5
48748,733,294,2
48749,639,1195,2
48750,7,670,5
48751,655,647,3
48752,313,615,4
48753,603,12,5
48754,757,196,4
48755,207,1272,3
48756,734,607,5
48757,476,1271,2
48758,456,357,4
48759,241,268,4
48760,256,628,5
48761,347,660,2
48762,655,234,3
48763,60,755,4
48764,455,382,3
48765,561,214,3
48766,83,993,2
48767,95,197,4
48768,588,132,5
48769,669,527,3
48770,487,378,5
48771,699,307,3
48772,380,357,4
48773,606,176,5
48774,452,212,2
48775,527,628,3
48776,566,161,4
48777,682,673,3
48778,472,1074,5
48779,717,100,4
48780,682,1222,3
48781,64,153,3
48782,636,1,3
48783,498,447,3
48784,495,186,5
48785,666,604,3
48786,92,758,1
48787,650,180,3
48788,326,663,1
48789,417,546,3
48790,346,234,2
48791,618,197,3
48792,499,521,4
48793,741,783,3
48794,556,12,5
48795,711,476,4
48796,588,83,5
48797,576,319,3
48798,503,740,5
48799,567,124,4
48800,690,194,4
48801,631,301,4
48802,517,258,5
48803,94,436,5
48804,24,98,5
48805,697,989,2
48806,217,62,2
48807,543,161,4
48808,481,86,5
48809,551,710,5
48810,177,60,4
48811,682,9,3
48812,442,231,3
48813,757,71,4
48814,640,919,5
48815,60,286,5
48816,342,487,5
48817,453,164,3
48818,756,603,5
48819,381,94,3
48820,99,120,2
48821,432,249,5
48822,618,82,4
48823,655,537,3
48824,280,728,3
48825,629,292,4
48826,4,11,4
48827,669,300,4
48828,593,174,4
48829,416,200,5
48830,198,64,4
48831,671,1073,3
48832,385,1499,5
48833,246,841,1
48834,524,965,4
48835,586,452,3
48836,62,699,4
48837,526,690,3
48838,57,473,3
48839,639,584,2
48840,500,211,3
48841,298,88,5
48842,307,164,4
48843,624,124,4
48844,401,508,3
48845,707,163,2
48846,677,323,4
48847,693,1145,2
48848,716,105,2
48849,751,178,5
48850,548,466,5
48851,587,266,1
48852,495,231,3
48853,654,204,4
48854,435,862,1
48855,353,327,2
48856,504,102,3
48857,495,768,3
48858,334,248,4
48859,200,455,3
48860,647,291,3
48861,589,323,2
48862,141,717,4
48863,655,529,4
48864,451,268,2
48865,62,127,4
48866,468,238,3
48867,327,302,3
48868,551,235,1
48869,664,462,4
48870,551,188,5
48871,435,748,4
48872,727,132,2
48873,698,491,2
48874,399,164,2
48875,585,736,4
48876,738,916,3
48877,64,98,4
48878,679,416,3
48879,747,1050,3
48880,505,50,3
48881,707,371,3
48882,727,419,2
48883,653,1188,1
48884,180,739,3
48885,627,949,2
48886,537,625,3
48887,510,681,1
48888,326,176,2
48889,556,513,4
48890,158,284,5
48891,682,1655,2
48892,484,111,4
48893,567,9,4
48894,374,934,3
48895,724,877,1
48896,286,934,3
48897,737,89,4
48898,634,13,4
48899,514,890,1
48900,672,931,1
48901,406,480,4
48902,619,307,2
48903,276,1,5
48904,650,1247,1
48905,314,25,3
48906,727,177,4
48907,7,605,4
48908,457,176,5
48909,693,631,3
48910,294,535,4
48911,490,50,5
48912,459,260,2
48913,716,405,4
48914,168,405,4
48915,318,196,3
48916,715,204,4
48917,405,674,1
48918,618,419,4
48919,660,120,1
48920,144,632,4
48921,682,447,2
48922,622,250,4
48923,284,289,3
48924,756,527,3
48925,718,273,3
48926,537,664,3
48927,90,340,4
48928,410,690,4
48929,501,741,5
48930,632,98,4
48931,276,1046,3
48932,197,1222,3
48933,307,483,5
48934,591,393,4
48935,514,652,4
48936,16,180,5
48937,501,342,4
48938,551,55,5
48939,459,1039,3
48940,610,477,2
48941,717,331,3
48942,627,554,2
48943,684,204,4
48944,527,14,2
48945,472,895,4
48946,648,505,4
48947,460,515,5
48948,629,202,4
48949,271,1120,2
48950,200,405,3
48951,152,121,5
48952,23,541,4
48953,655,294,3
48954,710,264,2
48955,474,659,5
48956,682,761,4
48957,326,127,1
48958,536,151,3
48959,445,818,1
48960,457,185,5
48961,369,358,3
48962,727,1217,3
48963,219,631,5
48964,653,550,3
48965,622,233,4
48966,531,286,5
48967,595,824,3
48968,557,180,5
48969,291,11,4
48970,712,746,4
48971,314,731,4
48972,707,151,4
48973,624,260,2
48974,496,1060,1
48975,474,26,4
48976,747,486,5
48977,588,588,4
48978,181,864,2
48979,643,519,4
48980,363,161,4
48981,22,1000,3
48982,648,403,4
48983,708,1047,2
48984,280,203,4
48985,22,566,3
48986,620,404,4
48987,653,742,3
48988,747,1375,4
48989,745,425,4
48990,344,118,3
48991,648,1376,2
48992,656,303,4
48993,203,742,3
48994,195,451,5
48995,94,433,4
48996,551,282,5
48997,537,310,3
48998,639,275,4
48999,606,428,3
49000,411,56,4
49001,655,1221,3
49002,499,251,5
49003,699,319,3
49004,58,773,4
49005,508,230,2
49006,507,257,5
49007,378,663,3
49008,301,271,4
49009,393,501,3
49010,639,300,3
49011,227,240,1
49012,672,476,5
49013,711,340,5
49014,668,29,3
49015,99,282,3
49016,553,661,5
49017,741,399,2
49018,458,474,4
49019,546,145,4
49020,630,930,3
49021,504,1277,4
49022,678,7,4
49023,316,89,1
49024,699,977,2
49025,532,44,5
49026,561,589,3
49027,665,249,5
49028,374,975,4
49029,452,615,3
49030,597,235,4
49031,664,234,3
49032,634,864,3
49033,311,944,4
49034,128,404,3
49035,533,205,5
49036,650,163,3
49037,627,597,3
49038,698,603,4
49039,727,1231,3
49040,447,11,4
49041,181,1319,1
49042,690,1207,3
49043,664,47,4
49044,605,176,4
49045,521,655,4
49046,146,1293,5
49047,568,213,4
49048,703,117,4
49049,500,412,1
49050,668,333,3
49051,486,150,3
49052,620,118,4
49053,562,230,1
49054,187,462,5
49055,7,452,5
49056,618,427,5
49057,622,217,4
49058,458,203,5
49059,385,1008,4
49060,650,154,3
49061,417,168,4
49062,602,181,5
49063,433,246,4
49064,600,269,4
49065,682,83,3
49066,747,783,1
49067,537,81,3
49068,711,692,3
49069,640,751,4
49070,563,181,4
49071,611,299,1
49072,660,1183,1
49073,666,684,4
49074,374,637,4
49075,5,250,3
49076,59,402,4
49077,635,1,4
49078,63,473,2
49079,537,337,3
49080,660,1074,1
49081,416,216,5
49082,715,174,4
49083,618,176,4
49084,332,56,5
49085,305,713,4
49086,11,504,3
49087,521,135,4
49088,97,133,1
49089,305,198,4
49090,745,520,3
49091,316,44,4
49092,658,56,5
49093,714,121,4
49094,650,82,3
49095,345,498,4
49096,740,289,4
49097,561,657,4
49098,736,532,4
49099,496,186,4
49100,493,405,2
49101,665,195,3
49102,393,393,3
49103,526,475,5
49104,102,73,3
49105,532,925,4
49106,751,248,5
49107,588,638,4
49108,474,44,3
49109,33,339,3
49110,401,315,4
49111,587,271,4
49112,752,286,1
49113,749,188,3
49114,659,269,4
49115,653,204,4
49116,387,22,5
49117,645,228,3
49118,291,246,5
49119,651,286,4
49120,615,631,4
49121,525,928,3
49122,632,234,3
49123,541,588,4
49124,249,403,4
49125,139,288,4
49126,561,183,5
49127,715,150,4
49128,710,751,3
49129,271,815,3
49130,10,170,4
49131,698,659,3
49132,690,794,3
49133,648,125,2
49134,256,182,4
49135,758,347,3
49136,374,1218,2
49137,59,179,5
49138,7,606,3
49139,457,180,5
49140,632,510,5
49141,666,1132,3
49142,13,163,3
49143,405,91,2
49144,654,246,1
49145,573,174,4
49146,607,475,4
49147,22,144,5
49148,391,490,4
49149,49,85,3
49150,292,491,4
49151,659,177,5
49152,486,1120,3
49153,749,1337,3
49154,658,527,5
49155,363,248,5
49156,655,293,4
49157,671,241,5
49158,666,530,3
49159,655,1140,3
49160,599,319,2
49161,610,117,4
49162,436,111,4
49163,655,167,4
49164,604,448,5
49165,568,494,4
49166,749,735,5
49167,378,780,2
49168,655,1602,3
49169,450,709,3
49170,7,386,4
49171,440,198,4
49172,592,479,4
49173,507,222,5
49174,142,294,3
49175,554,66,3
49176,145,826,2
49177,399,455,4
49178,334,537,4
49179,407,257,4
49180,504,40,4
49181,399,332,3
49182,634,1142,3
49183,716,133,5
49184,344,86,4
49185,655,346,4
49186,417,5,4
49187,132,251,4
49188,575,304,2
49189,207,125,4
49190,194,1408,1
49191,468,121,4
49192,537,670,2
49193,627,405,3
49194,58,367,5
49195,436,790,3
49196,741,69,4
49197,416,843,3
49198,88,880,3
49199,221,384,3
49200,537,1113,3
49201,749,154,5
49202,389,383,2
49203,716,144,2
49204,557,96,5
49205,312,427,5
49206,373,22,5
49207,747,116,4
49208,457,257,3
49209,350,89,4
49210,727,569,2
49211,84,273,4
49212,430,42,3
49213,399,385,3
49214,715,1011,4
49215,344,13,3
49216,655,654,3
49217,676,1654,1
49218,595,181,5
49219,524,558,4
49220,405,1297,1
49221,749,406,4
49222,223,1088,4
49223,60,513,5
49224,279,1027,4
49225,675,1101,4
49226,78,93,4
49227,119,826,4
49228,527,283,4
49229,633,121,3
49230,405,173,5
49231,43,367,4
49232,82,546,3
49233,590,286,5
49234,742,109,1
49235,733,1009,2
49236,654,173,5
49237,272,238,5
49238,748,22,4
49239,314,1012,4
49240,457,658,4
49241,130,321,5
49242,682,204,3
49243,594,319,3
49244,682,1232,2
49245,737,222,3
49246,474,648,4
49247,727,432,2
49248,230,498,5
49249,393,369,3
49250,515,687,3
49251,363,325,1
49252,332,38,2
49253,359,323,3
49254,650,63,2
49255,181,1117,2
49256,554,100,3
49257,749,151,5
49258,586,1273,4
49259,716,443,4
49260,92,49,3
49261,707,525,3
49262,267,56,5
49263,478,1,4
49264,676,962,4
49265,393,135,1
49266,718,1048,2
49267,741,435,4
49268,159,25,5
49269,311,1217,3
49270,561,956,4
49271,407,393,2
49272,393,5,3
49273,595,880,3
49274,374,240,1
49275,678,924,2
49276,328,230,3
49277,148,234,3
49278,758,135,5
49279,311,393,4
49280,630,322,3
49281,732,300,4
49282,627,76,3
49283,588,959,5
49284,344,494,4
49285,307,178,3
49286,476,648,4
49287,291,783,2
49288,630,96,4
49289,731,378,1
49290,403,222,5
49291,666,427,4
49292,642,575,3
49293,646,300,3
49294,423,329,3
49295,532,267,3
49296,724,266,1
49297,379,161,2
49298,595,820,2
49299,535,1136,4
49300,514,26,3
49301,627,11,4
49302,104,1028,2
49303,160,1142,5
49304,637,289,2
49305,451,1022,4
49306,608,487,4
49307,737,47,3
49308,752,272,4
49309,63,284,3
49310,102,219,2
49311,559,393,2
49312,592,193,5
49313,436,182,5
49314,435,1061,3
49315,151,33,5
49316,523,306,5
49317,624,1016,3
49318,751,305,2
49319,6,308,3
49320,738,175,4
49321,427,304,4
49322,198,480,4
49323,7,238,5
49324,670,15,4
49325,698,307,4
49326,486,129,4
49327,549,118,4
49328,721,302,3
49329,694,654,4
49330,504,245,4
49331,69,197,5
49332,701,315,5
49333,555,121,3
49334,535,1045,4
49335,634,106,3
49336,683,187,5
49337,608,660,5
49338,617,648,3
49339,504,465,3
49340,621,391,3
49341,435,569,3
49342,286,386,3
49343,58,405,2
49344,458,117,4
49345,449,248,4
49346,661,48,4
49347,49,396,4
49348,276,1482,4
49349,643,732,3
49350,194,737,4
49351,472,226,5
49352,731,168,1
49353,167,513,4
49354,660,201,3
49355,416,66,5
49356,353,270,2
49357,588,475,2
49358,658,844,3
49359,707,269,4
49360,5,145,1
49361,161,486,1
49362,592,844,4
49363,712,431,3
49364,524,47,2
49365,623,181,5
49366,524,209,4
49367,642,8,5
49368,537,495,2
49369,537,510,3
49370,545,575,3
49371,110,184,1
49372,405,420,5
49373,453,1273,2
49374,159,1258,1
49375,608,61,5
49376,655,475,3
49377,92,202,3
49378,537,1245,3
49379,505,125,3
49380,505,385,4
49381,632,17,3
49382,234,712,2
49383,640,85,5
49384,296,313,5
49385,567,653,5
49386,500,204,3
49387,561,443,4
49388,655,1288,3
49389,466,292,4
49390,294,1254,3
49391,517,105,1
49392,125,144,5
49393,435,172,5
49394,643,195,5
49395,682,942,2
49396,619,1231,2
49397,89,1119,3
49398,551,747,3
49399,694,98,5
49400,28,447,3
49401,13,164,3
49402,758,298,4
49403,554,265,4
49404,714,597,3
49405,538,28,3
49406,59,197,5
49407,629,301,3
49408,715,58,4
49409,429,493,4
49410,487,88,4
49411,625,134,4
49412,140,245,3
49413,13,635,1
49414,608,300,1
49415,95,237,2
49416,468,372,2
49417,667,313,3
49418,511,682,4
49419,719,223,5
49420,757,161,3
49421,599,888,5
49422,459,108,1
49423,352,86,4
49424,94,194,4
49425,659,192,4
49426,83,356,4
49427,642,82,5
49428,532,268,4
49429,458,58,5
49430,431,302,3
49431,397,172,5
49432,211,64,3
49433,37,405,4
49434,303,93,5
49435,682,3,3
49436,381,1,5
49437,207,9,4
49438,532,898,4
49439,738,265,4
49440,543,761,2
49441,399,307,3
49442,104,926,1
49443,90,530,3
49444,644,1620,4
49445,448,301,1
49446,463,926,1
49447,488,50,4
49448,588,658,5
49449,495,161,4
49450,520,302,3
49451,720,304,4
49452,437,143,5
49453,712,584,4
49454,682,802,2
49455,698,275,4
49456,234,99,5
49457,538,82,4
49458,757,100,3
49459,692,412,4
49460,727,949,3
49461,533,43,4
49462,503,662,3
49463,407,258,4
49464,128,955,5
49465,696,689,1
49466,566,230,2
49467,64,141,4
49468,468,462,4
49469,758,517,3
49470,244,1119,5
49471,705,300,5
49472,405,1499,1
49473,416,500,5
49474,262,90,4
49475,587,316,4
49476,711,283,4
49477,660,483,4
49478,346,403,3
49479,618,22,4
49480,708,328,3
49481,264,93,5
49482,654,124,4
49483,301,145,3
49484,664,636,3
49485,385,37,4
49486,479,688,1
49487,181,1102,1
49488,606,216,5
49489,207,461,3
49490,671,327,1
49491,506,210,5
49492,557,50,4
49493,655,1061,2
49494,279,845,1
49495,592,825,1
49496,758,127,5
49497,514,169,5
49498,462,272,5
49499,303,246,5
49500,707,165,3
49501,536,210,5
49502,722,300,3
49503,663,287,5
49504,586,586,2
49505,232,423,4
49506,750,301,4
49507,749,1089,3
49508,562,118,3
49509,696,312,4
49510,298,196,4
49511,550,688,3
49512,703,458,3
49513,617,444,4
49514,716,588,4
49515,716,181,4
49516,758,258,4
49517,666,257,3
49518,279,1170,1
49519,244,1095,2
49520,551,44,4
49521,128,1053,3
49522,347,24,3
49523,611,268,5
49524,643,255,4
49525,354,520,3
49526,747,303,5
49527,756,99,3
49528,690,523,4
49529,92,1,4
49530,297,32,4
49531,619,879,4
49532,51,144,5
49533,237,187,3
49534,660,542,2
49535,201,202,3
49536,655,319,3
49537,749,73,4
49538,618,684,3
49539,303,653,4
49540,603,294,4
49541,72,50,2
49542,411,228,3
49543,620,423,5
49544,521,385,3
49545,284,903,4
49546,495,431,5
49547,608,174,3
49548,614,294,4
49549,224,54,3
49550,694,517,4
49551,693,300,2
49552,206,1176,1
49553,665,357,4
49554,323,1012,4
49555,705,932,5
49556,256,82,5
49557,607,222,3
49558,648,71,3
49559,560,270,4
49560,579,381,3
49561,293,179,4
49562,642,627,3
49563,593,423,4
49564,619,127,4
49565,655,772,3
49566,587,270,4
49567,158,29,3
49568,90,699,4
49569,498,631,3
49570,655,19,2
49571,524,432,1
49572,329,333,4
49573,308,615,3
49574,73,433,4
49575,459,879,4
49576,201,97,2
49577,13,346,4
49578,757,7,4
49579,234,550,2
49580,627,631,3
49581,741,94,3
49582,217,1034,3
49583,342,421,3
49584,663,321,5
49585,640,342,5
49586,592,752,4
49587,715,156,4
49588,296,1007,4
49589,641,484,5
49590,479,89,4
49591,712,49,3
49592,478,975,4
49593,592,223,5
49594,484,181,5
49595,58,210,4
49596,741,1029,1
49597,676,315,4
49598,398,13,3
49599,709,265,4
49600,653,423,2
49601,503,26,2
49602,398,399,4
49603,642,417,3
49604,606,749,4
49605,758,272,4
49606,733,1129,4
49607,293,47,3
49608,82,304,3
49609,480,511,4
49610,592,900,4
49611,320,833,1
49612,450,500,4
49613,566,202,4
49614,591,300,3
49615,699,234,3
49616,741,1090,1
49617,642,1140,4
49618,405,955,1
49619,762,302,5
49620,610,313,4
49621,489,288,4
49622,650,608,4
49623,569,281,3
49624,271,202,4
49625,374,467,4
49626,56,89,4
49627,478,134,2
49628,100,886,3
49629,455,241,4
49630,157,120,1
49631,650,501,3
49632,329,286,4
49633,493,239,5
49634,498,137,3
49635,372,56,4
49636,543,252,3
49637,731,510,1
49638,629,87,5
49639,642,974,3
49640,487,82,5
49641,708,847,3
49642,450,396,2
49643,648,447,5
49644,592,853,5
49645,455,217,4
49646,121,744,3
49647,479,751,4
49648,758,597,2
49649,291,204,4
49650,751,316,4
49651,479,651,5
49652,466,1176,5
49653,355,328,4
49654,744,127,5
49655,92,55,3
49656,65,87,5
49657,312,177,3
49658,626,264,1
49659,345,237,4
49660,593,15,4
49661,405,1195,1
49662,314,790,4
49663,738,22,3
49664,699,271,3
49665,473,14,4
49666,712,796,4
49667,178,168,4
49668,622,385,5
49669,385,727,1
49670,95,196,4
49671,463,1017,2
49672,303,132,5
49673,394,73,3
49674,13,199,5
49675,472,1002,4
49676,533,300,4
49677,374,468,4
49678,417,465,4
49679,721,258,3
49680,280,76,2
49681,524,472,3
49682,754,676,3
49683,711,1221,4
49684,400,332,2
49685,664,708,4
49686,474,207,4
49687,450,202,4
49688,249,1069,5
49689,537,50,4
49690,749,554,3
49691,398,132,5
49692,103,487,4
49693,13,67,1
49694,222,145,2
49695,627,39,4
49696,182,178,5
49697,731,192,5
49698,376,154,4
49699,708,538,2
49700,416,99,4
49701,650,673,3
49702,586,228,3
49703,704,180,4
49704,121,1194,4
49705,305,287,3
49706,758,235,5
49707,65,655,4
49708,398,403,4
49709,534,3,4
49710,435,81,3
49711,268,655,4
49712,437,87,3
49713,654,172,4
49714,735,9,4
49715,504,238,3
49716,747,650,4
49717,339,7,4
49718,736,255,1
49719,683,308,3
49720,514,173,5
49721,476,692,3
49722,536,1140,1
49723,478,1221,2
49724,253,659,5
49725,753,673,1
49726,116,539,2
49727,24,71,5
49728,539,236,3
49729,518,412,1
49730,296,50,5
49731,286,17,4
49732,705,275,5
49733,506,432,4
49734,757,569,3
49735,524,837,2
49736,676,172,5
49737,618,497,2
49738,682,410,3
49739,553,1124,4
49740,167,238,4
49741,468,58,4
49742,248,89,5
49743,260,333,4
49744,393,73,4
49745,655,310,3
49746,708,934,4
49747,22,2,2
49748,303,282,3
49749,693,523,4
49750,561,58,3
49751,409,498,4
49752,537,236,3
49753,524,1124,3
49754,548,100,5
49755,588,404,3
49756,763,28,3
49757,189,990,3
49758,442,294,2
49759,599,948,4
49760,311,487,4
49761,674,288,3
49762,498,675,4
49763,617,475,1
49764,618,462,2
49765,409,275,4
49766,313,636,4
49767,279,797,4
49768,622,215,3
49769,711,345,4
49770,529,682,4
49771,495,385,3
49772,495,505,5
49773,540,250,4
49774,536,419,3
49775,425,188,3
49776,51,172,5
49777,346,216,3
49778,666,238,4
49779,362,1025,2
49780,566,511,4
49781,343,582,3
49782,12,98,5
49783,666,742,3
49784,464,321,4
49785,342,294,3
49786,659,648,3
49787,393,620,4
49788,657,346,4
49789,175,11,5
49790,290,419,4
49791,489,678,4
49792,758,587,4
49793,690,79,4
49794,79,902,3
49795,734,591,4
49796,94,215,4
49797,666,339,4
49798,553,8,3
49799,655,326,2
49800,598,308,4
49801,3,326,2
49802,648,430,5
49803,455,292,3
49804,524,124,5
49805,764,86,3
49806,537,294,1
49807,674,117,5
49808,276,1074,3
49809,552,748,4
49810,390,1296,2
49811,638,636,3
49812,767,1068,4
49813,393,42,4
49814,545,82,4
49815,393,1337,3
49816,383,1005,3
49817,681,259,2
49818,738,127,4
49819,524,94,2
49820,276,582,3
49821,429,435,4
49822,500,448,3
49823,100,294,4
49824,551,627,3
49825,639,427,4
49826,148,135,5
49827,655,612,3
49828,676,245,4
49829,414,325,3
49830,567,607,4
49831,454,162,3
49832,548,282,4
49833,666,181,2
49834,737,175,5
49835,763,588,4
49836,62,13,4
49837,536,1115,5
49838,92,245,4
49839,500,964,4
49840,469,490,5
49841,365,326,2
49842,537,628,2
49843,705,174,5
49844,721,50,5
49845,47,289,4
49846,561,946,3
49847,587,353,2
49848,648,1003,4
49849,523,582,4
49850,620,8,3
49851,655,320,5
49852,537,975,3
49853,1,106,4
49854,712,568,5
49855,648,410,2
49856,741,54,3
49857,536,190,5
49858,498,293,4
49859,654,174,5
49860,504,731,3
49861,153,172,1
49862,8,187,4
49863,743,15,3
49864,60,1125,4
49865,538,12,4
49866,313,568,4
49867,618,1066,3
49868,246,185,5
49869,757,651,4
49870,532,824,4
49871,634,742,4
49872,374,846,2
49873,543,180,4
49874,717,980,4
49875,332,833,5
49876,682,809,2
49877,320,195,5
49878,541,585,2
49879,527,91,2
49880,608,172,1
49881,221,762,4
49882,484,222,5
49883,668,97,2
49884,622,31,3
49885,262,172,2
49886,376,288,3
49887,568,772,1
49888,561,608,3
49889,715,426,5
49890,457,14,4
49891,518,476,4
49892,293,510,3
49893,754,937,4
49894,592,8,5
49895,13,448,1
49896,524,612,3
49897,128,66,3
49898,527,528,3
49899,727,1657,3
49900,457,458,3
49901,732,873,5
49902,503,319,3
49903,767,486,4
49904,181,628,3
49905,480,1388,4
49906,16,302,5
49907,620,91,2
49908,234,836,4
49909,628,361,5
49910,645,209,5
49911,655,1436,2
49912,500,509,4
49913,458,286,4
49914,497,70,4
49915,551,195,5
49916,483,290,3
49917,727,1047,2
49918,395,89,5
49919,397,223,4
49920,728,871,2
49921,769,269,5
49922,648,225,1
49923,87,709,3
49924,21,437,1
49925,634,121,5
49926,566,215,3
49927,188,591,5
49928,425,200,4
49929,417,640,5
49930,553,238,5
49931,684,402,3
49932,230,504,3
49933,577,566,4
49934,720,995,4
49935,628,173,3
49936,448,327,2
49937,472,672,4
49938,699,1129,3
49939,320,946,5
49940,450,530,3
49941,416,807,4
49942,237,498,4
49943,665,1225,2
49944,528,56,3
49945,311,494,4
49946,486,1197,4
49947,94,1110,4
49948,275,169,3
49949,547,340,4
49950,606,91,5
49951,23,655,3
49952,244,609,3
49953,551,572,1
49954,691,98,4
49955,421,129,5
49956,271,511,5
49957,650,755,3
49958,455,98,4
49959,577,28,5
49960,315,520,4
49961,639,660,2
49962,75,831,3
49963,622,64,5
49964,437,514,4
49965,514,7,5
49966,744,603,5
49967,323,762,4
49968,233,521,5
49969,536,403,3
49970,717,301,4
49971,621,298,4
49972,561,157,4
49973,750,331,4
49974,17,126,4
49975,354,487,3
49976,209,16,4
49977,230,622,3
49978,582,477,4
49979,91,735,4
49980,57,258,5
49981,704,429,4
49982,671,986,2
49983,429,288,3
49984,324,292,3
49985,584,109,4
49986,524,895,4
49987,561,95,2
49988,145,1046,4
49989,59,1111,5
49990,101,820,3
49991,648,662,3
49992,293,371,2
49993,407,8,5
49994,331,1199,1
49995,495,265,5
49996,173,995,5
49997,537,385,2
49998,431,690,3
49999,13,82,2
50000,587,310,3
50001,82,133,4
50002,454,169,4
50003,389,427,5
50004,709,200,4
50005,655,979,3
50006,276,1140,2
50007,610,153,5
50008,212,86,4
50009,715,252,1
50010,416,1053,4
50011,344,269,4
50012,474,462,4
50013,744,237,4
50014,548,748,3
50015,154,515,4
50016,88,898,4
50017,618,485,3
50018,727,153,4
50019,487,772,3
50020,416,849,3
50021,605,276,4
50022,551,315,5
50023,758,810,3
50024,606,200,5
50025,188,1041,3
50026,1,167,2
50027,496,485,3
50028,472,540,3
50029,450,427,5
50030,344,95,4
50031,119,1016,5
50032,662,93,5
50033,715,732,3
50034,150,276,5
50035,94,435,4
50036,640,790,4
50037,463,319,1
50038,462,323,2
50039,731,183,1
50040,756,550,2
50041,719,660,5
50042,650,510,3
50043,417,216,3
50044,702,313,5
50045,659,23,5
50046,501,845,3
50047,318,732,5
50048,301,1013,3
50049,699,151,3
50050,545,96,5
50051,543,479,4
50052,709,187,5
50053,749,23,3
50054,682,127,5
50055,701,333,3
50056,490,302,4
50057,26,840,2
50058,642,1063,3
50059,339,549,4
50060,661,514,3
50061,452,88,2
50062,457,239,5
50063,618,125,3
50064,640,14,4
50065,597,283,5
50066,664,649,4
50067,266,245,1
50068,680,121,3
50069,16,158,4
50070,620,15,5
50071,227,127,4
50072,693,428,3
50073,280,1099,5
50074,521,184,4
50075,349,126,2
50076,704,50,5
50077,605,831,1
50078,629,172,5
50079,504,196,4
50080,464,302,5
50081,18,517,2
50082,554,125,3
50083,755,319,3
50084,279,1028,4
50085,408,1296,4
50086,498,435,3
50087,653,313,4
50088,267,411,3
50089,627,58,5
50090,758,431,3
50091,405,367,1
50092,224,92,1
50093,385,520,3
50094,252,149,5
50095,753,79,4
50096,731,357,5
50097,771,762,2
50098,644,328,4
50099,83,300,3
50100,450,481,5
50101,711,1014,4
50102,386,825,4
50103,318,540,4
50104,435,250,4
50105,119,252,3
50106,643,177,4
50107,294,1089,2
50108,653,197,3
50109,457,450,4
50110,514,430,4
50111,49,1036,2
50112,659,196,4
50113,659,153,4
50114,650,515,4
50115,312,506,4
50116,200,95,5
50117,738,210,5
50118,659,794,3
50119,477,369,4
50120,527,462,3
50121,276,890,3
50122,6,153,4
50123,669,174,3
50124,454,15,2
50125,101,1009,2
50126,450,936,5
50127,145,892,2
50128,618,1185,2
50129,416,322,3
50130,373,705,4
50131,768,173,5
50132,715,12,4
50133,298,284,4
50134,381,276,3
50135,619,281,4
50136,175,50,5
50137,758,892,2
50138,399,72,4
50139,682,808,4
50140,230,405,4
50141,566,288,3
50142,328,956,4
50143,503,452,1
50144,666,288,3
50145,716,82,5
50146,695,319,5
50147,196,411,4
50148,89,709,3
50149,482,748,4
50150,669,427,4
50151,717,290,3
50152,119,137,5
50153,222,393,4
50154,416,792,4
50155,601,840,2
50156,1,115,5
50157,773,169,5
50158,627,510,4
50159,236,427,5
50160,108,931,2
50161,606,183,5
50162,724,690,1
50163,554,151,4
50164,577,118,3
50165,627,582,3
50166,189,661,4
50167,13,881,2
50168,624,181,4
50169,64,228,4
50170,129,906,5
50171,749,879,4
50172,655,904,5
50173,758,7,5
50174,734,198,1
50175,551,95,5
50176,762,116,1
50177,42,523,5
50178,286,741,4
50179,436,1058,4
50180,514,48,4
50181,621,584,5
50182,525,762,4
50183,654,169,5
50184,184,396,3
50185,524,484,4
50186,749,144,5
50187,508,132,5
50188,487,1440,4
50189,387,27,1
50190,346,3,3
50191,308,134,5
50192,714,477,2
50193,234,770,4
50194,578,1264,3
50195,624,591,3
50196,655,124,3
50197,763,88,4
50198,425,2,2
50199,495,523,5
50200,757,226,3
50201,666,177,3
50202,716,491,4
50203,90,1005,2
50204,621,123,4
50205,340,584,3
50206,686,99,5
50207,506,294,4
50208,585,584,3
50209,523,477,3
50210,477,731,4
50211,288,632,4
50212,467,1,4
50213,545,379,4
50214,666,506,5
50215,561,790,1
50216,608,427,4
50217,135,327,4
50218,291,245,2
50219,455,96,4
50220,497,716,4
50221,453,254,2
50222,619,188,4
50223,409,733,4
50224,329,199,4
50225,158,283,5
50226,665,315,4
50227,487,566,4
50228,497,559,4
50229,339,568,3
50230,374,11,4
50231,708,864,3
50232,413,303,5
50233,270,251,5
50234,656,346,3
50235,59,622,4
50236,648,929,4
50237,747,173,3
50238,664,77,3
50239,234,357,4
50240,551,227,5
50241,435,219,5
50242,577,739,3
50243,734,174,4
50244,738,191,4
50245,466,327,3
50246,765,285,5
50247,452,66,4
50248,234,607,4
50249,134,302,2
50250,660,496,3
50251,643,423,4
50252,655,50,4
50253,660,825,2
50254,519,264,2
50255,7,68,4
50256,56,385,4
50257,543,742,3
50258,440,300,3
50259,426,178,4
50260,13,223,5
50261,667,527,4
50262,360,661,5
50263,450,73,3
50264,749,403,4
50265,551,1047,4
50266,541,527,3
50267,547,345,5
50268,405,564,1
50269,716,1,5
50270,233,504,5
50271,318,14,4
50272,211,205,5
50273,712,110,5
50274,727,155,3
50275,490,117,1
50276,558,20,5
50277,648,520,4
50278,561,515,3
50279,363,946,4
50280,275,434,3
50281,176,508,3
50282,664,484,5
50283,302,294,1
50284,249,31,4
50285,328,343,3
50286,682,15,4
50287,772,312,4
50288,495,101,5
50289,492,137,4
50290,378,220,2
50291,124,195,4
50292,286,340,4
50293,715,239,4
50294,582,455,1
50295,710,265,4
50296,70,289,3
50297,113,245,3
50298,749,11,5
50299,84,286,5
50300,416,619,4
50301,766,451,2
50302,669,310,4
50303,489,304,3
50304,640,210,5
50305,554,218,4
50306,756,117,4
50307,476,655,4
50308,756,178,5
50309,102,541,2
50310,704,178,5
50311,531,751,4
50312,487,31,5
50313,200,323,3
50314,758,177,5
50315,707,903,3
50316,665,185,4
50317,706,628,4
50318,720,906,4
50319,340,274,4
50320,588,645,5
50321,576,15,4
50322,435,7,4
50323,606,298,4
50324,525,289,3
50325,731,487,4
50326,198,27,2
50327,600,172,4
50328,63,287,3
50329,471,932,5
50330,621,385,5
50331,748,48,4
50332,506,208,4
50333,586,467,4
50334,586,790,3
50335,573,685,3
50336,393,51,4
50337,244,710,3
50338,378,393,3
50339,30,321,4
50340,669,118,2
50341,98,435,5
50342,293,686,3
50343,279,977,4
50344,268,652,4
50345,758,1142,5
50346,452,136,4
50347,699,1143,3
50348,429,642,4
50349,600,515,5
50350,725,264,1
50351,464,16,4
50352,764,223,3
50353,320,176,4
50354,290,31,4
50355,715,250,2
50356,561,607,5
50357,295,794,4
50358,385,529,4
50359,532,570,4
50360,655,547,4
50361,450,1028,4
50362,313,231,2
50363,435,561,2
50364,698,656,1
50365,659,498,3
50366,606,69,4
50367,197,554,4
50368,730,50,4
50369,379,395,2
50370,672,756,2
50371,26,250,3
50372,165,169,5
50373,301,71,4
50374,308,17,4
50375,49,239,2
50376,255,335,4
50377,352,176,5
50378,405,402,3
50379,524,583,4
50380,747,180,5
50381,536,707,5
50382,619,273,4
50383,62,1135,2
50384,586,153,2
50385,712,776,4
50386,610,705,3
50387,369,346,4
50388,654,109,3
50389,59,96,5
50390,72,972,4
50391,636,258,5
50392,699,413,3
50393,638,121,4
50394,145,62,2
50395,401,257,2
50396,187,134,3
50397,608,310,1
50398,733,1142,4
50399,179,1127,1
50400,500,59,4
50401,622,949,3
50402,154,258,3
50403,146,272,5
50404,435,568,2
50405,707,12,3
50406,514,172,4
50407,717,117,4
50408,176,319,3
50409,744,508,5
50410,661,196,3
50411,721,358,1
50412,6,89,4
50413,676,482,4
50414,399,470,4
50415,487,2,3
50416,699,285,4
50417,716,293,4
50418,216,22,5
50419,385,12,3
50420,767,478,4
50421,664,152,3
50422,279,778,4
50423,733,288,2
50424,137,411,5
50425,227,13,5
50426,758,248,4
50427,665,538,4
50428,774,1091,1
50429,460,1142,4
50430,462,237,5
50431,275,542,3
50432,750,270,4
50433,389,649,4
50434,457,148,4
50435,699,991,3
50436,586,676,3
50437,64,127,5
50438,507,313,5
50439,541,102,4
50440,164,307,5
50441,771,690,4
50442,536,740,4
50443,724,909,1
50444,561,746,3
50445,640,302,5
50446,31,271,4
50447,749,622,3
50448,394,797,3
50449,397,751,3
50450,671,925,3
50451,707,715,3
50452,452,197,5
50453,541,500,4
50454,774,1419,1
50455,683,358,2
50456,521,393,3
50457,373,259,5
50458,751,250,3
50459,642,1036,4
50460,711,763,1
50461,713,1127,3
50462,760,65,2
50463,763,200,4
50464,722,122,3
50465,751,472,2
50466,572,121,2
50467,643,163,4
50468,693,196,2
50469,488,414,2
50470,325,1203,5
50471,463,310,3
50472,540,258,4
50473,429,466,2
50474,660,265,2
50475,482,50,4
50476,145,31,5
50477,60,1060,4
50478,454,134,3
50479,504,219,3
50480,761,278,4
50481,456,23,4
50482,406,134,5
50483,556,481,5
50484,450,112,2
50485,38,400,1
50486,711,778,4
50487,721,328,5
50488,757,771,2
50489,655,1466,3
50490,746,128,3
50491,405,566,1
50492,279,671,2
50493,655,694,3
50494,765,237,3
50495,717,235,4
50496,763,1,4
50497,638,186,5
50498,411,210,5
50499,518,9,3
50500,687,749,4
50501,276,218,4
50502,533,823,4
50503,698,255,3
50504,705,554,2
50505,498,79,3
50506,59,369,2
50507,466,405,3
50508,693,423,3
50509,640,1244,3
50510,514,1160,4
50511,718,284,4
50512,682,41,3
50513,488,207,3
50514,548,237,4
50515,660,139,2
50516,574,900,4
50517,21,50,3
50518,751,418,5
50519,758,269,4
50520,747,531,4
50521,299,55,2
50522,693,673,4
50523,712,732,5
50524,694,641,4
50525,664,603,5
50526,761,289,2
50527,537,59,3
50528,586,76,5
50529,453,22,5
50530,18,702,3
50531,755,294,3
50532,719,392,4
50533,321,531,4
50534,79,676,3
50535,535,60,5
50536,611,313,3
50537,682,1440,2
50538,591,451,3
50539,684,181,4
50540,633,117,3
50541,345,191,5
50542,87,496,5
50543,707,712,3
50544,40,242,4
50545,648,230,5
50546,777,286,2
50547,537,1070,3
50548,655,288,3
50549,757,678,2
50550,495,188,4
50551,747,279,4
50552,738,95,4
50553,508,70,4
50554,567,511,2
50555,219,664,5
50556,26,249,2
50557,212,127,2
50558,527,855,2
50559,10,602,5
50560,435,983,2
50561,429,50,5
50562,715,399,2
50563,305,191,3
50564,259,181,4
50565,276,28,4
50566,561,644,3
50567,601,87,4
50568,402,19,4
50569,655,1639,4
50570,630,272,5
50571,398,589,3
50572,116,303,3
50573,666,496,4
50574,405,1229,1
50575,311,39,4
50576,680,1089,2
50577,271,504,3
50578,440,736,5
50579,560,12,5
50580,573,283,4
50581,474,288,3
50582,712,420,3
50583,654,431,4
50584,713,1176,3
50585,269,59,4
50586,653,578,1
50587,622,433,4
50588,542,864,3
50589,745,519,5
50590,660,386,2
50591,327,131,4
50592,389,499,4
50593,660,56,1
50594,313,157,3
50595,391,482,4
50596,666,430,4
50597,503,14,3
50598,332,222,4
50599,551,735,5
50600,13,160,4
50601,532,946,5
50602,757,2,3
50603,445,208,2
50604,682,304,1
50605,452,22,5
50606,554,294,3
50607,759,1016,5
50608,514,10,4
50609,730,748,4
50610,473,303,4
50611,655,831,2
50612,739,79,4
50613,215,692,3
50614,666,11,4
50615,518,10,3
50616,747,661,5
50617,222,51,3
50618,144,1010,3
50619,696,883,4
50620,642,624,3
50621,85,923,4
50622,605,121,1
50623,647,427,4
50624,551,68,2
50625,690,88,4
50626,543,1555,3
50627,456,46,3
50628,764,245,4
50629,650,232,3
50630,435,640,4
50631,776,422,2
50632,405,218,5
50633,389,94,2
50634,167,673,4
50635,605,118,3
50636,271,81,3
50637,435,424,1
50638,666,168,4
50639,620,416,4
50640,524,511,5
50641,543,1099,4
50642,731,393,5
50643,606,477,4
50644,465,1,4
50645,536,180,4
50646,303,1230,1
50647,704,486,4
50648,618,746,2
50649,666,924,2
50650,480,64,3
50651,374,156,2
50652,771,203,1
50653,669,347,3
50654,347,928,3
50655,545,541,4
50656,658,168,3
50657,537,638,3
50658,381,525,5
50659,625,588,4
50660,104,825,1
50661,551,182,5
50662,724,299,1
50663,641,434,4
50664,6,7,2
50665,437,412,3
50666,642,403,4
50667,551,186,5
50668,503,286,3
50669,602,148,4
50670,642,485,5
50671,145,859,3
50672,609,294,2
50673,622,67,1
50674,777,168,5
50675,709,164,3
50676,647,742,4
50677,554,21,1
50678,629,191,3
50679,399,1170,3
50680,405,1065,1
50681,545,151,4
50682,728,25,4
50683,469,520,4
50684,760,183,2
50685,429,190,5
50686,661,506,3
50687,168,252,1
50688,653,177,3
50689,80,237,4
50690,575,98,4
50691,554,132,4
50692,675,1255,1
50693,111,305,2
50694,92,432,3
50695,576,323,3
50696,749,121,3
50697,533,109,2
50698,555,748,4
50699,450,503,4
50700,455,1160,4
50701,22,161,4
50702,600,399,4
50703,94,553,3
50704,733,847,3
50705,758,288,4
50706,627,196,5
50707,102,13,3
50708,756,404,3
50709,780,70,2
50710,587,937,4
50711,717,291,4
50712,409,266,1
50713,773,72,3
50714,532,402,5
50715,416,401,2
50716,676,682,1
50717,757,260,3
50718,766,487,3
50719,712,4,4
50720,444,748,1
50721,694,448,3
50722,70,507,4
50723,538,79,4
50724,455,148,3
50725,572,13,4
50726,716,507,5
50727,716,1047,3
50728,606,248,5
50729,745,177,3
50730,560,847,4
50731,332,313,5
50732,699,109,3
50733,429,7,2
50734,133,750,4
50735,222,1440,3
50736,1,11,2
50737,727,343,3
50738,646,313,5
50739,361,727,3
50740,492,134,3
50741,299,60,5
50742,437,705,4
50743,470,471,5
50744,704,1296,4
50745,145,728,2
50746,774,195,3
50747,90,57,5
50748,510,313,5
50749,250,191,5
50750,571,964,4
50751,650,99,4
50752,699,277,3
50753,535,87,5
50754,719,742,4
50755,709,92,4
50756,658,1079,2
50757,604,56,2
50758,175,186,4
50759,391,603,5
50760,716,47,3
50761,276,943,4
50762,363,283,2
50763,751,487,5
50764,521,763,4
50765,437,219,3
50766,542,775,2
50767,340,66,5
50768,450,716,4
50769,586,427,3
50770,504,506,4
50771,761,147,4
50772,286,372,4
50773,709,229,2
50774,554,111,4
50775,693,572,2
50776,727,541,4
50777,664,52,5
50778,660,211,4
50779,334,169,4
50780,468,377,2
50781,726,819,3
50782,648,323,5
50783,429,603,4
50784,652,301,1
50785,592,261,1
50786,537,10,4
50787,728,322,4
50788,721,1392,3
50789,7,510,5
50790,554,216,3
50791,580,252,5
50792,1,245,2
50793,7,594,3
50794,677,307,5
50795,472,1035,4
50796,738,226,3
50797,109,732,3
50798,379,372,4
50799,406,727,3
50800,184,1008,4
50801,330,559,3
50802,542,15,2
50803,592,243,1
50804,537,739,1
50805,233,216,5
50806,357,411,3
50807,615,319,4
50808,669,114,5
50809,629,333,4
50810,766,1444,2
50811,655,216,4
50812,653,202,3
50813,645,640,4
50814,664,770,4
50815,347,15,2
50816,606,427,4
50817,664,425,3
50818,744,963,5
50819,68,1089,1
50820,605,288,5
50821,94,736,5
50822,7,640,3
50823,336,546,3
50824,621,122,2
50825,561,131,4
50826,389,420,3
50827,130,932,3
50828,761,294,3
50829,42,227,4
50830,72,233,4
50831,158,161,2
50832,128,274,4
50833,207,367,3
50834,295,385,4
50835,151,487,5
50836,314,401,3
50837,437,435,3
50838,660,663,2
50839,452,202,3
50840,450,82,3
50841,233,187,4
50842,293,527,4
50843,727,890,1
50844,279,170,3
50845,30,313,5
50846,116,289,4
50847,201,200,5
50848,81,284,3
50849,280,742,4
50850,642,120,3
50851,666,331,4
50852,505,154,1
50853,640,79,5
50854,497,164,4
50855,501,369,4
50856,537,123,2
50857,744,428,4
50858,645,188,4
50859,424,681,3
50860,561,91,4
50861,13,439,1
50862,110,808,2
50863,773,27,1
50864,7,387,3
50865,180,372,5
50866,407,235,4
50867,71,177,2
50868,294,323,3
50869,527,657,4
50870,629,81,3
50871,141,15,5
50872,714,871,3
50873,30,257,4
50874,650,444,2
50875,269,402,2
50876,765,15,2
50877,192,515,4
50878,474,945,4
50879,95,133,3
50880,774,739,2
50881,232,165,4
50882,399,340,2
50883,60,708,4
50884,152,278,4
50885,279,288,3
50886,761,924,4
50887,585,340,2
50888,387,474,5
50889,249,156,5
50890,655,474,3
50891,708,358,2
50892,711,1518,3
50893,614,458,4
50894,586,51,4
50895,378,762,3
50896,717,222,4
50897,613,1,4
50898,587,286,4
50899,779,284,3
50900,763,960,4
50901,655,24,3
50902,684,70,4
50903,409,1558,5
50904,495,155,3
50905,665,475,3
50906,474,478,4
50907,377,272,5
50908,319,346,3
50909,579,66,4
50910,752,748,4
50911,16,423,5
50912,460,847,3
50913,174,286,5
50914,766,53,4
50915,712,622,4
50916,220,269,5
50917,387,580,5
50918,603,449,4
50919,592,301,1
50920,727,826,2
50921,694,82,5
50922,406,96,5
50923,125,209,4
50924,360,187,4
50925,649,15,4
50926,407,72,4
50927,665,282,4
50928,677,126,1
50929,758,224,4
50930,472,122,3
50931,327,129,4
50932,276,202,4
50933,752,300,3
50934,676,50,5
50935,588,1,4
50936,301,1052,1
50937,587,878,2
50938,537,971,4
50939,576,137,3
50940,588,393,4
50941,737,180,4
50942,654,71,3
50943,405,816,1
50944,774,920,2
50945,764,118,3
50946,562,231,1
50947,37,172,4
50948,766,229,3
50949,661,117,4
50950,760,181,3
50951,115,229,3
50952,6,192,4
50953,399,132,3
50954,453,959,4
50955,428,268,4
50956,756,398,3
50957,776,769,3
50958,456,419,4
50959,303,813,4
50960,715,193,5
50961,223,309,4
50962,707,238,4
50963,764,140,3
50964,172,124,4
50965,560,496,3
50966,406,289,3
50967,711,230,3
50968,303,1135,2
50969,734,662,3
50970,682,556,2
50971,477,90,4
50972,303,670,2
50973,187,209,4
50974,655,1650,4
50975,497,96,4
50976,450,126,5
50977,219,223,5
50978,580,100,3
50979,665,833,3
50980,676,1,5
50981,328,153,2
50982,385,347,3
50983,470,235,3
50984,747,132,4
50985,201,515,5
50986,524,482,5
50987,59,510,4
50988,619,302,4
50989,533,596,2
50990,224,157,4
50991,643,1,5
50992,454,678,2
50993,326,515,5
50994,574,319,5
50995,327,31,2
50996,474,525,4
50997,372,5,4
50998,7,502,5
50999,722,7,4
51000,524,478,3
51001,95,405,3
51002,711,1285,3
51003,536,405,2
51004,711,588,4
51005,618,729,3
51006,745,285,1
51007,450,373,3
51008,665,191,3
51009,639,778,5
51010,727,809,4
51011,774,511,3
51012,615,523,5
51013,234,1170,1
51014,731,216,5
51015,778,94,2
51016,110,333,4
51017,763,367,3
51018,472,239,5
51019,627,318,5
51020,757,28,3
51021,406,368,2
51022,92,984,2
51023,671,591,3
51024,564,289,4
51025,343,26,3
51026,345,566,3
51027,624,123,3
51028,59,705,4
51029,49,182,3
51030,463,20,5
51031,707,492,2
51032,393,281,4
51033,299,820,3
51034,758,108,5
51035,679,64,4
51036,719,9,4
51037,416,252,4
51038,663,316,4
51039,435,125,3
51040,655,895,3
51041,58,169,4
51042,601,928,1
51043,417,290,4
51044,234,478,3
51045,272,204,4
51046,267,498,5
51047,559,55,4
51048,712,177,2
51049,92,743,2
51050,573,513,4
51051,385,318,2
51052,68,596,2
51053,761,1197,3
51054,73,187,5
51055,99,290,4
51056,382,134,3
51057,624,1120,4
51058,562,1,2
51059,409,945,3
51060,716,357,5
51061,655,289,3
51062,506,435,5
51063,407,656,4
51064,256,123,2
51065,616,873,3
51066,606,419,4
51067,683,1280,3
51068,116,902,2
51069,664,209,4
51070,743,224,5
51071,599,1277,4
51072,722,237,4
51073,110,393,3
51074,782,1216,2
51075,224,321,2
51076,655,521,3
51077,628,340,5
51078,664,180,4
51079,643,23,5
51080,665,31,3
51081,520,898,5
51082,468,246,5
51083,736,50,3
51084,758,619,4
51085,154,238,5
51086,586,318,3
51087,117,156,4
51088,314,717,3
51089,764,742,3
51090,517,761,5
51091,405,1228,1
51092,484,98,4
51093,588,731,2
51094,79,257,3
51095,758,58,4
51096,643,66,3
51097,463,121,3
51098,704,289,3
51099,102,856,2
51100,487,55,5
51101,738,63,3
51102,221,391,3
51103,312,657,5
51104,567,175,5
51105,625,202,3
51106,492,205,4
51107,286,4,5
51108,297,546,3
51109,786,276,1
51110,537,707,4
51111,416,412,2
51112,405,782,1
51113,195,60,3
51114,747,44,2
51115,477,237,4
51116,377,168,5
51117,711,741,4
51118,705,282,5
51119,618,68,3
51120,682,66,3
51121,198,186,5
51122,747,835,3
51123,704,154,3
51124,417,190,5
51125,754,284,3
51126,523,301,4
51127,328,778,3
51128,308,485,3
51129,430,674,4
51130,495,732,4
51131,715,82,4
51132,690,746,2
51133,764,820,3
51134,500,281,3
51135,716,661,3
51136,655,161,2
51137,588,578,5
51138,638,504,2
51139,180,747,4
51140,646,892,2
51141,399,673,3
51142,747,183,5
51143,663,258,3
51144,295,100,5
51145,244,144,1
51146,389,835,5
51147,97,83,1
51148,640,550,4
51149,213,458,4
51150,633,665,3
51151,682,87,5
51152,473,124,4
51153,680,9,4
51154,466,174,5
51155,395,472,3
51156,506,62,3
51157,601,123,1
51158,493,550,4
51159,506,69,5
51160,632,56,3
51161,758,1085,5
51162,18,957,3
51163,621,176,3
51164,608,699,5
51165,774,576,1
51166,275,1219,2
51167,457,216,5
51168,291,1067,4
51169,630,126,4
51170,758,56,5
51171,393,338,2
51172,92,186,4
51173,405,139,3
51174,773,64,4
51175,715,789,4
51176,291,636,4
51177,293,468,2
51178,395,215,5
51179,151,470,3
51180,517,335,3
51181,13,873,1
51182,286,884,5
51183,62,676,3
51184,548,185,5
51185,371,443,4
51186,312,194,4
51187,59,187,5
51188,76,223,2
51189,693,508,2
51190,92,1074,3
51191,747,292,4
51192,408,328,2
51193,325,210,2
51194,243,25,3
51195,474,116,5
51196,542,734,3
51197,551,356,4
51198,708,764,4
51199,465,143,4
51200,716,25,4
51201,233,50,3
51202,721,157,3
51203,4,327,5
51204,458,273,4
51205,472,43,4
51206,602,895,3
51207,553,513,4
51208,671,177,4
51209,121,276,3
51210,195,134,5
51211,92,789,5
51212,771,88,4
51213,642,99,2
51214,445,1008,1
51215,94,1225,3
51216,176,7,5
51217,311,238,4
51218,546,769,4
51219,650,91,4
51220,778,78,1
51221,267,742,3
51222,417,78,2
51223,459,748,4
51224,13,485,1
51225,327,792,4
51226,506,699,4
51227,709,82,4
51228,758,50,4
51229,704,191,3
51230,754,9,4
51231,435,187,4
51232,627,808,2
51233,250,943,4
51234,734,143,5
51235,256,218,3
51236,682,572,4
51237,723,174,4
51238,715,926,4
51239,450,280,4
51240,579,258,5
51241,642,815,4
51242,499,97,4
51243,671,356,3
51244,399,693,3
51245,5,409,2
51246,592,1023,1
51247,747,443,5
51248,181,116,1
51249,554,732,4
51250,401,151,1
51251,249,7,5
51252,721,357,5
51253,786,405,4
51254,328,357,4
51255,409,1099,4
51256,405,208,5
51257,588,485,5
51258,405,434,3
51259,639,648,3
51260,698,705,4
51261,566,582,5
51262,447,123,3
51263,624,111,3
51264,178,1,4
51265,716,502,3
51266,152,411,4
51267,95,389,4
51268,305,709,5
51269,592,265,4
51270,748,71,3
51271,401,748,3
51272,503,166,5
51273,698,190,5
51274,158,121,4
51275,543,919,2
51276,682,323,2
51277,221,42,5
51278,540,1226,4
51279,327,48,4
51280,347,188,5
51281,773,959,4
51282,201,1136,1
51283,711,509,4
51284,626,748,2
51285,15,328,3
51286,734,210,3
51287,587,304,4
51288,52,302,4
51289,92,771,1
51290,584,165,1
51291,747,654,5
51292,766,357,4
51293,640,1054,1
51294,286,1074,4
51295,1,35,1
51296,267,82,4
51297,173,319,4
51298,596,13,2
51299,663,125,3
51300,453,80,2
51301,699,24,3
51302,472,64,5
51303,612,604,4
51304,749,64,4
51305,333,100,4
51306,554,121,4
51307,664,222,3
51308,11,527,4
51309,650,164,4
51310,654,265,5
51311,618,501,4
51312,687,678,4
51313,682,834,3
51314,466,908,4
51315,725,245,4
51316,493,647,4
51317,405,180,3
51318,534,978,4
51319,704,514,4
51320,592,845,4
51321,25,463,4
51322,717,302,5
51323,727,566,3
51324,559,233,3
51325,487,257,4
51326,681,539,4
51327,295,743,4
51328,655,1281,3
51329,686,1184,1
51330,456,188,4
51331,740,242,4
51332,643,168,5
51333,459,523,4
51334,497,475,4
51335,527,200,3
51336,436,83,5
51337,87,514,4
51338,671,554,4
51339,671,29,3
51340,784,269,5
51341,748,496,4
51342,532,795,2
51343,415,185,4
51344,758,865,4
51345,768,282,4
51346,521,97,3
51347,505,22,5
51348,582,763,2
51349,264,137,3
51350,409,647,5
51351,354,606,5
51352,541,553,4
51353,326,187,1
51354,642,1531,3
51355,184,692,4
51356,222,418,2
51357,334,569,2
51358,327,108,3
51359,291,550,4
51360,405,80,1
51361,409,528,4
51362,677,1,4
51363,588,121,5
51364,504,409,4
51365,719,7,2
51366,435,218,3
51367,664,203,4
51368,709,4,3
51369,627,568,2
51370,347,1047,1
51371,727,562,2
51372,276,790,3
51373,721,699,3
51374,243,125,3
51375,757,195,4
51376,682,328,3
51377,720,306,4
51378,650,72,2
51379,239,242,5
51380,447,144,5
51381,389,205,4
51382,653,82,4
51383,711,694,5
51384,495,204,4
51385,533,866,2
51386,676,508,1
51387,771,83,5
51388,724,300,3
51389,328,194,3
51390,344,751,4
51391,331,175,4
51392,522,510,5
51393,711,432,4
51394,770,477,4
51395,393,644,3
51396,257,121,3
51397,92,783,3
51398,682,181,5
51399,495,176,5
51400,715,298,4
51401,716,417,3
51402,408,294,5
51403,504,1210,3
51404,377,173,5
51405,161,284,3
51406,777,153,1
51407,42,467,3
51408,724,1176,1
51409,561,631,3
51410,653,223,3
51411,313,402,3
51412,416,65,5
51413,495,226,4
51414,480,257,4
51415,345,742,4
51416,184,485,4
51417,710,50,4
51418,533,367,2
51419,176,881,3
51420,445,127,2
51421,704,496,5
51422,551,411,1
51423,626,330,3
51424,780,433,1
51425,707,378,3
51426,497,1240,5
51427,562,73,4
51428,561,48,4
51429,788,568,3
51430,514,174,5
51431,398,588,4
51432,615,187,5
51433,674,50,4
51434,642,392,4
51435,561,217,3
51436,722,412,2
51437,630,298,5
51438,472,186,5
51439,279,781,3
51440,230,435,4
51441,588,275,3
51442,655,221,3
51443,788,723,3
51444,708,271,1
51445,76,129,3
51446,640,347,3
51447,80,205,5
51448,222,386,2
51449,566,203,4
51450,437,523,3
51451,211,705,4
51452,291,262,4
51453,176,150,4
51454,115,279,3
51455,766,483,3
51456,173,303,5
51457,56,204,5
51458,655,1062,3
51459,417,109,2
51460,59,190,5
51461,532,842,4
51462,201,431,1
51463,766,82,3
51464,709,739,3
51465,543,169,4
51466,618,203,3
51467,152,143,5
51468,456,414,3
51469,650,188,3
51470,452,194,4
51471,758,153,5
51472,770,301,4
51473,671,1217,4
51474,209,127,5
51475,614,756,4
51476,738,969,4
51477,434,471,2
51478,608,499,4
51479,749,625,3
51480,472,780,4
51481,470,7,3
51482,627,183,5
51483,655,732,3
51484,776,672,3
51485,318,188,3
51486,650,229,2
51487,712,949,4
51488,498,754,2
51489,462,292,5
51490,707,1257,2
51491,788,23,3
51492,757,157,3
51493,698,1149,3
51494,328,572,3
51495,145,690,4
51496,751,735,4
51497,417,1091,3
51498,457,729,4
51499,758,287,5
51500,452,462,4
51501,756,122,1
51502,498,381,3
51503,702,259,3
51504,615,23,5
51505,694,1205,3
51506,468,95,4
51507,517,1047,2
51508,535,14,3
51509,655,604,4
51510,682,272,5
51511,632,204,4
51512,353,750,4
51513,680,98,4
51514,499,307,4
51515,586,405,5
51516,771,237,5
51517,416,133,2
51518,379,183,4
51519,583,357,5
51520,413,50,5
51521,586,800,3
51522,731,205,1
51523,655,1196,3
51524,332,452,4
51525,308,61,3
51526,532,72,3
51527,532,619,5
51528,387,528,4
51529,262,546,2
51530,97,169,5
51531,648,152,5
51532,622,550,4
51533,773,239,4
51534,766,77,2
51535,468,172,4
51536,567,188,5
51537,773,229,3
51538,234,412,2
51539,49,287,4
51540,149,328,2
51541,343,318,5
51542,435,393,2
51543,458,654,5
51544,403,515,4
51545,207,1331,3
51546,782,250,4
51547,91,22,5
51548,539,286,4
51549,746,184,4
51550,628,288,5
51551,503,423,5
51552,676,13,1
51553,479,604,3
51554,492,654,4
51555,290,49,3
51556,453,410,4
51557,478,40,1
51558,31,811,4
51559,13,205,2
51560,592,589,5
51561,254,172,5
51562,297,42,3
51563,679,73,4
51564,653,105,3
51565,650,403,3
51566,747,87,5
51567,264,23,5
51568,593,26,4
51569,268,200,4
51570,357,126,5
51571,720,345,2
51572,479,264,3
51573,145,329,4
51574,509,301,2
51575,250,418,5
51576,39,307,2
51577,682,1028,3
51578,747,467,4
51579,561,719,1
51580,234,226,2
51581,536,96,4
51582,474,89,5
51583,648,1176,1
51584,697,628,4
51585,682,806,3
51586,726,274,4
51587,739,100,5
51588,500,1385,4
51589,621,125,4
51590,660,515,2
51591,139,1233,5
51592,549,411,3
51593,715,447,3
51594,486,20,3
51595,749,521,4
51596,789,1012,4
51597,334,255,3
51598,625,190,3
51599,743,100,5
51600,671,510,3
51601,405,384,3
51602,717,286,3
51603,201,581,3
51604,727,1411,2
51605,710,197,4
51606,279,230,4
51607,786,177,4
51608,388,323,4
51609,465,154,2
51610,666,96,3
51611,708,690,4
51612,299,194,3
51613,393,111,3
51614,749,222,3
51615,186,477,4
51616,1,137,5
51617,715,83,4
51618,211,199,5
51619,706,333,1
51620,85,478,4
51621,234,605,3
51622,621,539,1
51623,409,1369,4
51624,782,1600,3
51625,545,563,3
51626,716,238,4
51627,406,158,2
51628,741,5,3
51629,707,1107,3
51630,757,248,4
51631,435,541,4
51632,579,514,3
51633,498,449,3
51634,320,572,3
51635,399,239,3
51636,642,395,5
51637,710,99,4
51638,646,310,3
51639,606,117,4
51640,109,679,3
51641,548,882,4
51642,514,31,4
51643,559,385,4
51644,409,303,4
51645,334,164,3
51646,539,239,3
51647,758,303,4
51648,643,233,4
51649,672,1061,4
51650,561,523,4
51651,393,405,4
51652,504,1050,4
51653,178,156,2
51654,307,99,4
51655,122,1119,3
51656,669,276,2
51657,772,898,3
51658,749,944,4
51659,786,633,4
51660,11,526,3
51661,682,520,4
51662,640,151,4
51663,500,50,3
51664,790,380,4
51665,715,159,3
51666,456,180,4
51667,790,1074,3
51668,528,109,4
51669,466,11,3
51670,618,404,5
51671,697,124,5
51672,504,399,4
51673,659,647,3
51674,311,967,3
51675,164,751,4
51676,435,83,4
51677,323,222,3
51678,787,310,5
51679,542,208,4
51680,539,640,2
51681,31,1020,3
51682,128,88,4
51683,581,1375,5
51684,693,684,3
51685,712,1091,3
51686,298,504,3
51687,630,288,4
51688,771,258,5
51689,420,750,4
51690,643,482,4
51691,495,95,3
51692,561,97,3
51693,244,9,5
51694,234,806,2
51695,747,1194,5
51696,207,56,4
51697,6,527,4
51698,747,211,5
51699,532,24,5
51700,128,433,4
51701,690,90,1
51702,23,694,4
51703,222,226,3
51704,352,98,5
51705,782,1023,3
51706,407,286,4
51707,766,90,1
51708,695,313,2
51709,527,671,5
51710,327,732,1
51711,537,262,5
51712,622,184,5
51713,417,809,3
51714,670,174,4
51715,786,230,4
51716,499,301,4
51717,650,452,2
51718,303,5,2
51719,606,507,4
51720,171,269,4
51721,655,1192,4
51722,188,153,5
51723,716,95,4
51724,770,875,4
51725,6,519,5
51726,782,322,4
51727,122,1168,4
51728,749,837,5
51729,751,1011,4
51730,694,491,3
51731,773,91,4
51732,398,205,5
51733,577,665,4
51734,546,447,3
51735,701,750,5
51736,639,371,1
51737,94,1058,4
51738,655,1211,4
51739,783,288,3
51740,6,491,4
51741,766,98,3
51742,654,117,4
51743,733,293,4
51744,455,95,4
51745,540,281,3
51746,406,499,5
51747,454,659,2
51748,314,546,4
51749,393,544,3
51750,659,313,5
51751,551,198,5
51752,450,292,5
51753,524,211,5
51754,455,307,4
51755,391,22,4
51756,773,639,4
51757,680,169,5
51758,145,135,5
51759,268,627,3
51760,92,58,4
51761,297,27,1
51762,660,890,1
51763,537,1267,3
51764,92,282,4
51765,749,159,4
51766,378,468,5
51767,286,1119,3
51768,90,1196,4
51769,655,202,2
51770,593,173,5
51771,508,96,2
51772,314,15,5
51773,748,8,4
51774,420,513,5
51775,474,179,5
51776,705,2,3
51777,682,465,3
51778,648,502,5
51779,741,31,3
51780,145,1009,2
51781,777,357,5
51782,332,118,5
51783,648,49,2
51784,580,455,4
51785,495,433,4
51786,603,62,2
51787,708,873,5
51788,500,8,4
51789,493,201,5
51790,5,386,2
51791,682,1048,3
51792,600,177,5
51793,768,278,2
51794,661,498,5
51795,755,875,1
51796,409,504,2
51797,313,385,4
51798,574,333,3
51799,783,334,3
51800,198,4,3
51801,476,738,3
51802,385,654,5
51803,146,245,5
51804,690,226,3
51805,785,195,4
51806,474,436,3
51807,484,275,3
51808,610,735,3
51809,548,581,4
51810,561,198,3
51811,645,70,4
51812,665,866,3
51813,256,1042,5
51814,621,24,4
51815,715,627,3
51816,541,168,4
51817,694,1203,4
51818,363,1014,1
51819,454,293,4
51820,467,919,2
51821,541,259,1
51822,484,24,1
51823,535,628,4
51824,523,663,5
51825,151,473,4
51826,697,222,4
51827,504,392,5
51828,642,125,4
51829,653,492,4
51830,442,11,4
51831,655,518,2
51832,345,204,4
51833,90,676,2
51834,622,214,4
51835,658,429,4
51836,757,50,4
51837,625,250,4
51838,716,414,4
51839,422,475,4
51840,472,173,5
51841,234,11,2
51842,551,150,3
51843,74,302,4
51844,535,558,5
51845,305,408,5
51846,53,151,4
51847,655,684,3
51848,634,985,4
51849,543,550,2
51850,343,9,5
51851,724,346,1
51852,727,203,5
51853,502,259,3
51854,265,111,2
51855,305,1074,2
51856,537,724,3
51857,328,433,2
51858,751,736,5
51859,778,7,4
51860,399,697,2
51861,542,789,3
51862,642,731,5
51863,747,500,4
51864,703,147,3
51865,707,778,3
51866,782,938,3
51867,661,69,4
51868,747,1660,2
51869,109,317,2
51870,374,68,1
51871,663,96,5
51872,751,480,4
51873,630,620,4
51874,601,107,4
51875,654,81,2
51876,116,272,3
51877,514,294,3
51878,184,428,4
51879,714,237,3
51880,776,234,5
51881,749,145,4
51882,372,436,5
51883,217,96,4
51884,616,347,4
51885,347,686,5
51886,133,316,4
51887,152,739,5
51888,653,480,4
51889,650,523,3
51890,467,475,4
51891,715,92,3
51892,711,65,4
51893,440,310,3
51894,313,519,5
51895,621,825,3
51896,653,523,4
51897,316,286,5
51898,417,1288,1
51899,81,288,3
51900,592,122,4
51901,671,54,3
51902,384,327,4
51903,789,127,5
51904,650,172,4
51905,264,789,4
51906,660,243,2
51907,763,286,4
51908,128,161,5
51909,770,508,5
51910,637,1051,2
51911,291,820,4
51912,94,32,5
51913,328,744,4
51914,731,507,3
51915,407,214,4
51916,67,412,1
51917,609,890,1
51918,508,191,5
51919,751,419,4
51920,600,449,4
51921,69,1016,3
51922,244,109,4
51923,703,257,5
51924,711,404,3
51925,17,7,4
51926,279,728,4
51927,303,241,4
51928,498,554,3
51929,749,550,4
51930,642,722,3
51931,417,574,2
51932,428,1024,4
51933,646,315,4
51934,305,89,3
51935,398,510,4
51936,788,480,3
51937,553,100,5
51938,727,801,2
51939,707,694,4
51940,399,291,3
51941,561,550,1
51942,379,414,5
51943,659,448,4
51944,668,210,5
51945,95,692,4
51946,152,423,5
51947,752,313,3
51948,21,800,1
51949,429,480,4
51950,18,737,3
51951,270,815,4
51952,400,690,3
51953,299,7,3
51954,760,723,2
51955,630,118,4
51956,397,853,4
51957,378,135,2
51958,655,800,2
51959,634,840,2
51960,222,585,3
51961,116,50,3
51962,454,55,2
51963,749,105,1
51964,234,1330,3
51965,592,1017,4
51966,3,319,2
51967,595,9,4
51968,25,183,4
51969,720,315,4
51970,445,752,1
51971,488,493,3
51972,774,527,1
51973,622,294,3
51974,87,472,4
51975,254,126,3
51976,23,526,3
51977,574,347,3
51978,711,1117,4
51979,165,318,5
51980,660,195,4
51981,608,319,4
51982,548,642,4
51983,648,816,1
51984,62,81,4
51985,567,479,5
51986,201,685,3
51987,13,50,5
51988,684,401,3
51989,451,329,4
51990,258,286,5
51991,794,242,5
51992,758,192,4
51993,420,14,5
51994,561,380,2
51995,280,226,3
51996,433,323,1
51997,181,875,3
51998,416,592,3
51999,750,294,4
52000,528,77,3
52001,648,66,5
52002,363,38,3
52003,629,22,5
52004,22,688,1
52005,149,268,4
52006,437,692,4
52007,507,269,2
52008,442,234,4
52009,733,1173,2
52010,241,300,4
52011,505,307,4
52012,593,50,4
52013,784,307,4
52014,504,291,4
52015,450,422,3
52016,574,332,3
52017,695,260,4
52018,276,225,3
52019,58,1063,1
52020,664,286,4
52021,497,603,3
52022,543,118,3
52023,776,485,2
52024,635,255,4
52025,448,345,5
52026,774,89,2
52027,297,111,3
52028,69,302,4
52029,439,301,3
52030,711,215,3
52031,749,238,3
52032,721,393,5
52033,43,121,4
52034,663,762,4
52035,279,1480,3
52036,407,1090,2
52037,329,651,4
52038,592,657,4
52039,303,1509,1
52040,627,797,4
52041,593,357,5
52042,664,504,4
52043,530,487,4
52044,109,367,3
52045,474,1134,3
52046,758,95,3
52047,747,496,5
52048,693,419,2
52049,393,472,3
52050,22,712,4
52051,389,731,3
52052,498,693,3
52053,497,849,2
52054,727,312,3
52055,664,427,4
52056,71,744,4
52057,145,394,1
52058,758,197,3
52059,711,744,4
52060,499,520,3
52061,537,99,2
52062,402,204,5
52063,559,194,3
52064,90,1039,5
52065,666,662,3
52066,463,1067,2
52067,749,86,4
52068,607,511,5
52069,707,1007,4
52070,669,324,3
52071,695,1024,5
52072,342,844,3
52073,542,1061,2
52074,650,216,4
52075,174,386,1
52076,145,731,3
52077,474,475,4
52078,497,423,3
52079,68,763,1
52080,767,207,5
52081,698,194,4
52082,627,562,2
52083,323,294,3
52084,601,427,4
52085,652,395,3
52086,499,484,4
52087,611,269,4
52088,567,1451,3
52089,738,405,2
52090,420,86,5
52091,49,320,5
52092,136,15,4
52093,13,406,1
52094,720,1062,5
52095,533,230,4
52096,401,127,1
52097,613,509,4
52098,565,83,5
52099,768,340,2
52100,697,268,5
52101,456,1059,4
52102,239,42,5
52103,488,164,3
52104,521,96,4
52105,395,252,3
52106,445,591,2
52107,748,174,5
52108,570,305,5
52109,442,746,3
52110,758,81,5
52111,463,93,4
52112,629,199,5
52113,676,300,4
52114,551,708,1
52115,503,732,3
52116,239,482,3
52117,166,313,5
52118,372,875,4
52119,13,473,4
52120,536,566,5
52121,500,202,4
52122,253,1,5
52123,405,64,5
52124,624,270,3
52125,453,181,5
52126,794,887,4
52127,437,82,3
52128,159,829,4
52129,452,135,3
52130,280,471,3
52131,95,1047,3
52132,413,258,4
52133,620,928,5
52134,729,333,4
52135,297,90,4
52136,655,417,2
52137,380,582,4
52138,690,716,1
52139,551,204,4
52140,711,1118,4
52141,758,427,4
52142,56,22,5
52143,532,77,5
52144,532,676,5
52145,62,71,4
52146,305,528,4
52147,608,333,4
52148,569,19,5
52149,747,316,4
52150,439,100,3
52151,538,181,3
52152,780,662,5
52153,456,864,4
52154,147,301,5
52155,13,348,2
52156,379,163,4
52157,756,642,2
52158,738,357,4
52159,758,155,1
52160,501,591,4
52161,157,118,2
52162,682,252,3
52163,648,550,4
52164,676,257,5
52165,676,288,1
52166,542,427,5
52167,615,237,4
52168,588,566,2
52169,181,1047,2
52170,630,100,3
52171,697,1,5
52172,724,245,2
52173,514,64,4
52174,343,159,2
52175,721,655,2
52176,344,562,2
52177,649,291,5
52178,697,818,4
52179,459,568,3
52180,514,425,5
52181,246,809,2
52182,327,186,2
52183,606,195,5
52184,578,355,1
52185,437,842,4
52186,521,732,3
52187,787,899,3
52188,764,143,5
52189,444,245,4
52190,451,305,3
52191,6,317,3
52192,778,1273,3
52193,354,737,4
52194,472,82,5
52195,735,744,3
52196,541,755,5
52197,461,242,3
52198,207,204,3
52199,704,131,5
52200,345,274,3
52201,781,483,5
52202,737,12,4
52203,225,606,5
52204,654,54,3
52205,524,1553,3
52206,533,297,4
52207,653,819,3
52208,234,1446,3
52209,758,172,4
52210,660,22,4
52211,533,134,4
52212,534,15,4
52213,548,1244,4
52214,542,418,4
52215,456,506,4
52216,655,190,3
52217,94,42,4
52218,731,95,3
52219,666,13,4
52220,445,181,2
52221,195,234,5
52222,771,28,5
52223,711,716,5
52224,687,340,4
52225,450,869,4
52226,786,471,4
52227,741,70,4
52228,85,231,2
52229,457,9,5
52230,458,23,4
52231,707,211,3
52232,541,1084,4
52233,774,294,1
52234,591,357,5
52235,699,933,3
52236,788,754,4
52237,472,1034,3
52238,538,234,3
52239,627,810,3
52240,747,648,5
52241,339,124,4
52242,42,294,4
52243,402,13,3
52244,416,1020,5
52245,705,241,4
52246,779,257,4
52247,796,1074,1
52248,462,100,4
52249,774,229,2
52250,644,261,4
52251,690,663,4
52252,311,54,4
52253,595,109,2
52254,59,277,4
52255,543,720,2
52256,597,250,4
52257,543,656,4
52258,10,582,4
52259,767,98,5
52260,452,181,4
52261,727,204,3
52262,437,77,4
52263,407,228,4
52264,470,257,4
52265,727,195,4
52266,452,124,5
52267,773,559,2
52268,632,275,3
52269,256,471,5
52270,210,105,3
52271,648,559,2
52272,761,214,1
52273,484,136,5
52274,721,70,3
52275,602,257,4
52276,416,873,5
52277,414,343,2
52278,291,200,4
52279,406,561,3
52280,13,897,1
52281,755,689,3
52282,648,519,4
52283,60,615,5
52284,693,488,4
52285,756,1119,4
52286,655,345,3
52287,533,176,1
52288,85,845,3
52289,774,403,2
52290,763,238,4
52291,795,172,3
52292,130,808,5
52293,237,656,4
52294,794,118,2
52295,642,845,5
52296,619,174,4
52297,660,215,3
52298,417,447,3
52299,555,150,4
52300,622,679,3
52301,53,25,4
52302,788,185,4
52303,756,234,3
52304,313,47,3
52305,569,286,5
52306,178,1197,4
52307,224,70,2
52308,592,259,2
52309,790,154,4
52310,224,715,1
52311,604,637,4
52312,679,132,4
52313,496,109,3
52314,332,79,5
52315,128,392,3
52316,157,276,4
52317,144,474,4
52318,694,174,5
52319,153,79,5
52320,393,7,4
52321,640,134,5
52322,795,117,4
52323,648,510,5
52324,130,236,5
52325,756,753,2
52326,667,137,3
52327,567,194,3
52328,622,86,4
52329,547,315,4
52330,587,886,2
52331,517,823,2
52332,759,332,4
52333,537,221,3
52334,754,619,4
52335,672,225,2
52336,619,183,5
52337,371,194,3
52338,588,421,5
52339,600,684,4
52340,417,223,5
52341,641,865,5
52342,758,889,3
52343,232,582,5
52344,694,131,5
52345,271,302,5
52346,450,476,4
52347,363,187,2
52348,545,373,3
52349,721,294,3
52350,780,491,4
52351,222,1045,3
52352,694,226,3
52353,793,276,3
52354,721,215,4
52355,709,636,3
52356,622,28,3
52357,648,231,2
52358,518,544,3
52359,771,242,4
52360,506,746,5
52361,638,227,2
52362,434,975,5
52363,592,763,5
52364,405,715,1
52365,758,324,5
52366,709,174,5
52367,532,295,5
52368,561,693,3
52369,708,50,5
52370,782,683,1
52371,577,151,4
52372,681,288,1
52373,727,401,2
52374,736,246,4
52375,417,1539,2
52376,121,197,4
52377,417,100,3
52378,660,177,2
52379,623,79,5
52380,782,249,2
52381,276,590,2
52382,574,270,3
52383,718,1165,3
52384,711,713,3
52385,409,404,2
52386,428,1313,4
52387,308,382,4
52388,664,132,4
52389,453,693,5
52390,741,651,4
52391,637,926,2
52392,727,201,4
52393,774,673,2
52394,201,64,3
52395,614,1,5
52396,660,898,4
52397,746,196,4
52398,758,826,3
52399,773,37,3
52400,293,427,4
52401,101,412,2
52402,76,270,3
52403,486,591,4
52404,521,163,3
52405,346,669,1
52406,697,751,5
52407,506,181,5
52408,533,13,3
52409,774,54,1
52410,781,100,5
52411,435,562,5
52412,690,94,4
52413,642,1509,2
52414,316,435,2
52415,474,792,4
52416,495,386,3
52417,15,111,4
52418,589,682,4
52419,158,471,4
52420,570,748,3
52421,423,924,4
52422,380,121,3
52423,621,472,3
52424,793,1067,4
52425,780,202,4
52426,721,300,5
52427,152,781,5
52428,642,1503,2
52429,276,1208,3
52430,7,4,5
52431,364,286,5
52432,665,597,3
52433,669,749,3
52434,731,462,5
52435,501,546,4
52436,318,4,2
52437,741,77,3
52438,249,409,4
52439,399,5,3
52440,711,949,4
52441,782,984,2
52442,795,367,3
52443,218,176,5
52444,645,474,5
52445,422,275,5
52446,542,451,3
52447,782,329,3
52448,194,89,3
52449,506,94,3
52450,796,401,3
52451,796,184,1
52452,521,99,3
52453,222,422,2
52454,13,832,4
52455,533,71,4
52456,599,255,5
52457,738,195,4
52458,747,844,4
52459,774,172,3
52460,487,356,4
52461,637,325,1
52462,417,294,4
52463,748,228,3
52464,432,300,4
52465,629,684,5
52466,761,546,5
52467,705,38,5
52468,790,157,2
52469,497,163,2
52470,749,293,4
52471,491,100,5
52472,761,148,5
52473,721,715,2
52474,447,209,4
52475,450,443,4
52476,403,235,5
52477,295,168,5
52478,119,410,1
52479,676,132,5
52480,374,1217,2
52481,781,474,5
52482,784,678,4
52483,655,385,3
52484,599,1014,4
52485,607,483,4
52486,665,143,4
52487,546,590,4
52488,494,98,4
52489,693,118,2
52490,747,705,5
52491,545,121,5
52492,735,333,4
52493,642,1014,5
52494,705,28,4
52495,364,302,4
52496,389,186,2
52497,321,86,4
52498,758,64,5
52499,672,25,5
52500,746,231,2
52501,507,678,5
52502,634,1284,3
52503,500,234,3
52504,698,230,3
52505,379,710,4
52506,15,934,4
52507,7,544,3
52508,318,712,4
52509,790,1063,5
52510,537,433,4
52511,595,475,5
52512,536,136,4
52513,716,131,5
52514,655,536,3
52515,539,238,3
52516,425,385,2
52517,749,1047,3
52518,345,323,3
52519,43,625,4
52520,437,709,5
52521,87,944,5
52522,434,477,5
52523,344,169,5
52524,246,69,3
52525,614,871,2
52526,504,628,4
52527,622,90,4
52528,679,8,2
52529,621,810,3
52530,493,323,4
52531,551,762,5
52532,102,431,3
52533,372,201,2
52534,774,644,4
52535,487,282,4
52536,642,367,5
52537,789,475,5
52538,407,427,4
52539,749,199,5
52540,393,794,4
52541,505,174,4
52542,13,37,1
52543,625,173,3
52544,524,238,4
52545,660,117,3
52546,537,290,2
52547,666,855,4
52548,749,254,2
52549,703,275,4
52550,18,221,5
52551,404,689,2
52552,506,1089,1
52553,399,121,3
52554,608,480,3
52555,606,816,2
52556,782,1538,3
52557,709,385,4
52558,543,1524,4
52559,406,218,3
52560,604,184,3
52561,643,468,4
52562,727,549,3
52563,653,127,5
52564,575,127,2
52565,43,539,3
52566,625,357,3
52567,416,318,5
52568,747,474,5
52569,766,521,4
52570,696,305,4
52571,777,100,1
52572,325,182,3
52573,747,152,3
52574,655,81,3
52575,560,277,3
52576,296,256,5
52577,551,1139,4
52578,129,304,3
52579,476,67,4
52580,373,389,3
52581,684,1283,3
52582,563,862,1
52583,474,356,5
52584,653,756,1
52585,6,489,5
52586,742,321,3
52587,698,513,2
52588,495,158,3
52589,551,1443,5
52590,533,514,3
52591,406,478,4
52592,696,344,5
52593,307,228,5
52594,312,23,4
52595,373,50,5
52596,758,607,5
52597,735,276,4
52598,167,99,4
52599,734,751,4
52600,592,522,5
52601,764,71,5
52602,660,186,3
52603,766,202,3
52604,181,1350,1
52605,85,531,4
52606,303,569,3
52607,60,445,5
52608,747,939,3
52609,87,410,4
52610,643,209,5
52611,548,283,3
52612,586,841,3
52613,450,832,2
52614,655,306,3
52615,308,122,4
52616,559,257,3
52617,456,1222,2
52618,716,1203,2
52619,724,680,1
52620,474,23,4
52621,542,186,4
52622,54,346,4
52623,25,604,4
52624,650,495,3
52625,423,245,4
52626,693,1311,1
52627,796,418,4
52628,592,234,5
52629,654,473,2
52630,751,88,4
52631,374,742,5
52632,506,161,4
52633,200,596,4
52634,707,293,4
52635,361,705,5
52636,301,420,3
52637,537,466,4
52638,495,181,5
52639,557,300,4
52640,654,660,5
52641,650,496,4
52642,664,149,3
52643,741,1074,2
52644,425,538,2
52645,508,511,4
52646,540,111,4
52647,557,198,5
52648,608,44,4
52649,451,359,2
52650,655,1069,1
52651,758,684,4
52652,774,1028,2
52653,206,1432,1
52654,562,181,3
52655,363,282,2
52656,535,196,4
52657,407,215,3
52658,554,819,3
52659,470,13,4
52660,23,713,4
52661,429,191,5
52662,192,125,3
52663,642,451,5
52664,342,212,5
52665,425,121,4
52666,758,24,4
52667,391,174,5
52668,606,48,4
52669,417,260,3
52670,742,117,2
52671,714,472,2
52672,379,636,3
52673,42,284,3
52674,655,708,3
52675,704,654,5
52676,171,310,4
52677,330,385,5
52678,721,881,3
52679,181,981,1
52680,535,482,4
52681,703,258,4
52682,20,274,4
52683,178,333,3
52684,686,651,5
52685,798,94,3
52686,417,413,3
52687,683,303,3
52688,216,735,5
52689,479,1444,1
52690,442,219,3
52691,405,675,1
52692,476,26,4
52693,592,925,3
52694,798,1,4
52695,172,463,4
52696,518,280,4
52697,645,28,4
52698,733,279,2
52699,222,742,5
52700,749,578,3
52701,609,1012,1
52702,367,800,4
52703,643,200,3
52704,525,1047,2
52705,796,229,3
52706,398,186,4
52707,660,208,4
52708,405,921,1
52709,535,9,5
52710,527,647,5
52711,616,322,4
52712,358,1266,4
52713,704,662,3
52714,786,404,4
52715,788,229,3
52716,788,51,4
52717,750,306,4
52718,664,175,4
52719,276,928,3
52720,346,97,4
52721,617,1073,3
52722,655,1368,5
52723,601,504,4
52724,279,28,2
52725,456,380,3
52726,196,153,5
52727,777,1,4
52728,614,841,2
52729,561,195,3
52730,328,133,5
52731,406,447,4
52732,749,172,5
52733,608,100,4
52734,143,294,3
52735,637,333,3
52736,230,371,4
52737,633,177,3
52738,682,1410,3
52739,707,730,3
52740,745,174,3
52741,536,713,4
52742,774,563,1
52743,536,498,5
52744,479,455,4
52745,94,4,4
52746,796,679,4
52747,276,185,4
52748,18,111,3
52749,394,386,3
52750,655,87,3
52751,610,95,2
52752,733,19,5
52753,350,132,5
52754,637,1,4
52755,542,122,3
52756,95,97,4
52757,758,689,1
52758,707,162,5
52759,715,475,4
52760,454,423,4
52761,177,216,4
52762,94,692,4
52763,798,998,3
52764,450,226,4
52765,326,194,4
52766,30,161,4
52767,222,402,4
52768,643,521,4
52769,10,701,4
52770,796,87,5
52771,764,321,1
52772,566,1437,2
52773,586,385,3
52774,758,752,3
52775,551,924,5
52776,708,21,1
52777,436,710,4
52778,757,743,2
52779,665,79,3
52780,110,366,3
52781,125,482,1
52782,731,194,3
52783,747,156,3
52784,645,433,4
52785,198,127,5
52786,288,1065,4
52787,181,1365,1
52788,402,237,4
52789,648,254,3
52790,405,42,1
52791,533,228,4
52792,683,316,4
52793,168,300,5
52794,671,1215,3
52795,234,279,3
52796,454,185,2
52797,458,514,5
52798,486,332,3
52799,29,326,2
52800,551,774,5
52801,640,1228,4
52802,645,963,4
52803,643,418,4
52804,671,559,4
52805,684,692,4
52806,625,154,3
52807,363,235,5
52808,48,357,5
52809,462,330,3
52810,716,392,2
52811,782,1390,3
52812,713,307,3
52813,543,1014,4
52814,184,7,3
52815,234,97,2
52816,655,324,3
52817,303,790,4
52818,314,433,3
52819,55,50,4
52820,747,1203,5
52821,682,259,3
52822,149,300,3
52823,724,1617,1
52824,791,289,4
52825,250,175,5
52826,760,216,2
52827,660,145,2
52828,788,235,3
52829,766,648,3
52830,160,237,3
52831,728,678,4
52832,655,249,3
52833,164,472,5
52834,588,724,2
52835,676,318,5
52836,802,135,4
52837,650,434,4
52838,650,627,2
52839,507,319,3
52840,629,258,4
52841,524,550,3
52842,733,7,3
52843,70,101,3
52844,665,319,4
52845,642,542,5
52846,308,285,5
52847,180,939,4
52848,642,143,5
52849,727,790,2
52850,468,42,4
52851,663,357,5
52852,342,276,3
52853,735,690,4
52854,593,631,3
52855,496,268,4
52856,195,582,4
52857,209,813,5
52858,563,781,4
52859,486,117,3
52860,630,276,1
52861,795,1036,2
52862,514,229,3
52863,25,98,5
52864,382,357,4
52865,49,432,5
52866,290,651,3
52867,758,391,3
52868,292,96,4
52869,709,96,5
52870,451,938,4
52871,93,121,3
52872,642,138,4
52873,551,448,4
52874,222,476,3
52875,608,448,5
52876,771,222,2
52877,503,432,5
52878,524,321,3
52879,148,8,4
52880,296,19,5
52881,758,163,5
52882,606,151,5
52883,389,671,5
52884,663,1324,3
52885,755,690,5
52886,798,988,3
52887,746,566,4
52888,560,318,4
52889,788,692,3
52890,647,255,4
52891,664,45,4
52892,733,121,3
52893,399,450,2
52894,343,197,4
52895,664,684,4
52896,435,331,5
52897,298,193,5
52898,714,289,3
52899,457,7,4
52900,504,357,4
52901,308,99,4
52902,787,361,3
52903,758,373,4
52904,275,470,3
52905,695,995,4
52906,696,315,5
52907,795,636,3
52908,223,820,4
52909,271,499,3
52910,785,209,3
52911,798,1119,3
52912,582,15,3
52913,506,676,1
52914,367,184,5
52915,236,133,5
52916,350,654,5
52917,279,948,3
52918,716,186,3
52919,292,631,5
52920,798,164,4
52921,623,227,4
52922,303,1052,2
52923,497,1177,1
52924,694,617,4
52925,679,69,4
52926,731,504,3
52927,622,94,2
52928,442,209,4
52929,450,939,4
52930,82,197,4
52931,800,742,4
52932,767,187,4
52933,664,480,5
52934,561,656,4
52935,499,12,5
52936,804,11,4
52937,411,230,3
52938,682,240,4
52939,22,384,3
52940,506,755,4
52941,751,1661,1
52942,650,1031,3
52943,595,1023,1
52944,76,70,4
52945,152,155,5
52946,424,50,3
52947,458,546,3
52948,538,210,3
52949,480,863,4
52950,705,373,3
52951,748,678,2
52952,294,181,5
52953,328,798,2
52954,13,758,1
52955,747,3,2
52956,688,326,5
52957,644,127,4
52958,731,153,3
52959,72,553,5
52960,125,269,1
52961,432,276,4
52962,675,650,5
52963,493,288,4
52964,2,237,4
52965,640,568,4
52966,435,100,3
52967,727,271,4
52968,705,568,5
52969,70,222,4
52970,354,865,3
52971,429,92,4
52972,501,685,3
52973,655,1099,3
52974,711,40,4
52975,253,192,1
52976,756,92,3
52977,84,466,4
52978,655,750,2
52979,668,311,4
52980,174,125,5
52981,693,650,3
52982,280,58,4
52983,798,274,5
52984,303,875,4
52985,548,3,1
52986,579,333,4
52987,727,765,2
52988,803,286,5
52989,92,47,4
52990,287,952,4
52991,682,687,2
52992,234,625,3
52993,189,61,3
52994,18,269,5
52995,665,181,4
52996,532,269,4
52997,487,258,5
52998,186,258,1
52999,796,1042,4
53000,802,294,4
53001,275,450,3
53002,697,689,4
53003,101,151,3
53004,395,50,5
53005,754,476,4
53006,345,220,3
53007,378,43,3
53008,416,159,1
53009,593,723,4
53010,648,172,5
53011,118,672,4
53012,119,354,5
53013,145,219,5
53014,201,1423,3
53015,180,785,4
53016,637,323,1
53017,721,989,3
53018,796,159,3
53019,6,257,2
53020,655,165,3
53021,654,276,1
53022,788,70,4
53023,593,761,2
53024,533,66,4
53025,670,232,3
53026,216,56,5
53027,536,480,5
53028,476,239,4
53029,336,26,5
53030,557,750,4
53031,405,231,3
53032,638,679,3
53033,467,10,4
53034,308,1515,4
53035,454,260,1
53036,551,739,4
53037,580,687,3
53038,194,488,3
53039,130,185,5
53040,437,30,4
53041,796,540,2
53042,633,405,4
53043,610,419,5
53044,501,24,3
53045,18,208,4
53046,675,347,4
53047,773,188,3
53048,92,974,2
53049,780,199,5
53050,757,4,5
53051,248,156,5
53052,505,31,4
53053,486,1302,3
53054,151,178,5
53055,537,678,1
53056,623,222,4
53057,472,2,5
53058,680,815,3
53059,475,902,5
53060,588,778,3
53061,551,72,5
53062,514,194,4
53063,582,411,1
53064,524,32,4
53065,628,333,5
53066,764,31,4
53067,536,493,4
53068,733,298,2
53069,278,515,5
53070,484,82,4
53071,780,98,1
53072,181,259,1
53073,712,842,3
53074,537,20,3
53075,233,511,5
53076,709,230,2
53077,294,324,4
53078,443,309,5
53079,122,1045,4
53080,780,467,3
53081,786,449,2
53082,83,31,5
53083,642,174,5
53084,381,742,4
53085,666,517,4
53086,740,322,3
53087,7,513,4
53088,719,778,3
53089,788,205,4
53090,643,205,5
53091,733,248,3
53092,387,919,5
53093,758,286,5
53094,360,321,3
53095,430,19,5
53096,405,728,4
53097,738,56,4
53098,301,249,3
53099,666,82,3
53100,592,312,2
53101,568,656,3
53102,519,313,5
53103,586,173,3
53104,727,747,2
53105,622,833,4
53106,629,467,5
53107,56,732,4
53108,615,855,4
53109,766,510,3
53110,759,300,5
53111,548,326,4
53112,296,297,4
53113,766,135,4
53114,796,527,3
53115,754,742,3
53116,327,44,3
53117,450,608,4
53118,796,154,3
53119,143,315,4
53120,374,228,5
53121,106,191,5
53122,608,28,4
53123,775,348,3
53124,495,472,5
53125,802,286,2
53126,655,257,3
53127,378,747,3
53128,689,7,5
53129,253,1039,4
53130,610,28,4
53131,244,1118,4
53132,804,546,3
53133,756,554,1
53134,638,403,3
53135,758,128,4
53136,751,652,4
53137,407,89,4
53138,804,31,4
53139,792,111,3
53140,537,1103,4
53141,425,669,3
53142,229,751,3
53143,735,813,4
53144,717,111,4
53145,694,178,4
53146,774,127,4
53147,504,725,3
53148,793,298,4
53149,642,1311,3
53150,405,29,4
53151,151,614,4
53152,592,678,2
53153,194,282,3
53154,251,471,3
53155,566,31,3
53156,637,338,4
53157,371,1,4
53158,730,109,4
53159,141,696,4
53160,385,283,2
53161,775,286,4
53162,618,70,3
53163,92,179,5
53164,562,161,3
53165,689,250,5
53166,663,1276,3
53167,295,79,4
53168,600,184,3
53169,751,85,3
53170,619,22,5
53171,593,660,5
53172,758,69,5
53173,684,742,4
53174,660,1411,2
53175,465,56,4
53176,398,498,5
53177,500,471,4
53178,454,956,2
53179,749,15,5
53180,54,117,5
53181,763,210,3
53182,546,53,5
53183,642,376,3
53184,34,990,5
53185,496,421,3
53186,487,25,1
53187,650,404,3
53188,645,4,4
53189,614,147,5
53190,752,271,5
53191,344,98,4
53192,526,288,4
53193,535,152,4
53194,290,1,5
53195,303,187,5
53196,714,685,4
53197,524,447,5
53198,636,9,3
53199,731,419,4
53200,604,127,4
53201,535,692,4
53202,85,232,3
53203,642,216,3
53204,735,628,3
53205,159,456,3
53206,513,323,5
53207,560,255,4
53208,650,1149,4
53209,709,2,4
53210,378,582,5
53211,299,154,4
53212,782,878,3
53213,634,315,5
53214,600,96,5
53215,389,197,5
53216,455,393,3
53217,592,191,5
53218,255,827,2
53219,715,87,4
53220,798,151,3
53221,43,581,3
53222,250,123,3
53223,675,874,4
53224,770,1,5
53225,497,552,3
53226,777,216,4
53227,774,28,3
53228,313,143,3
53229,437,698,2
53230,86,304,3
53231,724,304,4
53232,487,286,2
53233,763,11,4
53234,104,847,2
53235,727,539,2
53236,194,651,3
53237,535,1474,4
53238,786,86,4
53239,434,111,5
53240,735,25,4
53241,474,88,4
53242,741,280,3
53243,453,628,3
53244,406,284,1
53245,712,79,4
53246,334,172,3
53247,132,286,3
53248,671,231,3
53249,454,99,3
53250,744,628,2
53251,682,570,2
53252,601,143,3
53253,140,304,4
53254,777,690,4
53255,766,134,5
53256,746,546,3
53257,774,185,2
53258,758,634,5
53259,705,191,1
53260,151,971,5
53261,608,1009,4
53262,457,1210,4
53263,796,270,4
53264,712,660,4
53265,745,8,4
53266,758,1501,3
53267,537,322,1
53268,474,193,4
53269,738,208,4
53270,682,423,5
53271,442,576,2
53272,374,50,3
53273,241,895,2
53274,792,595,3
53275,747,494,5
53276,776,442,2
53277,445,330,2
53278,466,68,3
53279,800,127,4
53280,500,217,4
53281,718,820,2
53282,716,611,5
53283,223,339,4
53284,180,222,5
53285,557,12,5
53286,399,1210,2
53287,492,528,5
53288,593,161,5
53289,768,65,4
53290,654,283,5
53291,709,447,2
53292,663,1048,4
53293,675,258,3
53294,758,656,5
53295,605,100,5
53296,318,1050,4
53297,272,200,5
53298,35,327,3
53299,305,478,3
53300,738,172,4
53301,581,269,3
53302,630,975,4
53303,647,993,4
53304,682,167,2
53305,651,327,4
53306,73,82,2
53307,620,946,4
53308,406,196,2
53309,621,87,5
53310,697,283,5
53311,452,86,4
53312,666,603,4
53313,621,894,1
53314,629,523,3
53315,634,717,4
53316,763,375,2
53317,766,366,3
53318,201,972,3
53319,291,212,4
53320,463,751,4
53321,497,202,4
53322,161,316,5
53323,676,114,5
53324,793,121,3
53325,639,111,2
53326,551,1135,5
53327,527,673,4
53328,795,100,5
53329,643,99,4
53330,716,1050,4
53331,699,221,4
53332,268,405,2
53333,648,17,2
53334,396,125,3
53335,487,77,3
53336,659,649,3
53337,782,1658,2
53338,515,269,2
53339,318,514,2
53340,608,357,5
53341,405,1021,1
53342,774,871,1
53343,354,485,4
53344,327,95,3
53345,661,272,4
53346,638,510,3
53347,752,310,1
53348,663,50,5
53349,804,204,4
53350,533,125,5
53351,532,147,4
53352,181,744,2
53353,62,210,4
53354,749,736,3
53355,715,735,4
53356,158,188,4
53357,497,797,3
53358,641,268,4
53359,416,755,4
53360,188,180,5
53361,608,8,2
53362,655,632,3
53363,720,269,3
53364,618,1,4
53365,617,313,1
53366,193,161,3
53367,705,255,5
53368,502,243,3
53369,59,504,5
53370,624,1089,2
53371,342,496,4
53372,648,169,5
53373,484,294,4
53374,617,669,1
53375,548,245,4
53376,753,898,4
53377,508,357,5
53378,303,665,4
53379,727,54,3
53380,677,845,3
53381,754,819,3
53382,772,879,4
53383,454,961,1
53384,181,1252,1
53385,299,239,3
53386,276,387,3
53387,781,288,2
53388,355,1392,4
53389,429,63,2
53390,600,161,4
53391,429,1209,3
53392,354,270,5
53393,747,327,4
53394,559,508,3
53395,488,190,5
53396,92,1023,2
53397,320,825,4
53398,234,199,5
53399,708,313,5
53400,606,939,4
53401,796,164,3
53402,707,208,5
53403,492,482,3
53404,339,327,4
53405,617,480,4
53406,567,47,4
53407,193,755,4
53408,343,523,5
53409,727,294,4
53410,584,423,4
53411,804,82,5
53412,276,254,2
53413,76,1153,2
53414,685,325,3
53415,752,340,4
53416,114,168,3
53417,416,735,5
53418,688,336,2
53419,671,597,4
53420,523,430,4
53421,650,612,4
53422,406,115,4
53423,500,282,4
53424,541,91,5
53425,783,346,5
53426,429,340,5
53427,655,387,3
53428,299,512,4
53429,573,50,4
53430,397,181,4
53431,6,127,5
53432,779,471,4
53433,328,89,5
53434,798,719,1
53435,621,419,4
53436,457,161,4
53437,7,655,5
53438,98,152,3
53439,276,678,3
53440,647,257,2
53441,521,240,3
53442,487,652,5
53443,721,877,3
53444,331,268,5
53445,618,202,2
53446,552,1051,3
53447,391,458,4
53448,672,124,3
53449,684,1,4
53450,177,302,4
53451,796,193,3
53452,606,647,3
53453,578,343,2
53454,710,1039,4
53455,406,47,4
53456,764,527,4
53457,712,692,5
53458,503,268,5
53459,774,52,3
53460,659,195,4
53461,425,234,3
53462,463,301,5
53463,236,117,3
53464,96,144,4
53465,495,559,4
53466,545,29,3
53467,702,288,1
53468,624,905,4
53469,698,421,2
53470,706,100,1
53471,685,327,2
53472,620,98,4
53473,693,514,4
53474,743,297,5
53475,474,660,5
53476,645,488,4
53477,587,332,4
53478,790,174,4
53479,379,208,4
53480,658,117,4
53481,561,155,2
53482,204,268,3
53483,324,678,3
53484,724,310,5
53485,694,181,5
53486,524,50,4
53487,706,50,5
53488,642,463,3
53489,504,99,3
53490,474,566,5
53491,429,684,4
53492,44,197,4
53493,592,1199,5
53494,799,479,5
53495,95,707,3
53496,592,1073,5
53497,782,346,2
53498,650,96,4
53499,347,977,5
53500,585,10,3
53501,643,32,4
53502,691,50,4
53503,619,82,5
53504,595,358,2
53505,679,419,3
53506,804,1076,3
53507,534,405,3
53508,562,286,4
53509,592,328,1
53510,599,274,5
53511,85,173,3
53512,301,162,3
53513,534,546,4
53514,588,42,5
53515,707,631,4
53516,469,286,5
53517,90,1204,4
53518,430,137,3
53519,524,549,4
53520,327,709,4
53521,719,121,1
53522,588,184,4
53523,588,165,2
53524,796,431,4
53525,716,729,2
53526,505,71,4
53527,449,285,5
53528,546,751,3
53529,613,194,5
53530,745,527,3
53531,131,813,3
53532,115,282,4
53533,805,319,2
53534,773,92,4
53535,747,591,2
53536,506,42,3
53537,528,173,5
53538,776,168,5
53539,295,155,4
53540,543,70,4
53541,176,262,4
53542,721,527,5
53543,452,163,4
53544,544,343,2
53545,574,327,3
53546,592,1226,4
53547,392,244,3
53548,790,38,2
53549,690,281,3
53550,225,705,5
53551,339,238,5
53552,1,127,5
53553,409,300,3
53554,267,81,4
53555,383,193,4
53556,303,385,4
53557,608,305,3
53558,623,194,5
53559,625,403,3
53560,543,684,4
53561,621,1028,4
53562,805,715,4
53563,465,174,3
53564,250,933,3
53565,354,464,4
53566,724,880,3
53567,407,514,4
53568,670,480,5
53569,312,1192,3
53570,763,213,4
53571,171,286,3
53572,194,629,3
53573,767,495,4
53574,708,763,4
53575,751,778,3
53576,255,117,2
53577,358,1006,5
53578,350,23,5
53579,660,774,3
53580,56,596,4
53581,798,138,3
53582,539,69,5
53583,215,77,3
53584,774,105,1
53585,774,520,3
53586,690,12,4
53587,486,319,3
53588,92,8,5
53589,749,195,5
53590,591,517,4
53591,795,502,3
53592,757,693,4
53593,707,529,4
53594,804,318,5
53595,194,540,1
53596,201,183,4
53597,346,219,2
53598,145,1289,1
53599,325,480,4
53600,504,142,3
53601,682,38,3
53602,522,134,5
53603,15,220,4
53604,387,679,5
53605,564,323,3
53606,588,684,4
53607,758,316,5
53608,796,399,4
53609,378,568,4
53610,268,92,4
53611,465,404,2
53612,13,398,2
53613,268,578,2
53614,790,284,4
53615,655,594,3
53616,216,64,5
53617,122,1267,4
53618,10,185,5
53619,508,52,4
53620,497,208,3
53621,746,56,3
53622,119,181,4
53623,743,268,4
53624,747,502,5
53625,747,1028,1
53626,416,2,4
53627,782,246,3
53628,788,639,3
53629,354,171,4
53630,607,30,4
53631,538,153,4
53632,804,588,4
53633,424,435,3
53634,802,323,5
53635,751,856,2
53636,758,387,2
53637,698,222,4
53638,429,174,4
53639,407,135,3
53640,342,192,4
53641,437,111,3
53642,308,152,5
53643,647,72,4
53644,551,77,3
53645,447,298,4
53646,711,132,5
53647,125,70,3
53648,16,661,4
53649,690,376,3
53650,532,315,3
53651,492,192,3
53652,503,12,3
53653,236,255,3
53654,710,310,3
53655,796,1119,4
53656,145,930,2
53657,76,1071,3
53658,753,515,5
53659,750,271,4
53660,143,326,5
53661,447,498,4
53662,343,561,3
53663,508,1153,4
53664,766,228,3
53665,804,399,4
53666,435,743,3
53667,727,424,1
53668,764,77,4
53669,593,286,5
53670,345,715,4
53671,806,324,2
53672,671,431,2
53673,763,258,3
53674,553,520,5
53675,796,491,4
53676,790,412,4
53677,57,471,4
53678,666,300,3
53679,254,118,4
53680,715,53,1
53681,104,332,2
53682,786,429,4
53683,657,109,1
53684,658,603,4
53685,608,461,4
53686,391,173,4
53687,291,670,5
53688,463,845,3
53689,802,452,4
53690,387,62,2
53691,388,315,3
53692,659,76,4
53693,648,498,3
53694,510,457,2
53695,135,470,4
53696,450,631,4
53697,716,211,5
53698,493,890,3
53699,484,699,4
53700,763,461,4
53701,437,174,5
53702,417,55,5
53703,346,657,4
53704,548,331,4
53705,436,23,4
53706,222,156,4
53707,790,1183,2
53708,804,198,5
53709,707,191,5
53710,59,32,4
53711,514,747,4
53712,455,1171,3
53713,495,395,1
53714,363,552,4
53715,486,975,3
53716,58,153,5
53717,363,919,5
53718,655,466,3
53719,624,125,3
53720,281,289,3
53721,608,475,3
53722,796,517,2
53723,796,795,3
53724,425,168,5
53725,301,562,3
53726,452,729,1
53727,497,652,5
53728,605,873,3
53729,654,252,2
53730,675,311,3
53731,542,41,4
53732,524,186,3
53733,682,549,3
53734,554,595,3
53735,157,111,3
53736,689,222,5
53737,485,748,2
53738,42,369,4
53739,764,100,4
53740,435,45,5
53741,56,300,4
53742,159,67,1
53743,207,526,4
53744,501,13,4
53745,534,1327,2
53746,525,322,2
53747,591,1028,3
53748,381,418,3
53749,654,100,1
53750,221,151,1
53751,523,384,3
53752,698,434,4
53753,599,763,5
53754,611,262,4
53755,805,17,4
53756,562,143,5
53757,13,70,3
53758,804,433,4
53759,416,8,5
53760,5,450,1
53761,619,385,5
53762,601,163,4
53763,667,131,5
53764,733,242,4
53765,663,619,4
53766,585,1449,5
53767,712,699,5
53768,660,1020,4
53769,654,739,4
53770,458,147,2
53771,724,908,1
53772,91,657,4
53773,130,179,4
53774,269,163,2
53775,506,418,4
53776,687,264,3
53777,662,813,3
53778,768,1016,2
53779,497,233,2
53780,805,387,3
53781,60,479,5
53782,712,416,3
53783,769,15,3
53784,532,411,3
53785,699,929,3
53786,109,210,5
53787,256,284,4
53788,537,178,4
53789,751,659,5
53790,776,496,3
53791,130,827,4
53792,59,591,4
53793,125,746,3
53794,387,10,4
53795,378,269,4
53796,642,862,4
53797,660,68,4
53798,455,14,3
53799,711,732,4
53800,798,1224,2
53801,593,580,1
53802,804,231,4
53803,321,275,4
53804,521,402,3
53805,744,482,3
53806,606,175,4
53807,551,324,3
53808,658,952,2
53809,406,277,3
53810,724,288,4
53811,7,638,4
53812,504,1118,3
53813,244,118,2
53814,459,16,2
53815,379,210,4
53816,279,456,3
53817,798,196,3
53818,687,319,4
53819,340,179,1
53820,749,187,3
53821,475,70,4
53822,645,430,5
53823,428,1280,3
53824,458,181,2
53825,715,89,3
53826,89,1,5
53827,758,827,3
53828,25,23,4
53829,682,150,4
53830,592,744,3
53831,734,172,4
53832,796,742,3
53833,487,176,5
53834,716,866,3
53835,343,28,5
53836,498,464,4
53837,757,207,2
53838,733,1171,3
53839,265,100,5
53840,532,535,5
53841,394,578,2
53842,755,304,4
53843,747,497,5
53844,254,343,2
53845,59,684,3
53846,661,28,5
53847,537,614,3
53848,655,1171,3
53849,699,268,4
53850,738,69,5
53851,602,9,4
53852,727,187,5
53853,676,352,1
53854,267,579,3
53855,748,144,4
53856,486,10,4
53857,624,150,4
53858,592,344,4
53859,514,197,4
53860,758,1098,5
53861,243,116,4
53862,398,66,4
53863,24,402,4
53864,790,139,2
53865,796,871,1
53866,627,651,4
53867,308,274,3
53868,699,252,4
53869,793,824,3
53870,309,989,3
53871,787,269,3
53872,299,99,3
53873,690,712,4
53874,293,232,2
53875,758,765,2
53876,90,732,5
53877,92,658,3
53878,721,382,4
53879,786,187,4
53880,539,487,3
53881,533,1147,3
53882,216,396,3
53883,788,71,3
53884,121,237,5
53885,806,405,3
53886,727,284,3
53887,222,1035,2
53888,568,486,4
53889,741,228,2
53890,420,301,3
53891,630,1055,3
53892,374,225,3
53893,774,179,5
53894,380,549,3
53895,151,151,5
53896,416,154,4
53897,595,952,5
53898,357,1028,5
53899,763,151,4
53900,535,1039,4
53901,486,245,3
53902,601,156,4
53903,794,475,5
53904,775,258,4
53905,394,68,5
53906,655,48,4
53907,587,895,4
53908,221,174,4
53909,82,79,3
53910,807,399,4
53911,774,238,5
53912,711,401,3
53913,276,173,5
53914,327,523,4
53915,745,203,3
53916,194,516,3
53917,704,655,3
53918,489,748,4
53919,123,432,5
53920,659,182,4
53921,421,127,4
53922,654,385,4
53923,347,156,5
53924,671,33,5
53925,771,993,4
53926,807,419,5
53927,198,707,2
53928,323,179,4
53929,593,278,3
53930,222,363,2
53931,254,665,2
53932,650,849,2
53933,455,252,3
53934,290,527,4
53935,221,94,3
53936,735,147,1
53937,711,50,4
53938,303,386,4
53939,739,969,1
53940,280,384,4
53941,561,345,4
53942,758,412,5
53943,788,504,4
53944,806,629,3
53945,798,116,3
53946,470,360,2
53947,450,167,5
53948,748,196,3
53949,706,1,4
53950,3,325,1
53951,639,510,3
53952,145,1210,1
53953,279,198,3
53954,378,186,3
53955,707,382,3
53956,581,285,5
53957,655,1009,2
53958,561,46,4
53959,561,1015,2
53960,777,56,5
53961,766,588,3
53962,161,210,2
53963,342,499,5
53964,592,98,5
53965,695,346,5
53966,174,50,4
53967,751,1007,4
53968,782,288,4
53969,655,215,2
53970,693,357,5
53971,181,595,2
53972,591,381,4
53973,532,52,4
53974,569,405,3
53975,177,129,3
53976,276,624,2
53977,327,160,4
53978,499,198,5
53979,8,181,4
53980,773,56,2
53981,568,612,3
53982,807,117,4
53983,518,475,4
53984,717,274,4
53985,600,29,2
53986,627,673,2
53987,738,496,4
53988,727,356,3
53989,699,244,3
53990,268,156,3
53991,792,124,4
53992,109,834,3
53993,456,181,3
53994,611,873,3
53995,407,232,3
53996,488,269,3
53997,755,269,5
53998,177,340,4
53999,727,69,4
54000,704,302,4
54001,641,496,2
54002,287,1067,2
54003,648,215,2
54004,768,756,3
54005,291,1277,4
54006,757,89,4
54007,739,286,2
54008,682,977,3
54009,724,872,1
54010,22,290,5
54011,401,302,3
54012,557,298,5
54013,380,98,4
54014,83,862,4
54015,798,480,3
54016,643,790,4
54017,537,523,3
54018,218,186,3
54019,406,182,4
54020,417,452,2
54021,467,269,4
54022,682,100,3
54023,611,887,2
54024,561,168,4
54025,591,792,4
54026,741,785,3
54027,548,925,2
54028,16,172,5
54029,214,496,4
54030,543,134,5
54031,543,16,3
54032,746,232,3
54033,707,723,3
54034,577,77,3
54035,727,1088,2
54036,797,307,2
54037,372,299,4
54038,146,315,5
54039,109,748,3
54040,801,890,2
54041,459,249,2
54042,425,520,3
54043,385,53,1
54044,790,123,3
54045,551,66,2
54046,432,628,5
54047,704,735,4
54048,805,321,3
54049,313,465,3
54050,506,582,3
54051,748,258,5
54052,709,27,3
54053,459,815,4
54054,663,31,4
54055,749,69,5
54056,405,43,1
54057,145,176,5
54058,561,955,3
54059,37,827,3
54060,435,399,3
54061,305,285,5
54062,780,208,3
54063,640,231,5
54064,450,693,3
54065,416,295,5
54066,496,1229,1
54067,782,294,3
54068,45,282,4
54069,474,302,5
54070,326,385,3
54071,712,73,5
54072,796,932,4
54073,210,792,3
54074,655,265,3
54075,435,573,1
54076,653,722,1
54077,472,210,5
54078,748,135,4
54079,372,595,4
54080,698,489,3
54081,579,748,3
54082,776,127,5
54083,642,864,3
54084,796,496,5
54085,367,413,4
54086,499,313,5
54087,198,531,5
54088,578,1098,2
54089,325,529,4
54090,736,248,4
54091,207,302,4
54092,747,952,2
54093,393,385,4
54094,749,477,3
54095,782,310,4
54096,475,50,5
54097,809,678,2
54098,522,23,5
54099,608,549,4
54100,806,705,4
54101,489,892,3
54102,659,739,4
54103,535,654,5
54104,668,323,4
54105,543,102,4
54106,452,1383,1
54107,804,85,4
54108,59,792,4
54109,749,194,5
54110,681,304,3
54111,537,435,3
54112,561,367,3
54113,605,597,3
54114,125,72,4
54115,514,462,4
54116,234,30,4
54117,805,595,3
54118,711,111,2
54119,608,1039,5
54120,396,471,4
54121,697,336,3
54122,301,431,4
54123,399,15,5
54124,405,71,1
54125,743,311,5
54126,658,178,5
54127,796,765,3
54128,756,100,5
54129,711,735,5
54130,569,1284,2
54131,569,756,3
54132,189,4,5
54133,656,269,3
54134,92,1090,3
54135,342,381,5
54136,536,408,5
54137,690,159,3
54138,232,69,3
54139,82,286,4
54140,760,604,4
54141,807,385,4
54142,609,475,2
54143,782,308,4
54144,707,582,5
54145,290,323,3
54146,540,508,4
54147,489,1280,3
54148,707,1530,3
54149,327,338,1
54150,440,1265,5
54151,133,343,2
54152,312,10,5
54153,254,29,2
54154,184,496,5
54155,579,245,2
54156,754,255,3
54157,809,289,1
54158,138,45,5
54159,133,269,4
54160,363,449,3
54161,804,49,2
54162,561,276,4
54163,561,203,4
54164,479,180,4
54165,378,106,2
54166,718,274,3
54167,778,265,4
54168,524,496,2
54169,711,10,5
54170,650,654,3
54171,124,7,4
54172,644,237,4
54173,745,286,1
54174,330,185,4
54175,586,127,4
54176,355,288,5
54177,201,396,3
54178,152,778,3
54179,100,272,4
54180,551,732,4
54181,788,708,2
54182,325,105,3
54183,7,145,1
54184,479,1142,5
54185,104,50,5
54186,365,846,3
54187,632,588,2
54188,748,514,4
54189,523,210,5
54190,291,21,2
54191,525,1315,4
54192,551,73,2
54193,533,871,2
54194,276,881,3
54195,661,173,4
54196,558,1068,2
54197,463,870,2
54198,727,282,4
54199,516,660,5
54200,525,405,4
54201,447,98,4
54202,604,558,4
54203,556,187,5
54204,804,192,4
54205,795,4,4
54206,622,156,5
54207,206,360,1
54208,733,1658,3
54209,484,7,4
54210,677,1240,5
54211,532,318,5
54212,95,177,3
54213,389,674,2
54214,671,5,2
54215,711,286,4
54216,627,96,3
54217,379,173,5
54218,535,721,3
54219,815,196,4
54220,159,988,3
54221,666,197,4
54222,785,22,4
54223,709,939,4
54224,360,210,4
54225,671,4,5
54226,468,100,5
54227,493,300,4
54228,321,611,4
54229,144,54,2
54230,307,172,5
54231,727,1218,4
54232,276,479,5
54233,659,664,4
54234,272,651,4
54235,804,550,4
54236,650,416,3
54237,634,1009,2
54238,711,248,5
54239,537,346,3
54240,593,966,5
54241,650,715,3
54242,527,70,4
54243,496,10,5
54244,7,601,5
54245,763,22,4
54246,51,134,2
54247,653,381,2
54248,354,238,4
54249,655,207,3
54250,617,219,4
54251,763,275,5
54252,712,402,4
54253,509,345,1
54254,293,589,4
54255,87,1185,4
54256,295,89,5
54257,606,99,4
54258,90,8,5
54259,508,98,3
54260,450,431,5
54261,642,90,4
54262,617,201,1
54263,648,202,5
54264,298,265,4
54265,621,1013,2
54266,501,405,4
54267,339,191,5
54268,524,402,2
54269,739,132,4
54270,802,447,2
54271,387,241,1
54272,679,291,4
54273,18,204,3
54274,606,531,5
54275,670,98,2
54276,807,465,4
54277,497,420,3
54278,389,1050,4
54279,220,340,4
54280,592,875,4
54281,804,1222,3
54282,642,313,5
54283,650,571,3
54284,675,312,2
54285,716,527,5
54286,727,72,3
54287,766,423,3
54288,655,1501,3
54289,625,257,4
54290,654,591,5
54291,748,319,3
54292,721,324,3
54293,807,471,4
54294,796,49,3
54295,545,31,4
54296,313,520,5
54297,817,748,4
54298,6,425,3
54299,82,822,2
54300,653,563,1
54301,677,457,1
54302,417,783,3
54303,641,89,4
54304,664,12,5
54305,782,678,3
54306,786,200,5
54307,532,4,5
54308,715,976,1
54309,553,638,3
54310,708,255,5
54311,404,245,3
54312,639,750,2
54313,749,951,4
54314,521,31,3
54315,506,478,4
54316,694,1455,3
54317,773,234,2
54318,387,856,5
54319,390,286,4
54320,804,213,3
54321,454,842,2
54322,553,190,5
54323,251,24,3
54324,89,475,5
54325,752,288,5
54326,807,250,4
54327,749,472,4
54328,756,161,3
54329,624,7,4
54330,662,319,3
54331,749,78,3
54332,328,192,4
54333,499,497,2
54334,276,3,3
54335,88,354,5
54336,450,1521,3
54337,600,181,4
54338,307,1065,3
54339,677,471,4
54340,440,329,5
54341,805,755,3
54342,721,1296,3
54343,805,747,3
54344,267,483,5
54345,84,486,5
54346,806,177,3
54347,436,763,4
54348,102,288,2
54349,569,685,4
54350,537,180,4
54351,399,779,4
54352,60,89,5
54353,633,128,3
54354,627,578,3
54355,109,391,2
54356,181,1328,1
54357,710,603,4
54358,476,88,4
54359,561,2,3
54360,771,154,2
54361,708,748,4
54362,751,50,5
54363,693,660,3
54364,5,235,4
54365,655,152,3
54366,666,270,3
54367,575,294,1
54368,716,837,4
54369,234,867,4
54370,805,176,4
54371,648,414,1
54372,712,739,4
54373,268,562,4
54374,698,205,4
54375,234,130,1
54376,13,586,3
54377,763,1268,5
54378,705,231,3
54379,382,23,5
54380,374,12,4
54381,287,652,4
54382,420,484,5
54383,821,742,4
54384,634,125,4
54385,197,82,5
54386,406,15,4
54387,770,255,4
54388,307,580,4
54389,708,304,4
54390,671,96,5
54391,409,205,3
54392,474,64,5
54393,130,944,4
54394,539,962,4
54395,738,380,3
54396,518,1114,2
54397,758,1111,4
54398,533,94,4
54399,368,100,4
54400,213,597,5
54401,104,271,1
54402,652,245,4
54403,795,235,3
54404,501,111,3
54405,773,384,2
54406,576,248,4
54407,642,755,3
54408,210,451,3
54409,708,148,4
54410,762,237,3
54411,358,855,3
54412,188,76,4
54413,711,731,4
54414,530,815,4
54415,655,302,4
54416,774,208,2
54417,263,133,5
54418,543,576,4
54419,325,482,4
54420,320,183,4
54421,539,133,4
54422,758,997,4
54423,591,210,3
54424,552,250,3
54425,763,742,4
54426,758,302,5
54427,758,480,5
54428,815,944,3
54429,213,582,4
54430,561,1035,3
54431,467,24,4
54432,452,496,5
54433,537,543,5
54434,422,561,3
54435,666,489,4
54436,680,15,3
54437,768,845,2
54438,796,576,3
54439,688,754,5
54440,43,131,3
54441,557,529,5
54442,492,100,4
54443,268,268,5
54444,221,227,3
54445,790,232,4
54446,28,573,4
54447,625,517,3
54448,818,302,5
54449,381,509,5
54450,712,1043,3
54451,587,355,3
54452,655,919,2
54453,805,475,5
54454,774,672,1
54455,627,55,4
54456,543,204,4
54457,788,601,4
54458,456,186,4
54459,514,97,5
54460,795,407,3
54461,673,328,4
54462,75,322,1
54463,459,989,5
54464,648,825,4
54465,7,506,5
54466,793,294,5
54467,747,91,5
54468,538,22,5
54469,814,565,3
54470,588,747,4
54471,255,443,1
54472,741,38,2
54473,805,576,4
54474,747,135,5
54475,761,678,2
54476,806,182,5
54477,773,1021,5
54478,495,417,3
54479,524,107,3
54480,655,275,4
54481,378,1101,3
54482,181,1161,1
54483,704,136,4
54484,650,526,4
54485,435,567,3
54486,290,28,5
54487,6,1,4
54488,50,15,2
54489,529,328,4
54490,495,132,4
54491,639,178,5
54492,798,932,4
54493,328,73,4
54494,693,509,3
54495,5,169,5
54496,517,333,3
54497,595,748,2
54498,184,301,3
54499,618,507,4
54500,606,747,4
54501,110,468,3
54502,716,425,5
54503,236,274,1
54504,812,288,4
54505,16,71,5
54506,682,79,4
54507,91,56,1
54508,792,1132,3
54509,391,483,3
54510,561,196,4
54511,320,732,3
54512,189,517,4
54513,90,322,4
54514,336,151,1
54515,424,740,5
54516,400,258,5
54517,815,386,2
54518,786,231,2
54519,709,293,4
54520,798,21,5
54521,734,482,2
54522,159,1092,2
54523,605,22,4
54524,742,181,3
54525,627,636,4
54526,244,1041,4
54527,335,322,4
54528,130,1245,3
54529,552,826,2
54530,721,755,4
54531,796,716,3
54532,633,5,3
54533,298,215,5
54534,753,96,1
54535,526,508,4
54536,699,1615,3
54537,221,809,3
54538,279,515,3
54539,805,527,3
54540,500,100,4
54541,292,2,4
54542,474,22,4
54543,305,431,4
54544,751,100,4
54545,378,709,4
54546,622,795,2
54547,658,32,3
54548,548,678,4
54549,633,1019,4
54550,566,204,3
54551,399,268,3
54552,688,259,5
54553,748,173,4
54554,383,238,5
54555,216,466,4
54556,776,436,4
54557,303,144,5
54558,655,1223,3
54559,121,347,3
54560,749,468,3
54561,545,569,3
54562,457,82,5
54563,627,27,3
54564,623,291,3
54565,655,89,4
54566,738,298,3
54567,615,428,5
54568,57,1001,1
54569,798,586,2
54570,342,262,2
54571,216,238,5
54572,230,496,5
54573,59,240,2
54574,730,300,3
54575,618,1048,3
54576,500,1160,5
54577,823,94,2
54578,545,99,4
54579,551,88,4
54580,806,407,3
54581,671,684,3
54582,568,242,4
54583,709,860,3
54584,659,356,3
54585,367,637,3
54586,664,196,4
54587,671,144,4
54588,622,395,2
54589,768,117,4
54590,655,770,2
54591,567,205,3
54592,676,845,5
54593,555,181,5
54594,715,318,5
54595,474,709,5
54596,489,333,4
54597,566,318,4
54598,417,82,4
54599,805,222,4
54600,630,174,3
54601,622,169,5
54602,354,478,5
54603,332,125,5
54604,796,488,2
54605,303,228,4
54606,751,56,4
54607,517,405,4
54608,748,710,3
54609,385,133,1
54610,682,294,3
54611,416,183,5
54612,766,99,3
54613,788,570,3
54614,576,50,4
54615,757,1090,2
54616,543,89,4
54617,59,644,4
54618,746,550,4
54619,268,88,2
54620,570,258,3
54621,158,233,3
54622,548,1013,3
54623,642,418,5
54624,305,749,2
54625,532,708,4
54626,521,109,5
54627,702,300,3
54628,710,142,3
54629,788,403,3
54630,101,411,2
54631,704,1454,3
54632,306,1514,4
54633,768,257,4
54634,1,16,5
54635,805,473,4
54636,626,313,5
54637,222,109,3
54638,234,492,3
54639,642,234,1
54640,747,205,5
54641,655,1421,3
54642,788,54,4
54643,790,449,2
54644,178,658,5
54645,7,433,5
54646,529,288,4
54647,222,185,4
54648,592,327,4
54649,83,38,5
54650,805,96,4
54651,226,509,4
54652,508,196,3
54653,787,292,3
54654,804,365,4
54655,322,654,5
54656,535,284,4
54657,665,214,4
54658,63,1,3
54659,378,59,4
54660,11,434,4
54661,404,66,4
54662,663,127,5
54663,620,820,4
54664,320,751,4
54665,724,344,1
54666,676,259,4
54667,303,1220,2
54668,710,313,4
54669,276,392,3
54670,488,1050,4
54671,659,629,4
54672,44,553,3
54673,665,815,4
54674,561,22,3
54675,684,386,3
54676,798,197,2
54677,655,921,3
54678,530,660,3
54679,671,742,5
54680,788,188,4
54681,42,151,4
54682,806,3,2
54683,694,423,5
54684,536,121,4
54685,749,732,4
54686,650,631,3
54687,720,749,3
54688,806,192,4
54689,122,190,4
54690,798,1089,3
54691,7,649,5
54692,682,282,4
54693,452,509,4
54694,200,71,4
54695,535,942,4
54696,660,33,2
54697,620,125,2
54698,772,326,4
54699,674,1,4
54700,790,376,2
54701,429,172,5
54702,747,153,4
54703,456,582,5
54704,794,50,5
54705,510,323,4
54706,299,153,3
54707,618,942,2
54708,795,186,3
54709,653,385,4
54710,435,821,2
54711,554,405,4
54712,313,588,4
54713,682,476,1
54714,671,161,5
54715,712,215,3
54716,660,680,2
54717,116,607,2
54718,450,602,4
54719,280,22,5
54720,178,720,3
54721,776,164,3
54722,727,542,2
54723,804,654,3
54724,234,520,4
54725,686,176,3
54726,254,432,2
54727,342,461,3
54728,42,318,5
54729,435,222,3
54730,780,133,5
54731,617,183,4
54732,809,272,5
54733,768,70,4
54734,764,1152,3
54735,224,699,4
54736,738,42,2
54737,769,546,4
54738,804,81,4
54739,660,106,2
54740,334,82,4
54741,803,271,2
54742,176,93,5
54743,425,118,1
54744,2,300,4
54745,550,877,4
54746,398,523,4
54747,531,338,1
54748,174,780,1
54749,608,939,4
54750,708,756,2
54751,788,194,4
54752,786,180,4
54753,97,186,3
54754,698,220,3
54755,158,10,4
54756,530,88,4
54757,499,474,4
54758,405,1261,1
54759,301,218,4
54760,606,250,4
54761,700,50,5
54762,796,168,5
54763,766,654,4
54764,655,955,3
54765,804,609,3
54766,354,42,2
54767,796,202,4
54768,454,98,1
54769,92,627,3
54770,20,496,5
54771,243,191,5
54772,151,652,5
54773,210,708,5
54774,181,285,2
54775,716,490,4
54776,236,50,3
54777,532,498,4
54778,757,217,3
54779,262,56,4
54780,422,672,3
54781,423,823,3
54782,556,294,2
54783,87,13,3
54784,611,355,1
54785,559,226,5
54786,756,176,4
54787,688,329,5
54788,825,111,3
54789,715,172,4
54790,629,381,4
54791,804,151,3
54792,519,351,5
54793,243,737,3
54794,552,932,3
54795,807,239,4
54796,216,655,5
54797,817,124,4
54798,543,715,3
54799,543,709,3
54800,627,423,3
54801,601,389,2
54802,764,597,4
54803,619,346,3
54804,294,117,4
54805,554,596,3
54806,571,462,4
54807,508,200,4
54808,345,268,4
54809,292,64,5
54810,773,433,3
54811,367,564,2
54812,773,238,4
54813,726,257,3
54814,655,297,4
54815,347,195,4
54816,292,248,4
54817,88,286,5
54818,207,143,4
54819,489,258,5
54820,711,1046,3
54821,360,1039,5
54822,709,470,3
54823,690,739,3
54824,796,26,2
54825,178,1011,3
54826,823,211,5
54827,608,64,4
54828,535,193,4
54829,776,21,3
54830,449,1011,4
54831,466,98,3
54832,567,183,4
54833,771,91,4
54834,760,278,4
54835,727,42,5
54836,350,483,5
54837,650,155,2
54838,164,471,5
54839,738,79,3
54840,487,272,5
54841,804,175,4
54842,130,329,4
54843,763,196,4
54844,596,181,4
54845,694,203,4
54846,716,521,3
54847,671,864,3
54848,807,636,4
54849,389,118,2
54850,521,967,3
54851,749,216,4
54852,712,722,3
54853,770,118,4
54854,625,516,3
54855,721,732,4
54856,805,447,4
54857,608,56,5
54858,610,50,4
54859,216,67,3
54860,513,50,5
54861,771,949,5
54862,425,398,1
54863,639,97,1
54864,286,462,5
54865,339,546,4
54866,25,929,4
54867,746,157,4
54868,25,430,4
54869,293,213,3
54870,749,781,4
54871,62,474,4
54872,653,128,3
54873,802,327,2
54874,472,132,5
54875,769,934,4
54876,534,149,2
54877,535,194,5
54878,62,652,4
54879,305,1018,5
54880,733,14,5
54881,727,131,2
54882,591,615,4
54883,815,173,5
54884,434,743,1
54885,429,1089,2
54886,343,276,5
54887,747,739,3
54888,682,11,4
54889,345,305,4
54890,653,930,4
54891,420,270,3
54892,541,418,5
54893,655,188,3
54894,268,39,3
54895,732,882,5
54896,711,724,5
54897,500,9,4
54898,184,1297,2
54899,758,527,5
54900,709,637,3
54901,593,143,4
54902,795,675,3
54903,264,201,5
54904,566,182,4
54905,642,254,4
54906,752,896,3
54907,464,248,5
54908,699,250,4
54909,661,647,4
54910,684,208,3
54911,70,538,2
54912,827,329,3
54913,270,123,5
54914,790,29,2
54915,537,234,3
54916,113,258,5
54917,748,86,4
54918,37,930,3
54919,634,763,3
54920,642,723,4
54921,655,1378,3
54922,393,357,2
54923,284,302,4
54924,708,597,2
54925,774,1182,1
54926,715,1045,2
54927,654,300,5
54928,671,12,5
54929,451,884,1
54930,416,378,5
54931,749,148,3
54932,727,95,4
54933,354,494,4
54934,178,233,4
54935,500,285,3
54936,823,81,4
54937,716,481,4
54938,416,191,5
54939,536,736,5
54940,796,174,5
54941,637,274,5
54942,825,423,5
54943,802,444,4
54944,184,220,3
54945,561,67,1
54946,751,272,4
54947,677,1245,4
54948,524,517,4
54949,806,654,5
54950,645,73,3
54951,642,153,3
54952,595,246,4
54953,774,31,1
54954,628,292,5
54955,644,323,4
54956,648,1,5
54957,254,629,2
54958,593,155,5
54959,65,1,3
54960,782,264,4
54961,473,302,4
54962,224,328,4
54963,435,1151,1
54964,586,23,2
54965,95,257,5
54966,554,275,4
54967,795,514,4
54968,416,729,5
54969,429,1228,3
54970,721,318,4
54971,625,208,3
54972,734,699,4
54973,749,389,3
54974,655,1053,1
54975,15,237,3
54976,712,136,1
54977,56,87,4
54978,479,31,4
54979,497,1,4
54980,653,195,5
54981,211,275,2
54982,629,729,4
54983,466,187,3
54984,477,846,4
54985,806,238,4
54986,144,1012,4
54987,268,230,3
54988,567,234,3
54989,796,636,2
54990,194,133,3
54991,378,218,3
54992,745,646,4
54993,751,131,5
54994,675,937,1
54995,60,617,4
54996,13,264,4
54997,793,1142,5
54998,804,254,4
54999,660,64,3
55000,554,71,4
55001,1,79,4
55002,43,258,5
55003,82,1063,3
55004,401,892,1
55005,781,322,2
55006,710,23,5
55007,201,315,3
55008,663,330,4
55009,23,62,3
55010,551,1621,1
55011,780,357,5
55012,611,334,5
55013,270,943,5
55014,766,494,3
55015,344,713,3
55016,655,1167,3
55017,686,521,5
55018,189,10,5
55019,796,5,4
55020,279,211,4
55021,565,1396,5
55022,807,1444,3
55023,522,543,4
55024,711,232,3
55025,616,331,4
55026,648,500,5
55027,82,1128,1
55028,656,322,1
55029,801,895,5
55030,128,73,3
55031,804,1488,3
55032,457,841,4
55033,805,42,2
55034,655,405,2
55035,805,90,2
55036,778,239,4
55037,234,552,2
55038,635,1025,2
55039,221,184,4
55040,334,1504,3
55041,736,515,5
55042,650,525,3
55043,514,116,4
55044,650,530,4
55045,435,264,3
55046,795,797,3
55047,280,88,3
55048,660,191,4
55049,85,924,1
55050,371,504,4
55051,791,299,2
55052,829,278,1
55053,639,727,2
55054,782,1279,3
55055,707,86,4
55056,585,59,4
55057,569,13,3
55058,194,143,3
55059,721,22,5
55060,749,134,4
55061,723,137,3
55062,759,678,2
55063,343,606,5
55064,373,390,3
55065,655,631,4
55066,602,121,4
55067,731,1,2
55068,406,191,5
55069,364,325,4
55070,266,237,3
55071,747,634,5
55072,7,474,5
55073,727,1273,3
55074,682,53,2
55075,222,237,4
55076,621,1029,2
55077,788,739,2
55078,588,678,2
55079,276,871,2
55080,501,952,4
55081,804,385,4
55082,745,183,3
55083,600,779,2
55084,773,191,4
55085,189,1401,4
55086,338,189,4
55087,14,81,5
55088,642,83,5
55089,468,724,4
55090,807,1050,5
55091,692,127,3
55092,715,265,5
55093,790,790,2
55094,592,466,5
55095,201,192,4
55096,70,15,3
55097,580,250,5
55098,498,1161,3
55099,783,876,4
55100,742,508,4
55101,469,474,5
55102,804,664,3
55103,665,105,2
55104,417,1016,4
55105,496,607,3
55106,596,682,4
55107,678,50,4
55108,581,127,5
55109,100,881,1
55110,541,402,3
55111,432,284,4
55112,804,663,5
55113,76,517,5
55114,592,188,5
55115,537,238,4
55116,650,373,1
55117,403,276,4
55118,545,173,5
55119,752,347,4
55120,486,151,2
55121,490,847,3
55122,442,64,5
55123,472,323,4
55124,782,248,4
55125,370,321,2
55126,655,887,3
55127,774,1305,3
55128,699,118,4
55129,643,12,5
55130,829,189,4
55131,521,172,3
55132,405,662,1
55133,753,359,4
55134,804,674,4
55135,666,151,2
55136,53,50,4
55137,807,99,5
55138,642,168,5
55139,758,428,4
55140,528,69,3
55141,7,356,4
55142,380,959,2
55143,712,662,5
55144,380,684,3
55145,782,687,2
55146,398,25,4
55147,18,492,4
55148,537,709,4
55149,630,300,4
55150,602,457,3
55151,387,789,4
55152,16,448,5
55153,648,94,5
55154,807,842,4
55155,811,301,5
55156,682,21,4
55157,681,286,5
55158,757,58,3
55159,804,405,4
55160,487,941,3
55161,527,183,5
55162,679,56,4
55163,739,96,5
55164,709,451,1
55165,543,147,4
55166,456,1547,4
55167,752,326,1
55168,435,64,5
55169,710,335,1
55170,722,151,5
55171,393,550,3
55172,666,729,4
55173,450,1053,3
55174,560,321,3
55175,807,271,3
55176,682,419,3
55177,178,293,4
55178,625,393,4
55179,747,1142,4
55180,186,298,3
55181,308,434,4
55182,270,93,5
55183,762,1662,1
55184,577,226,4
55185,655,974,2
55186,430,152,4
55187,523,722,3
55188,796,1049,4
55189,515,286,2
55190,804,194,4
55191,342,875,1
55192,366,201,5
55193,325,199,5
55194,429,655,3
55195,741,88,4
55196,377,234,5
55197,613,607,4
55198,682,238,3
55199,259,65,3
55200,664,192,4
55201,458,96,4
55202,758,742,4
55203,815,483,5
55204,830,385,4
55205,263,258,3
55206,119,9,4
55207,798,993,3
55208,586,69,4
55209,825,20,2
55210,685,873,2
55211,619,665,5
55212,346,708,3
55213,221,210,5
55214,805,761,3
55215,606,841,3
55216,742,1012,4
55217,380,222,3
55218,615,732,4
55219,255,273,2
55220,661,427,4
55221,790,109,3
55222,304,763,4
55223,764,9,4
55224,704,491,5
55225,201,1170,4
55226,145,1283,1
55227,694,97,5
55228,375,176,4
55229,497,181,5
55230,178,792,5
55231,13,835,3
55232,795,80,3
55233,271,625,3
55234,624,305,4
55235,326,226,5
55236,385,732,3
55237,703,1047,3
55238,663,876,3
55239,537,988,1
55240,545,550,3
55241,524,546,4
55242,826,336,4
55243,234,286,3
55244,731,1269,3
55245,642,577,4
55246,804,1079,4
55247,655,1322,2
55248,630,280,2
55249,751,70,4
55250,405,518,1
55251,666,333,3
55252,817,118,3
55253,454,724,3
55254,622,1079,2
55255,758,790,4
55256,826,313,5
55257,612,300,4
55258,629,319,4
55259,314,542,4
55260,712,99,4
55261,559,398,3
55262,457,215,4
55263,537,746,3
55264,831,877,2
55265,757,549,5
55266,405,453,3
55267,729,683,2
55268,806,483,4
55269,38,144,5
55270,567,212,2
55271,92,566,4
55272,389,657,5
55273,365,276,2
55274,343,462,4
55275,778,193,4
55276,437,186,3
55277,598,258,5
55278,659,7,3
55279,311,97,4
55280,302,358,3
55281,345,280,3
55282,674,125,5
55283,85,483,5
55284,374,15,3
55285,318,100,5
55286,712,220,5
55287,741,722,3
55288,653,455,3
55289,452,7,5
55290,693,581,3
55291,322,127,4
55292,110,642,2
55293,393,459,4
55294,142,315,3
55295,44,144,4
55296,703,50,5
55297,268,1413,2
55298,236,98,5
55299,713,340,3
55300,766,646,4
55301,660,1419,1
55302,525,597,3
55303,379,227,4
55304,782,1241,2
55305,521,95,3
55306,393,1035,3
55307,45,1001,3
55308,561,28,2
55309,819,1537,5
55310,711,909,4
55311,378,722,3
55312,580,1014,3
55313,312,499,4
55314,753,182,3
55315,786,238,4
55316,683,56,5
55317,577,55,3
55318,748,474,4
55319,473,129,4
55320,487,50,4
55321,130,156,3
55322,773,60,5
55323,695,270,4
55324,215,98,5
55325,539,610,4
55326,650,735,3
55327,747,28,4
55328,778,1035,1
55329,710,134,5
55330,655,651,4
55331,682,7,4
55332,627,227,3
55333,717,271,2
55334,372,98,5
55335,790,229,3
55336,587,750,3
55337,43,729,4
55338,678,282,3
55339,452,183,4
55340,707,1113,2
55341,749,295,3
55342,474,414,4
55343,667,504,3
55344,653,228,4
55345,617,238,3
55346,650,212,3
55347,474,520,5
55348,69,124,4
55349,132,285,4
55350,454,385,3
55351,303,8,5
55352,682,31,3
55353,655,425,3
55354,565,382,5
55355,524,7,2
55356,416,693,3
55357,733,237,3
55358,521,13,2
55359,668,283,5
55360,778,616,4
55361,407,274,3
55362,5,431,3
55363,8,688,1
55364,712,625,3
55365,586,77,3
55366,457,1028,3
55367,450,648,5
55368,573,657,4
55369,745,515,4
55370,804,451,2
55371,567,185,5
55372,828,1646,4
55373,655,1632,3
55374,735,332,3
55375,654,144,5
55376,808,333,4
55377,537,657,3
55378,327,286,2
55379,450,715,3
55380,788,98,5
55381,250,98,5
55382,626,923,5
55383,94,469,4
55384,85,735,3
55385,632,432,3
55386,271,697,4
55387,815,182,3
55388,545,732,4
55389,451,879,4
55390,752,690,4
55391,430,101,2
55392,521,159,3
55393,543,651,3
55394,416,215,5
55395,663,363,2
55396,597,127,4
55397,543,211,4
55398,509,326,4
55399,756,55,5
55400,707,116,5
55401,694,132,5
55402,487,432,3
55403,520,240,1
55404,561,705,3
55405,276,1016,3
55406,92,68,3
55407,537,116,3
55408,721,196,5
55409,545,176,4
55410,648,820,2
55411,450,215,5
55412,387,33,3
55413,593,98,5
55414,296,301,5
55415,301,685,3
55416,285,357,5
55417,747,79,4
55418,330,1035,4
55419,588,362,3
55420,85,596,3
55421,394,96,5
55422,344,276,4
55423,655,449,3
55424,561,652,5
55425,487,144,5
55426,474,205,5
55427,551,346,4
55428,109,527,3
55429,450,900,5
55430,621,871,3
55431,602,343,2
55432,666,32,4
55433,796,367,5
55434,299,169,4
55435,629,307,5
55436,528,1618,1
55437,450,254,3
55438,59,425,4
55439,773,53,3
55440,233,478,5
55441,752,905,2
55442,732,690,5
55443,807,528,4
55444,606,237,4
55445,506,880,1
55446,151,606,5
55447,367,50,5
55448,806,89,5
55449,450,210,3
55450,827,347,3
55451,757,117,4
55452,694,692,4
55453,805,581,2
55454,554,215,5
55455,567,203,4
55456,543,11,3
55457,559,196,5
55458,776,486,4
55459,145,347,3
55460,532,218,5
55461,543,636,3
55462,416,1135,2
55463,798,384,2
55464,588,554,3
55465,537,688,1
55466,588,471,5
55467,721,264,1
55468,291,84,3
55469,823,684,4
55470,649,1283,2
55471,804,186,4
55472,94,368,2
55473,346,1039,2
55474,634,122,3
55475,336,475,4
55476,661,615,4
55477,308,1065,5
55478,799,45,4
55479,197,177,5
55480,101,826,3
55481,85,1171,3
55482,387,186,2
55483,726,1014,1
55484,37,1027,3
55485,555,195,4
55486,660,748,3
55487,95,139,4
55488,249,209,5
55489,119,277,4
55490,456,197,4
55491,639,153,3
55492,56,62,5
55493,751,62,4
55494,669,302,4
55495,778,230,2
55496,623,163,3
55497,777,205,4
55498,748,654,4
55499,456,655,3
55500,562,133,2
55501,770,919,5
55502,825,1047,3
55503,804,473,4
55504,684,710,5
55505,548,751,4
55506,823,1217,1
55507,643,399,3
55508,514,1047,3
55509,698,284,1
55510,399,616,1
55511,441,7,4
55512,199,539,1
55513,374,1101,4
55514,488,245,3
55515,64,89,3
55516,493,192,3
55517,771,241,1
55518,518,847,5
55519,814,656,3
55520,276,25,4
55521,7,214,5
55522,606,924,5
55523,437,697,4
55524,741,241,4
55525,474,248,4
55526,639,716,1
55527,682,64,5
55528,692,204,5
55529,561,31,2
55530,329,39,2
55531,506,29,2
55532,655,248,2
55533,417,767,1
55534,746,38,2
55535,378,1,4
55536,655,1,2
55537,795,219,3
55538,736,257,3
55539,655,26,3
55540,793,844,4
55541,823,502,5
55542,698,191,2
55543,656,272,3
55544,694,31,4
55545,592,289,4
55546,831,96,5
55547,794,238,5
55548,661,79,5
55549,798,839,4
55550,595,346,4
55551,63,321,3
55552,798,1282,3
55553,262,417,2
55554,92,934,2
55555,347,91,1
55556,488,69,4
55557,645,211,4
55558,804,121,4
55559,124,117,3
55560,804,185,4
55561,634,137,3
55562,770,25,5
55563,275,624,3
55564,429,87,3
55565,804,141,3
55566,391,234,4
55567,392,294,4
55568,397,498,4
55569,478,77,1
55570,183,431,2
55571,568,319,2
55572,696,234,4
55573,578,678,3
55574,90,527,5
55575,429,378,3
55576,790,378,3
55577,695,311,4
55578,552,591,3
55579,709,218,4
55580,601,222,4
55581,814,100,4
55582,60,96,4
55583,828,887,4
55584,577,111,4
55585,796,746,3
55586,796,855,3
55587,606,1199,3
55588,694,157,4
55589,181,1321,1
55590,151,724,4
55591,709,56,5
55592,658,181,3
55593,395,1,5
55594,213,213,5
55595,770,546,4
55596,7,671,5
55597,536,546,2
55598,618,790,3
55599,686,208,5
55600,345,738,3
55601,758,14,5
55602,588,28,5
55603,521,405,2
55604,707,133,2
55605,53,284,2
55606,637,936,4
55607,487,1011,3
55608,650,576,1
55609,495,234,5
55610,807,193,4
55611,459,172,5
55612,666,510,4
55613,756,423,3
55614,503,47,5
55615,829,1067,4
55616,246,432,3
55617,708,412,1
55618,749,826,3
55619,655,483,4
55620,745,222,2
55621,798,1249,4
55622,805,422,4
55623,599,845,5
55624,763,197,4
55625,378,1425,2
55626,521,748,3
55627,784,1038,3
55628,650,371,2
55629,720,302,5
55630,7,568,5
55631,815,183,5
55632,479,423,2
55633,805,470,5
55634,712,232,3
55635,823,739,4
55636,1,261,1
55637,682,699,3
55638,587,989,2
55639,586,185,2
55640,804,445,4
55641,35,326,3
55642,290,168,3
55643,761,181,5
55644,526,751,2
55645,682,281,3
55646,756,930,3
55647,653,152,2
55648,721,680,3
55649,758,271,4
55650,345,886,3
55651,666,28,3
55652,359,181,5
55653,653,674,3
55654,392,1007,5
55655,343,476,2
55656,373,418,5
55657,23,234,2
55658,457,318,5
55659,545,174,4
55660,581,275,3
55661,13,771,3
55662,655,1553,4
55663,279,21,3
55664,676,895,1
55665,13,58,4
55666,393,964,2
55667,644,322,5
55668,699,298,4
55669,790,56,4
55670,159,1014,4
55671,768,50,4
55672,825,369,3
55673,747,461,5
55674,665,405,3
55675,389,926,3
55676,682,779,3
55677,790,401,4
55678,741,82,3
55679,835,1,3
55680,625,181,4
55681,833,340,5
55682,833,544,1
55683,605,295,4
55684,689,111,3
55685,476,173,5
55686,679,204,3
55687,811,292,3
55688,237,58,4
55689,374,284,1
55690,344,235,3
55691,638,62,3
55692,601,131,4
55693,666,525,4
55694,146,336,5
55695,181,274,4
55696,727,202,4
55697,94,1046,2
55698,804,128,5
55699,725,258,4
55700,239,518,3
55701,715,826,2
55702,79,283,4
55703,144,116,4
55704,669,354,1
55705,523,1195,5
55706,416,315,3
55707,422,299,1
55708,183,177,5
55709,659,136,5
55710,727,38,1
55711,207,423,4
55712,782,243,3
55713,128,174,3
55714,758,282,3
55715,267,202,5
55716,222,68,4
55717,586,92,3
55718,373,12,5
55719,762,475,5
55720,556,134,5
55721,751,181,5
55722,609,408,5
55723,766,382,3
55724,770,300,5
55725,682,190,4
55726,768,1,5
55727,749,228,5
55728,749,501,4
55729,408,271,3
55730,548,295,5
55731,649,323,3
55732,537,480,4
55733,653,215,2
55734,551,28,4
55735,788,284,3
55736,354,811,5
55737,90,523,4
55738,10,499,4
55739,212,631,5
55740,452,384,2
55741,734,222,1
55742,823,31,5
55743,659,211,3
55744,804,210,5
55745,318,307,3
55746,85,221,2
55747,426,474,4
55748,695,288,4
55749,406,153,3
55750,495,79,5
55751,530,98,4
55752,747,492,4
55753,673,242,4
55754,89,736,3
55755,540,455,4
55756,234,1063,3
55757,279,636,5
55758,545,211,3
55759,749,250,3
55760,301,1230,1
55761,632,763,3
55762,468,126,3
55763,13,687,1
55764,244,708,4
55765,294,831,3
55766,790,1044,4
55767,666,234,3
55768,601,1028,2
55769,836,165,4
55770,774,537,2
55771,499,193,4
55772,233,23,5
55773,435,1047,3
55774,435,1185,1
55775,366,53,5
55776,429,430,4
55777,161,69,4
55778,707,221,4
55779,682,710,3
55780,18,175,4
55781,374,23,3
55782,101,717,3
55783,505,73,4
55784,593,118,4
55785,447,222,3
55786,659,173,4
55787,796,4,5
55788,653,300,4
55789,577,579,4
55790,2,100,5
55791,583,55,4
55792,714,50,5
55793,85,52,3
55794,766,174,3
55795,655,1074,3
55796,497,758,2
55797,774,293,1
55798,792,546,3
55799,699,13,4
55800,484,427,5
55801,697,295,3
55802,477,722,5
55803,765,127,5
55804,87,158,3
55805,619,144,5
55806,748,143,3
55807,645,11,4
55808,445,840,1
55809,823,210,4
55810,816,309,5
55811,753,484,5
55812,650,527,3
55813,667,880,3
55814,559,550,4
55815,207,1012,3
55816,694,645,4
55817,770,181,3
55818,682,619,3
55819,835,325,5
55820,698,153,2
55821,717,751,4
55822,550,252,1
55823,727,63,2
55824,13,602,4
55825,207,535,3
55826,624,358,3
55827,561,181,3
55828,450,657,4
55829,524,367,5
55830,405,1509,1
55831,629,322,3
55832,561,1149,4
55833,533,148,3
55834,605,496,5
55835,348,477,3
55836,428,271,2
55837,807,427,4
55838,385,405,2
55839,456,1009,5
55840,712,386,3
55841,82,235,1
55842,699,225,3
55843,320,172,4
55844,796,1090,4
55845,423,748,3
55846,125,388,2
55847,489,353,4
55848,693,942,2
55849,783,333,4
55850,468,96,5
55851,159,1048,3
55852,536,168,5
55853,694,393,3
55854,447,28,4
55855,201,715,4
55856,707,499,4
55857,435,191,4
55858,566,465,2
55859,94,181,4
55860,435,578,5
55861,752,1105,3
55862,275,22,3
55863,426,200,2
55864,249,242,5
55865,318,8,4
55866,496,393,1
55867,693,693,3
55868,222,78,1
55869,136,269,5
55870,711,144,2
55871,109,191,4
55872,535,381,3
55873,615,13,4
55874,733,146,3
55875,619,294,1
55876,486,1094,2
55877,591,732,3
55878,714,7,4
55879,487,100,5
55880,244,1053,2
55881,588,655,3
55882,409,486,3
55883,393,191,3
55884,766,230,3
55885,588,402,5
55886,790,52,4
55887,363,328,3
55888,684,728,2
55889,716,248,4
55890,389,59,5
55891,221,405,3
55892,494,528,3
55893,529,286,4
55894,370,494,3
55895,776,443,3
55896,770,295,4
55897,280,660,5
55898,543,303,4
55899,496,484,3
55900,461,9,5
55901,655,396,2
55902,381,443,5
55903,721,194,5
55904,751,734,1
55905,544,310,2
55906,77,154,5
55907,555,248,4
55908,521,154,2
55909,152,280,5
55910,74,307,4
55911,432,93,2
55912,658,654,4
55913,659,606,5
55914,826,1239,4
55915,686,182,5
55916,177,7,4
55917,593,385,4
55918,523,1041,4
55919,566,100,5
55920,90,211,5
55921,825,544,3
55922,782,690,4
55923,667,482,4
55924,378,58,4
55925,707,309,2
55926,796,117,5
55927,6,460,2
55928,640,369,3
55929,428,259,4
55930,648,111,5
55931,833,546,2
55932,561,451,2
55933,716,423,4
55934,738,136,4
55935,693,527,3
55936,747,997,3
55937,716,176,3
55938,445,744,2
55939,406,420,4
55940,823,191,5
55941,633,289,3
55942,407,588,4
55943,314,820,5
55944,630,983,3
55945,758,977,2
55946,225,215,5
55947,545,193,3
55948,618,421,3
55949,697,107,5
55950,537,979,2
55951,655,1647,3
55952,554,282,3
55953,772,321,5
55954,42,50,5
55955,483,151,2
55956,445,1011,1
55957,78,294,3
55958,716,111,4
55959,286,762,2
55960,188,519,4
55961,387,772,4
55962,201,81,1
55963,493,475,3
55964,524,748,2
55965,393,922,4
55966,815,357,5
55967,401,44,4
55968,644,1025,4
55969,437,521,4
55970,442,176,5
55971,500,257,3
55972,706,118,3
55973,387,129,5
55974,406,121,5
55975,830,413,1
55976,807,576,4
55977,458,285,4
55978,426,196,4
55979,221,485,2
55980,626,358,1
55981,347,293,5
55982,780,97,5
55983,567,847,4
55984,262,68,2
55985,805,443,5
55986,665,763,4
55987,450,88,5
55988,450,117,4
55989,593,164,4
55990,806,233,2
55991,749,1228,4
55992,766,127,5
55993,421,187,4
55994,721,875,3
55995,836,268,3
55996,659,50,3
55997,805,168,5
55998,264,47,5
55999,291,801,3
56000,654,1020,4
56001,682,654,4
56002,537,921,3
56003,838,298,3
56004,648,187,3
56005,459,25,2
56006,750,300,3
56007,601,1296,1
56008,537,14,4
56009,707,792,4
56010,471,404,2
56011,493,328,4
56012,796,176,5
56013,689,109,5
56014,477,49,5
56015,116,307,3
56016,506,642,4
56017,255,872,4
56018,402,1,5
56019,782,689,3
56020,234,653,3
56021,399,403,3
56022,710,318,4
56023,488,358,3
56024,206,272,5
56025,455,549,4
56026,737,127,5
56027,305,2,2
56028,839,237,3
56029,239,64,1
56030,790,771,4
56031,457,214,5
56032,716,445,3
56033,498,175,5
56034,823,7,5
56035,608,1101,4
56036,655,1005,4
56037,835,143,5
56038,659,316,4
56039,97,496,2
56040,585,529,3
56041,805,664,5
56042,363,67,1
56043,437,1091,3
56044,567,487,4
56045,790,566,3
56046,705,111,4
56047,128,869,3
56048,787,304,4
56049,761,1277,1
56050,724,361,1
56051,305,597,2
56052,308,657,4
56053,206,310,5
56054,64,271,3
56055,403,9,3
56056,840,479,4
56057,786,699,4
56058,82,475,1
56059,551,351,3
56060,759,258,4
56061,532,181,5
56062,194,393,2
56063,707,1018,3
56064,521,2,3
56065,551,147,4
56066,773,175,4
56067,1,45,5
56068,666,114,4
56069,210,230,3
56070,788,302,4
56071,452,52,3
56072,764,496,5
56073,712,787,3
56074,423,344,4
56075,625,380,3
56076,661,161,4
56077,707,952,3
56078,709,781,3
56079,660,250,4
56080,733,221,4
56081,271,238,4
56082,699,597,3
56083,119,286,5
56084,749,595,4
56085,529,258,4
56086,474,385,4
56087,479,629,3
56088,392,197,5
56089,230,205,3
56090,380,109,2
56091,432,845,4
56092,385,383,1
56093,387,68,4
56094,456,366,2
56095,472,172,5
56096,806,254,3
56097,747,967,3
56098,680,100,3
56099,428,286,3
56100,10,276,4
56101,453,369,2
56102,434,928,5
56103,332,983,2
56104,641,427,4
56105,595,298,4
56106,541,417,4
56107,370,134,4
56108,675,344,4
56109,674,763,5
56110,5,121,4
56111,798,563,2
56112,655,195,3
56113,774,834,1
56114,416,182,4
56115,697,129,5
56116,774,186,3
56117,796,728,3
56118,451,991,2
56119,796,1269,5
56120,760,819,1
56121,236,505,3
56122,16,15,5
56123,314,939,4
56124,771,707,4
56125,757,22,4
56126,775,264,4
56127,665,620,3
56128,484,829,2
56129,115,48,5
56130,840,152,4
56131,606,662,4
56132,630,409,3
56133,318,968,3
56134,654,736,5
56135,524,1065,1
56136,152,775,4
56137,545,391,2
56138,661,70,4
56139,536,486,4
56140,796,1001,2
56141,710,1101,4
56142,561,56,5
56143,199,9,5
56144,43,411,3
56145,763,879,3
56146,567,177,4
56147,416,1264,4
56148,629,327,3
56149,637,118,1
56150,406,655,3
56151,533,988,2
56152,7,470,3
56153,715,90,5
56154,526,742,3
56155,808,294,5
56156,297,215,2
56157,450,655,4
56158,749,173,5
56159,565,512,3
56160,542,433,3
56161,719,532,3
56162,450,269,5
56163,796,751,5
56164,383,182,5
56165,387,642,4
56166,655,174,3
56167,825,294,4
56168,768,1014,2
56169,632,276,2
56170,630,50,3
56171,727,91,4
56172,747,419,5
56173,38,410,3
56174,379,194,5
56175,343,223,5
56176,637,286,5
56177,757,588,3
56178,650,97,3
56179,627,553,3
56180,453,132,3
56181,840,845,5
56182,833,161,1
56183,763,164,4
56184,648,127,3
56185,437,378,4
56186,774,514,2
56187,790,172,4
56188,776,511,5
56189,823,1118,3
56190,833,156,4
56191,738,39,3
56192,541,843,4
56193,666,205,3
56194,816,258,3
56195,716,49,4
56196,83,566,4
56197,735,293,3
56198,690,431,2
56199,621,271,5
56200,43,354,4
56201,835,193,4
56202,218,466,4
56203,506,46,3
56204,299,98,4
56205,92,250,4
56206,183,62,2
56207,805,89,4
56208,358,179,4
56209,43,926,2
56210,426,432,3
56211,643,969,4
56212,826,431,5
56213,593,56,5
56214,7,566,4
56215,622,277,4
56216,653,11,2
56217,533,174,4
56218,781,127,5
56219,621,28,4
56220,767,100,5
56221,236,194,3
56222,770,253,5
56223,532,230,5
56224,782,1237,3
56225,738,393,3
56226,798,687,4
56227,699,1284,3
56228,385,219,1
56229,601,241,4
56230,605,528,5
56231,766,447,3
56232,115,284,2
56233,757,1210,2
56234,514,183,3
56235,301,50,5
56236,454,204,4
56237,524,618,3
56238,406,509,3
56239,740,288,4
56240,815,216,3
56241,799,50,4
56242,437,507,5
56243,745,1126,2
56244,741,98,5
56245,305,160,4
56246,840,423,5
56247,495,403,5
56248,756,1009,4
56249,788,1248,3
56250,643,715,5
56251,819,862,2
56252,684,734,3
56253,551,164,4
56254,366,200,5
56255,683,588,4
56256,683,887,4
56257,508,269,4
56258,638,98,3
56259,588,880,1
56260,186,820,2
56261,535,188,3
56262,722,147,3
56263,416,411,3
56264,363,234,3
56265,642,204,4
56266,650,134,5
56267,668,257,3
56268,758,512,5
56269,332,195,5
56270,354,313,3
56271,130,1019,4
56272,516,286,5
56273,746,523,3
56274,619,187,5
56275,480,272,4
56276,85,135,5
56277,392,189,4
56278,700,79,3
56279,650,476,2
56280,474,470,3
56281,447,56,5
56282,399,720,3
56283,743,300,4
56284,642,1049,3
56285,130,89,4
56286,782,1477,3
56287,447,156,5
56288,818,316,4
56289,117,96,5
56290,324,301,5
56291,764,11,4
56292,200,234,4
56293,711,315,4
56294,549,620,3
56295,561,921,3
56296,622,83,5
56297,324,327,4
56298,693,483,3
56299,815,524,4
56300,318,1204,2
56301,457,770,4
56302,507,894,5
56303,605,301,3
56304,807,405,4
56305,823,97,5
56306,580,249,5
56307,498,262,2
56308,660,62,2
56309,234,273,3
56310,455,53,1
56311,615,209,5
56312,1,48,5
56313,198,824,2
56314,42,273,3
56315,40,358,3
56316,49,93,5
56317,458,844,4
56318,833,673,4
56319,471,878,4
56320,740,938,1
56321,760,185,2
56322,716,192,3
56323,802,441,3
56324,816,343,4
56325,101,846,3
56326,748,183,4
56327,709,215,3
56328,621,410,4
56329,605,286,4
56330,555,21,4
56331,682,582,1
56332,518,276,5
56333,537,323,1
56334,747,99,5
56335,790,184,3
56336,814,185,3
56337,425,362,3
56338,280,928,5
56339,650,161,3
56340,326,498,5
56341,721,990,5
56342,13,630,2
56343,787,348,4
56344,637,149,2
56345,801,307,4
56346,256,1150,5
56347,463,508,4
56348,833,483,4
56349,504,298,4
56350,705,405,4
56351,779,411,3
56352,807,527,5
56353,531,690,5
56354,696,310,4
56355,805,200,5
56356,398,969,4
56357,711,99,3
56358,766,520,4
56359,451,325,3
56360,476,300,5
56361,417,444,4
56362,827,258,3
56363,667,461,4
56364,698,1299,2
56365,622,553,3
56366,269,831,2
56367,803,243,1
56368,733,284,2
56369,551,751,4
56370,438,864,3
56371,526,331,3
56372,643,663,4
56373,497,175,4
56374,495,1208,4
56375,802,300,4
56376,833,121,1
56377,487,572,1
56378,732,286,5
56379,618,785,3
56380,768,275,4
56381,22,430,4
56382,640,202,5
56383,450,180,4
56384,763,658,3
56385,474,628,4
56386,655,702,2
56387,757,685,3
56388,747,408,5
56389,788,301,2
56390,574,303,3
56391,599,260,1
56392,658,9,4
56393,830,739,4
56394,369,751,4
56395,326,391,4
56396,680,117,4
56397,545,578,4
56398,805,569,1
56399,666,945,4
56400,452,45,4
56401,711,966,5
56402,527,496,4
56403,294,597,3
56404,387,205,5
56405,476,4,4
56406,727,234,2
56407,149,678,2
56408,406,129,5
56409,378,1311,4
56410,746,226,4
56411,831,245,2
56412,823,33,3
56413,562,79,4
56414,654,926,4
56415,653,194,3
56416,755,259,3
56417,730,125,4
56418,776,648,3
56419,832,181,3
56420,650,288,3
56421,393,939,4
56422,642,49,4
56423,676,879,3
56424,404,323,3
56425,749,62,3
56426,694,210,4
56427,795,719,2
56428,807,1034,5
56429,708,846,2
56430,435,411,3
56431,835,708,5
56432,267,614,5
56433,6,242,4
56434,552,288,2
56435,609,243,1
56436,601,132,5
56437,398,235,2
56438,678,25,2
56439,751,483,5
56440,807,151,4
56441,435,1,5
56442,472,465,3
56443,591,508,4
56444,586,230,2
56445,524,393,3
56446,624,269,4
56447,734,111,3
56448,660,380,2
56449,830,69,5
56450,114,98,4
56451,707,630,3
56452,346,153,3
56453,271,47,3
56454,545,751,3
56455,810,301,5
56456,840,517,4
56457,339,168,4
56458,738,257,3
56459,632,156,3
56460,280,1114,4
56461,119,506,5
56462,225,194,5
56463,222,627,3
56464,534,21,4
56465,254,584,3
56466,786,318,5
56467,545,94,3
56468,255,760,1
56469,398,521,5
56470,145,642,3
56471,792,21,3
56472,659,604,4
56473,836,12,5
56474,256,526,3
56475,825,986,5
56476,87,179,4
56477,49,8,3
56478,378,417,3
56479,839,123,3
56480,805,248,4
56481,807,498,4
56482,771,275,5
56483,648,199,4
56484,490,741,4
56485,844,22,4
56486,758,385,4
56487,716,956,4
56488,406,32,5
56489,805,183,5
56490,399,380,3
56491,694,520,5
56492,650,1110,4
56493,201,568,3
56494,642,409,5
56495,693,282,4
56496,134,1,5
56497,749,843,3
56498,655,443,4
56499,697,748,5
56500,128,179,3
56501,788,237,4
56502,589,301,2
56503,74,245,3
56504,239,137,5
56505,742,250,3
56506,180,469,5
56507,587,351,2
56508,650,1118,3
56509,800,118,3
56510,403,928,3
56511,313,546,4
56512,401,582,4
56513,151,962,1
56514,608,462,4
56515,743,298,4
56516,162,147,4
56517,773,218,2
56518,843,186,2
56519,532,139,5
56520,659,481,5
56521,608,956,3
56522,634,628,4
56523,672,15,3
56524,562,141,4
56525,198,50,5
56526,387,385,3
56527,709,403,3
56528,532,316,4
56529,693,318,4
56530,429,756,2
56531,181,1394,1
56532,253,1025,3
56533,766,679,3
56534,713,689,3
56535,487,627,4
56536,840,647,5
56537,144,234,4
56538,563,403,4
56539,170,876,3
56540,711,89,5
56541,43,58,3
56542,398,591,3
56543,666,185,4
56544,178,66,4
56545,412,23,4
56546,520,100,4
56547,617,604,2
56548,708,147,4
56549,774,423,1
56550,527,153,5
56551,716,675,2
56552,655,116,2
56553,733,125,2
56554,331,506,2
56555,805,827,4
56556,496,417,1
56557,72,684,4
56558,699,181,3
56559,580,323,2
56560,753,483,5
56561,435,384,3
56562,309,690,3
56563,13,806,5
56564,254,871,2
56565,608,1204,2
56566,47,322,2
56567,733,1067,5
56568,640,68,4
56569,682,358,3
56570,711,277,5
56571,792,1011,3
56572,707,1381,3
56573,823,209,4
56574,664,160,3
56575,829,268,4
56576,579,877,1
56577,387,211,4
56578,458,189,4
56579,763,96,2
56580,669,348,1
56581,705,226,3
56582,747,29,1
56583,804,87,4
56584,454,322,2
56585,548,229,5
56586,769,824,2
56587,817,1,4
56588,535,612,4
56589,686,198,5
56590,611,346,5
56591,59,133,3
56592,487,125,5
56593,804,164,4
56594,607,474,4
56595,405,102,1
56596,363,675,3
56597,94,1188,3
56598,178,483,4
56599,13,675,5
56600,838,173,5
56601,807,622,3
56602,828,171,3
56603,449,763,2
56604,795,164,3
56605,802,559,2
56606,775,310,3
56607,752,270,4
56608,293,317,4
56609,577,425,2
56610,698,330,4
56611,92,466,4
56612,784,303,4
56613,551,232,5
56614,532,100,5
56615,639,59,3
56616,757,168,4
56617,724,271,2
56618,416,132,4
56619,655,65,2
56620,290,257,4
56621,636,313,5
56622,793,458,3
56623,834,269,5
56624,541,1315,1
56625,703,864,2
56626,738,153,4
56627,455,234,4
56628,196,13,2
56629,686,514,5
56630,798,748,5
56631,738,747,4
56632,301,157,2
56633,44,636,4
56634,286,728,3
56635,490,919,4
56636,666,471,4
56637,758,305,4
56638,601,183,4
56639,222,195,4
56640,280,167,4
56641,653,511,4
56642,286,204,3
56643,234,329,2
56644,181,1115,1
56645,764,756,3
56646,189,914,2
56647,487,692,5
56648,717,471,4
56649,301,363,4
56650,705,144,3
56651,836,896,3
56652,57,475,2
56653,561,503,4
56654,782,343,2
56655,744,28,3
56656,787,311,4
56657,699,455,3
56658,778,582,1
56659,271,208,4
56660,804,215,5
56661,804,33,4
56662,476,1180,3
56663,621,779,3
56664,846,1074,3
56665,797,50,5
56666,831,591,4
56667,314,70,1
56668,399,276,3
56669,761,1,1
56670,788,234,3
56671,766,419,3
56672,379,339,3
56673,698,507,4
56674,828,19,5
56675,780,508,3
56676,294,123,4
56677,188,151,3
56678,17,100,4
56679,564,50,4
56680,660,207,4
56681,807,420,3
56682,650,451,2
56683,655,133,4
56684,181,1323,1
56685,788,447,3
56686,619,29,1
56687,595,235,3
56688,671,568,5
56689,174,716,5
56690,805,108,3
56691,756,135,2
56692,843,452,2
56693,833,367,3
56694,109,54,3
56695,792,1335,4
56696,741,815,3
56697,764,323,3
56698,361,55,2
56699,694,632,4
56700,393,11,3
56701,642,1095,2
56702,763,237,3
56703,826,38,3
56704,344,122,1
56705,606,222,3
56706,687,748,3
56707,593,739,5
56708,465,615,3
56709,205,242,4
56710,592,293,5
56711,186,1033,3
56712,537,333,2
56713,763,176,4
56714,437,195,2
56715,703,259,1
56716,548,905,4
56717,663,678,2
56718,833,129,3
56719,751,380,3
56720,387,11,3
56721,567,173,4
56722,553,378,3
56723,186,887,4
56724,81,276,4
56725,825,283,2
56726,201,96,4
56727,181,1086,1
56728,279,514,4
56729,586,820,4
56730,246,223,5
56731,796,1228,4
56732,682,366,4
56733,682,568,3
56734,806,343,3
56735,599,748,4
56736,668,271,4
56737,533,257,4
56738,377,200,5
56739,804,202,4
56740,288,294,2
56741,835,393,5
56742,460,285,4
56743,814,200,4
56744,704,480,5
56745,838,596,5
56746,751,436,4
56747,697,682,2
56748,733,820,2
56749,751,405,3
56750,749,280,4
56751,179,691,3
56752,593,1119,5
56753,788,597,3
56754,788,73,3
56755,773,665,2
56756,363,151,4
56757,616,328,3
56758,709,89,3
56759,621,546,3
56760,336,628,3
56761,399,543,3
56762,293,163,4
56763,616,329,3
56764,846,94,4
56765,642,365,4
56766,7,186,4
56767,271,210,4
56768,298,276,2
56769,606,498,4
56770,487,318,3
56771,737,427,3
56772,712,421,4
56773,416,253,3
56774,686,528,5
56775,422,137,5
56776,571,604,3
56777,727,993,4
56778,450,1163,3
56779,308,507,3
56780,524,606,4
56781,642,946,2
56782,466,55,4
56783,830,82,3
56784,7,25,3
56785,378,207,4
56786,95,228,4
56787,256,796,5
56788,161,487,3
56789,833,187,5
56790,413,14,5
56791,439,307,3
56792,757,203,5
56793,750,269,4
56794,688,1234,5
56795,699,222,3
56796,379,712,3
56797,312,589,5
56798,605,124,3
56799,642,378,3
56800,761,261,1
56801,156,86,4
56802,704,170,3
56803,474,326,3
56804,715,455,3
56805,790,1132,2
56806,536,84,4
56807,328,662,3
56808,655,332,3
56809,405,943,1
56810,666,959,4
56811,846,627,4
56812,805,238,5
56813,756,418,3
56814,560,1405,4
56815,474,530,5
56816,567,1022,5
56817,674,300,3
56818,806,121,4
56819,739,216,4
56820,795,577,3
56821,506,248,2
56822,630,929,4
56823,804,205,4
56824,458,744,4
56825,774,240,1
56826,174,1086,5
56827,804,135,3
56828,690,742,3
56829,767,56,4
56830,664,227,3
56831,788,521,4
56832,666,423,3
56833,693,64,3
56834,778,262,4
56835,521,17,1
56836,568,493,3
56837,544,750,3
56838,730,15,4
56839,393,1249,4
56840,535,136,5
56841,151,1269,5
56842,116,340,3
56843,790,738,3
56844,158,823,2
56845,474,13,5
56846,606,100,5
56847,708,1117,4
56848,468,7,3
56849,729,879,3
56850,671,770,2
56851,684,781,3
56852,600,56,5
56853,399,55,2
56854,526,300,2
56855,780,887,4
56856,518,125,5
56857,389,428,3
56858,787,333,3
56859,846,57,2
56860,634,1,3
56861,653,763,1
56862,781,324,4
56863,766,188,4
56864,711,185,4
56865,682,4,3
56866,650,199,4
56867,716,205,5
56868,536,389,5
56869,215,234,4
56870,571,47,3
56871,803,748,1
56872,118,844,5
56873,130,42,4
56874,749,511,4
56875,632,161,3
56876,524,654,5
56877,67,125,4
56878,639,179,1
56879,128,715,4
56880,729,690,2
56881,1,25,4
56882,843,298,2
56883,449,1073,5
56884,346,1258,4
56885,807,143,4
56886,624,294,3
56887,738,186,4
56888,758,253,5
56889,676,916,5
56890,407,603,4
56891,440,312,5
56892,796,215,5
56893,319,261,3
56894,624,240,2
56895,230,214,4
56896,788,483,5
56897,757,265,3
56898,259,484,4
56899,690,216,4
56900,771,289,4
56901,840,732,3
56902,535,237,4
56903,160,497,4
56904,291,234,4
56905,472,1239,5
56906,405,626,1
56907,774,300,2
56908,579,186,3
56909,270,88,5
56910,181,828,1
56911,484,71,2
56912,648,123,4
56913,242,740,5
56914,606,652,3
56915,747,639,5
56916,263,357,5
56917,778,238,3
56918,626,268,4
56919,303,388,2
56920,658,518,4
56921,450,794,5
56922,87,273,3
56923,326,510,5
56924,720,333,4
56925,712,59,2
56926,443,358,1
56927,684,252,4
56928,531,890,1
56929,758,837,4
56930,423,591,5
56931,782,902,2
56932,655,96,3
56933,825,276,1
56934,450,951,4
56935,606,1047,2
56936,198,229,3
56937,308,365,3
56938,109,288,5
56939,807,584,4
56940,682,518,4
56941,235,207,4
56942,666,70,4
56943,637,124,3
56944,668,82,4
56945,639,237,1
56946,658,50,4
56947,516,212,4
56948,745,100,5
56949,615,792,4
56950,727,121,4
56951,656,338,3
56952,735,269,3
56953,64,186,4
56954,221,1011,4
56955,556,127,5
56956,539,963,4
56957,332,73,4
56958,201,144,4
56959,780,423,5
56960,670,657,5
56961,837,476,3
56962,566,403,3
56963,345,14,4
56964,60,131,4
56965,766,434,5
56966,778,780,3
56967,327,333,2
56968,85,526,4
56969,468,192,4
56970,670,479,5
56971,192,7,4
56972,23,235,1
56973,606,1010,3
56974,746,181,5
56975,813,294,1
56976,472,496,4
56977,334,238,4
56978,380,479,4
56979,566,763,4
56980,642,41,3
56981,371,77,5
56982,625,640,3
56983,727,248,5
56984,471,465,5
56985,606,1151,3
56986,90,65,4
56987,334,301,2
56988,621,735,4
56989,374,38,4
56990,501,1011,4
56991,640,778,4
56992,99,780,5
56993,712,575,3
56994,742,222,2
56995,95,495,4
56996,551,288,4
56997,406,170,3
56998,267,217,4
56999,834,744,4
57000,328,809,4
57001,276,405,3
57002,761,50,5
57003,450,568,4
57004,442,1188,3
57005,693,7,4
57006,256,546,4
57007,842,362,3
57008,532,496,5
57009,686,480,5
57010,442,62,2
57011,744,1134,3
57012,534,235,4
57013,334,19,4
57014,826,241,4
57015,474,150,5
57016,479,566,3
57017,727,210,3
57018,653,1028,2
57019,666,134,5
57020,389,584,4
57021,537,196,3
57022,577,29,3
57023,758,159,3
57024,417,179,4
57025,795,8,5
57026,682,339,2
57027,701,257,4
57028,293,1333,4
57029,772,307,4
57030,597,678,1
57031,344,273,4
57032,334,1048,4
57033,806,522,3
57034,226,275,3
57035,268,60,5
57036,567,1252,3
57037,739,1429,5
57038,606,121,4
57039,694,153,4
57040,758,380,4
57041,495,449,5
57042,750,688,1
57043,715,276,3
57044,661,166,5
57045,580,222,3
57046,318,133,4
57047,718,471,5
57048,647,22,5
57049,452,371,3
57050,790,941,3
57051,62,69,4
57052,194,219,2
57053,645,447,3
57054,682,420,3
57055,393,412,3
57056,293,4,4
57057,435,25,5
57058,719,23,3
57059,338,269,4
57060,543,509,3
57061,542,11,2
57062,542,97,4
57063,5,374,3
57064,307,196,3
57065,130,1013,4
57066,846,377,2
57067,706,25,4
57068,666,318,5
57069,405,951,1
57070,727,197,3
57071,773,1475,4
57072,308,141,3
57073,750,358,3
57074,457,692,4
57075,734,56,1
57076,514,234,3
57077,712,202,4
57078,588,354,5
57079,501,121,4
57080,792,844,4
57081,655,1506,3
57082,782,1389,3
57083,82,496,4
57084,307,72,3
57085,644,333,3
57086,462,866,5
57087,173,332,4
57088,648,193,4
57089,405,708,1
57090,796,203,3
57091,291,413,4
57092,11,208,4
57093,749,603,5
57094,664,154,5
57095,184,724,4
57096,295,451,4
57097,829,192,5
57098,837,845,4
57099,498,168,4
57100,588,62,2
57101,758,4,4
57102,679,710,4
57103,773,52,3
57104,499,7,4
57105,393,1049,4
57106,551,202,4
57107,543,12,5
57108,796,322,3
57109,700,180,3
57110,487,366,3
57111,650,141,4
57112,658,408,5
57113,537,127,5
57114,790,583,2
57115,749,633,4
57116,458,20,4
57117,535,461,3
57118,665,1009,4
57119,327,367,4
57120,535,778,2
57121,642,465,4
57122,847,290,4
57123,796,419,5
57124,785,423,2
57125,506,665,2
57126,299,753,5
57127,374,17,2
57128,673,268,1
57129,201,886,1
57130,26,283,3
57131,715,955,4
57132,578,258,1
57133,719,282,4
57134,683,332,3
57135,792,24,3
57136,567,134,5
57137,334,283,4
57138,774,468,2
57139,796,278,4
57140,790,265,4
57141,490,292,3
57142,161,15,2
57143,176,405,2
57144,234,219,2
57145,327,336,2
57146,487,270,5
57147,16,152,4
57148,739,526,5
57149,772,678,4
57150,655,1170,3
57151,521,1013,1
57152,472,546,4
57153,715,117,3
57154,199,14,4
57155,434,274,5
57156,293,1209,2
57157,782,1643,2
57158,836,180,5
57159,770,244,4
57160,716,504,5
57161,296,315,5
57162,633,939,4
57163,642,1126,1
57164,843,665,3
57165,630,31,2
57166,796,29,3
57167,613,514,4
57168,754,744,3
57169,484,315,3
57170,450,28,4
57171,610,276,4
57172,389,346,4
57173,59,228,4
57174,716,568,4
57175,844,403,3
57176,776,439,1
57177,788,781,3
57178,747,163,4
57179,128,405,4
57180,605,223,5
57181,339,173,5
57182,527,11,4
57183,399,172,3
57184,682,125,4
57185,683,690,4
57186,94,477,2
57187,624,276,5
57188,60,209,5
57189,405,501,3
57190,161,315,5
57191,370,443,5
57192,665,1132,2
57193,592,936,4
57194,422,5,3
57195,268,3,1
57196,760,202,3
57197,586,188,2
57198,270,475,5
57199,50,327,3
57200,835,660,4
57201,699,23,4
57202,326,378,4
57203,690,396,2
57204,132,50,3
57205,763,629,5
57206,840,135,5
57207,848,164,5
57208,503,25,4
57209,354,306,5
57210,620,969,4
57211,648,840,1
57212,610,272,4
57213,125,111,3
57214,286,202,4
57215,733,287,3
57216,833,441,1
57217,325,495,3
57218,805,33,5
57219,457,162,5
57220,249,252,2
57221,766,131,3
57222,715,27,3
57223,663,351,2
57224,125,395,3
57225,703,410,4
57226,506,393,3
57227,128,685,3
57228,676,902,4
57229,838,732,4
57230,332,9,4
57231,648,928,4
57232,642,377,3
57233,18,963,5
57234,721,175,5
57235,595,304,3
57236,550,294,3
57237,710,182,4
57238,474,141,4
57239,758,249,4
57240,648,756,2
57241,665,125,4
57242,130,426,4
57243,324,458,4
57244,694,468,4
57245,652,282,4
57246,295,71,5
57247,437,478,5
57248,823,48,5
57249,807,1,4
57250,360,199,5
57251,547,313,5
57252,308,659,3
57253,118,558,5
57254,516,194,4
57255,308,1169,5
57256,1,251,4
57257,396,121,5
57258,643,162,3
57259,833,160,5
57260,846,382,3
57261,694,480,4
57262,763,627,3
57263,591,202,3
57264,313,125,3
57265,605,132,5
57266,727,380,3
57267,267,92,4
57268,773,268,4
57269,694,659,4
57270,533,527,4
57271,770,289,5
57272,661,191,4
57273,670,168,3
57274,131,137,1
57275,567,12,4
57276,713,313,3
57277,394,179,5
57278,650,705,4
57279,622,222,5
57280,780,510,4
57281,554,1,3
57282,715,380,3
57283,22,210,3
57284,692,238,4
57285,790,609,2
57286,848,294,5
57287,383,657,5
57288,548,277,3
57289,622,1181,4
57290,698,144,2
57291,92,210,4
57292,674,685,3
57293,151,956,4
57294,798,257,4
57295,805,216,2
57296,540,300,3
57297,654,1016,4
57298,663,473,3
57299,719,357,4
57300,741,234,4
57301,843,238,3
57302,807,946,3
57303,454,124,4
57304,798,365,3
57305,795,381,2
57306,805,240,3
57307,719,289,2
57308,758,685,5
57309,561,403,3
57310,717,475,5
57311,840,478,3
57312,560,1265,3
57313,782,987,3
57314,374,39,4
57315,586,215,4
57316,843,98,3
57317,290,180,1
57318,514,154,4
57319,311,650,3
57320,722,291,4
57321,837,220,4
57322,608,694,3
57323,207,96,3
57324,332,31,4
57325,102,411,2
57326,828,57,3
57327,551,205,5
57328,10,629,4
57329,506,328,4
57330,764,176,4
57331,704,607,4
57332,524,638,2
57333,666,248,3
57334,734,604,4
57335,48,529,4
57336,716,4,2
57337,822,1091,1
57338,429,101,4
57339,577,436,4
57340,815,153,4
57341,144,1013,1
57342,125,756,4
57343,825,7,5
57344,792,476,1
57345,193,122,1
57346,85,521,3
57347,587,308,3
57348,223,984,3
57349,749,294,2
57350,474,584,5
57351,731,662,3
57352,488,304,4
57353,711,222,3
57354,601,258,5
57355,788,435,3
57356,184,488,5
57357,387,89,5
57358,815,528,5
57359,846,60,4
57360,119,89,4
57361,830,233,3
57362,533,471,4
57363,683,62,4
57364,487,249,1
57365,568,187,3
57366,541,71,5
57367,615,208,4
57368,551,809,5
57369,381,294,5
57370,796,273,2
57371,325,134,4
57372,786,70,4
57373,565,213,4
57374,763,195,4
57375,393,17,1
57376,774,521,2
57377,344,478,4
57378,90,97,5
57379,456,32,4
57380,796,781,4
57381,533,187,4
57382,666,1110,3
57383,711,402,4
57384,293,67,3
57385,682,12,5
57386,455,118,4
57387,711,8,5
57388,666,264,3
57389,713,347,4
57390,60,23,4
57391,640,66,4
57392,699,14,3
57393,363,89,4
57394,847,185,2
57395,468,1016,3
57396,648,222,5
57397,442,154,4
57398,632,183,4
57399,749,168,5
57400,838,748,3
57401,619,550,5
57402,830,100,5
57403,681,258,1
57404,806,172,3
57405,83,243,3
57406,405,529,1
57407,109,655,3
57408,385,940,3
57409,660,176,3
57410,823,144,5
57411,774,649,3
57412,405,861,1
57413,416,136,5
57414,465,651,3
57415,782,1315,3
57416,576,815,3
57417,763,111,2
57418,786,216,4
57419,551,761,1
57420,791,327,5
57421,354,496,3
57422,747,588,5
57423,1,195,5
57424,716,570,3
57425,810,879,5
57426,276,431,3
57427,699,308,4
57428,641,285,5
57429,807,265,5
57430,109,365,4
57431,668,358,3
57432,790,786,3
57433,766,318,5
57434,846,1518,2
57435,727,184,3
57436,500,238,4
57437,761,258,4
57438,724,882,1
57439,846,90,2
57440,18,81,3
57441,629,286,4
57442,567,640,4
57443,768,288,4
57444,537,652,3
57445,625,405,3
57446,200,243,3
57447,608,11,5
57448,830,511,5
57449,564,292,4
57450,727,154,3
57451,749,378,5
57452,526,307,2
57453,560,1073,3
57454,758,297,4
57455,416,285,2
57456,749,175,3
57457,231,50,4
57458,758,716,2
57459,745,188,3
57460,748,193,3
57461,731,97,5
57462,102,334,2
57463,780,22,4
57464,758,121,2
57465,561,427,4
57466,62,82,4
57467,450,633,5
57468,788,327,3
57469,676,173,5
57470,796,520,3
57471,828,971,4
57472,345,518,4
57473,747,580,5
57474,660,349,3
57475,560,653,4
57476,833,831,1
57477,634,240,3
57478,715,755,2
57479,588,79,4
57480,416,157,4
57481,234,479,5
57482,639,216,3
57483,564,181,4
57484,807,1091,3
57485,804,396,3
57486,556,493,5
57487,719,237,2
57488,498,922,5
57489,792,291,2
57490,682,234,3
57491,804,993,2
57492,553,23,5
57493,151,170,5
57494,682,578,3
57495,771,4,1
57496,823,475,5
57497,588,1058,2
57498,636,121,5
57499,611,336,5
57500,542,732,3
57501,727,275,3
57502,188,673,4
57503,666,176,4
57504,653,233,3
57505,328,606,3
57506,70,755,3
57507,746,399,3
57508,563,678,2
57509,362,332,5
57510,358,638,3
57511,805,660,3
57512,834,282,4
57513,663,1245,4
57514,506,10,2
57515,478,467,5
57516,774,741,1
57517,540,222,4
57518,588,1044,4
57519,648,1110,3
57520,221,259,4
57521,642,404,3
57522,807,177,4
57523,543,114,4
57524,585,19,3
57525,406,10,3
57526,831,181,5
57527,756,138,2
57528,766,211,4
57529,428,322,4
57530,240,751,3
57531,763,507,4
57532,655,662,2
57533,334,337,4
57534,848,1126,5
57535,44,480,4
57536,746,431,5
57537,716,127,5
57538,487,833,4
57539,109,431,3
57540,745,480,3
57541,535,16,4
57542,269,663,4
57543,693,215,4
57544,412,186,5
57545,638,204,5
57546,738,751,3
57547,639,87,3
57548,487,1410,5
57549,457,582,5
57550,751,591,1
57551,592,242,5
57552,298,419,5
57553,760,162,3
57554,301,219,4
57555,102,476,3
57556,452,461,4
57557,85,589,3
57558,834,293,3
57559,194,72,3
57560,833,205,4
57561,549,237,4
57562,178,748,4
57563,828,921,4
57564,798,403,4
57565,562,504,4
57566,435,71,3
57567,225,510,5
57568,821,180,5
57569,401,312,3
57570,758,191,5
57571,805,386,3
57572,518,829,3
57573,835,157,4
57574,731,8,2
57575,749,182,3
57576,699,121,3
57577,666,519,4
57578,619,576,4
57579,790,1,3
57580,313,147,4
57581,540,293,4
57582,795,200,3
57583,761,288,4
57584,561,494,4
57585,769,258,3
57586,795,433,4
57587,779,222,4
57588,773,1188,2
57589,174,155,4
57590,393,710,4
57591,405,1581,1
57592,216,302,5
57593,682,173,4
57594,694,614,4
57595,29,12,5
57596,445,1199,1
57597,472,109,4
57598,843,615,3
57599,805,40,3
57600,437,436,4
57601,648,728,2
57602,601,204,2
57603,821,97,5
57604,380,554,2
57605,89,88,4
57606,577,31,4
57607,216,50,4
57608,396,840,3
57609,848,481,3
57610,826,172,5
57611,10,478,5
57612,833,52,3
57613,148,663,5
57614,227,285,4
57615,699,211,1
57616,834,258,4
57617,504,211,4
57618,553,519,5
57619,216,184,4
57620,796,485,4
57621,593,747,4
57622,547,338,2
57623,788,183,5
57624,833,204,1
57625,346,203,4
57626,756,409,2
57627,484,216,4
57628,660,739,2
57629,352,79,4
57630,655,285,4
57631,616,323,4
57632,708,1061,3
57633,216,66,2
57634,91,501,2
57635,783,335,3
57636,407,239,4
57637,757,241,3
57638,647,403,4
57639,715,69,4
57640,757,202,4
57641,460,224,4
57642,834,100,4
57643,484,237,3
57644,778,195,4
57645,622,101,5
57646,585,713,4
57647,666,436,3
57648,94,658,3
57649,42,491,3
57650,92,235,3
57651,697,282,4
57652,147,898,5
57653,332,327,5
57654,724,538,2
57655,504,1046,4
57656,551,410,5
57657,504,294,2
57658,453,684,3
57659,500,762,4
57660,393,623,3
57661,788,69,4
57662,90,385,4
57663,852,685,3
57664,788,451,4
57665,729,354,5
57666,682,724,4
57667,588,231,4
57668,49,372,4
57669,815,623,3
57670,815,603,3
57671,751,42,5
57672,851,1009,2
57673,758,578,4
57674,782,991,2
57675,648,483,5
57676,201,855,4
57677,56,1028,4
57678,141,276,1
57679,152,740,4
57680,849,928,5
57681,527,170,3
57682,528,83,5
57683,828,269,4
57684,472,597,5
57685,787,329,4
57686,655,1375,3
57687,417,373,3
57688,484,29,3
57689,673,272,5
57690,342,1057,2
57691,798,690,4
57692,660,347,3
57693,500,780,3
57694,647,213,3
57695,367,98,5
57696,405,38,5
57697,257,57,5
57698,790,367,4
57699,660,771,2
57700,397,680,1
57701,721,688,3
57702,102,396,2
57703,835,628,3
57704,789,93,4
57705,655,125,2
57706,804,228,4
57707,796,98,5
57708,207,223,3
57709,653,121,4
57710,90,402,5
57711,567,32,5
57712,276,993,3
57713,385,484,4
57714,435,28,3
57715,788,798,2
57716,506,187,5
57717,468,367,4
57718,643,824,3
57719,23,216,4
57720,694,604,4
57721,493,91,3
57722,334,56,4
57723,637,873,1
57724,688,338,5
57725,669,490,5
57726,182,48,3
57727,830,288,1
57728,851,27,4
57729,680,285,5
57730,805,1232,3
57731,634,922,4
57732,649,147,4
57733,840,465,4
57734,425,124,2
57735,378,623,3
57736,524,195,2
57737,121,298,2
57738,671,147,1
57739,406,152,2
57740,313,504,5
57741,276,518,4
57742,339,404,4
57743,840,166,5
57744,763,283,4
57745,837,225,3
57746,26,252,3
57747,178,607,3
57748,168,744,5
57749,621,1047,3
57750,773,45,4
57751,301,4,4
57752,13,197,4
57753,805,147,5
57754,303,319,5
57755,342,216,5
57756,804,1178,3
57757,815,131,2
57758,119,70,3
57759,595,1165,1
57760,194,173,5
57761,425,976,1
57762,821,275,5
57763,291,3,3
57764,838,181,5
57765,43,222,4
57766,693,98,4
57767,450,87,5
57768,758,100,5
57769,96,183,4
57770,405,288,5
57771,837,274,4
57772,392,260,1
57773,699,820,2
57774,419,79,4
57775,472,94,5
57776,87,535,4
57777,77,96,3
57778,794,514,5
57779,60,656,4
57780,606,103,3
57781,442,204,3
57782,638,431,4
57783,418,333,5
57784,623,127,4
57785,788,699,3
57786,56,237,5
57787,694,1035,4
57788,659,496,5
57789,551,603,5
57790,782,872,2
57791,528,294,3
57792,639,57,3
57793,716,48,5
57794,535,45,3
57795,680,195,4
57796,222,154,3
57797,484,150,4
57798,847,826,3
57799,833,127,5
57800,566,70,4
57801,642,231,3
57802,770,282,5
57803,53,156,4
57804,560,127,5
57805,796,357,4
57806,758,221,3
57807,268,290,3
57808,618,815,4
57809,798,832,4
57810,755,343,3
57811,318,40,4
57812,727,684,4
57813,645,483,5
57814,305,166,4
57815,151,194,4
57816,323,295,3
57817,655,1406,3
57818,796,121,5
57819,805,148,2
57820,545,588,4
57821,782,352,1
57822,20,143,3
57823,407,127,3
57824,557,253,3
57825,605,294,4
57826,286,382,5
57827,661,751,4
57828,562,4,1
57829,588,742,4
57830,831,333,4
57831,730,117,3
57832,813,289,4
57833,699,717,1
57834,830,225,3
57835,402,276,5
57836,773,769,1
57837,351,882,5
57838,109,168,3
57839,839,260,2
57840,833,854,4
57841,639,958,4
57842,796,417,4
57843,735,126,3
57844,370,52,4
57845,707,97,4
57846,498,664,5
57847,671,117,3
57848,758,1159,5
57849,749,117,4
57850,751,291,3
57851,499,191,5
57852,343,53,5
57853,767,141,4
57854,682,17,3
57855,213,170,5
57856,733,16,3
57857,94,464,5
57858,643,1012,4
57859,424,151,2
57860,588,367,5
57861,489,319,3
57862,798,367,3
57863,844,195,3
57864,703,471,4
57865,654,275,5
57866,767,172,5
57867,497,1030,1
57868,738,233,3
57869,492,1147,1
57870,689,15,5
57871,839,257,3
57872,312,1298,5
57873,167,241,5
57874,191,345,4
57875,648,432,5
57876,854,186,3
57877,551,763,5
57878,246,570,1
57879,425,174,3
57880,756,399,2
57881,334,607,3
57882,637,291,4
57883,848,69,2
57884,600,231,3
57885,600,230,4
57886,656,301,3
57887,683,312,3
57888,18,529,5
57889,838,318,5
57890,758,26,4
57891,616,286,5
57892,627,62,4
57893,271,493,4
57894,486,1047,2
57895,586,204,3
57896,109,564,3
57897,455,298,4
57898,387,101,4
57899,194,465,3
57900,838,72,4
57901,87,808,3
57902,663,333,5
57903,253,427,5
57904,645,216,4
57905,791,328,4
57906,537,730,3
57907,506,576,4
57908,668,300,4
57909,826,50,5
57910,840,1065,5
57911,839,244,3
57912,694,176,5
57913,287,815,3
57914,660,272,4
57915,848,32,5
57916,805,137,5
57917,815,451,3
57918,788,540,3
57919,846,566,5
57920,537,1010,2
57921,69,117,4
57922,380,208,2
57923,650,1060,3
57924,850,204,5
57925,487,1425,4
57926,757,1188,3
57927,815,405,4
57928,806,197,4
57929,806,204,5
57930,573,182,4
57931,699,147,2
57932,392,493,4
57933,655,1273,2
57934,659,367,3
57935,650,1039,3
57936,458,190,4
57937,405,1584,1
57938,367,5,4
57939,451,1280,1
57940,502,270,2
57941,286,1051,4
57942,763,127,4
57943,484,79,5
57944,674,323,3
57945,655,258,2
57946,745,98,5
57947,648,40,4
57948,72,191,5
57949,704,259,2
57950,490,410,4
57951,500,387,2
57952,747,478,4
57953,666,504,4
57954,854,979,4
57955,790,1119,4
57956,125,21,3
57957,5,365,1
57958,836,880,4
57959,13,455,3
57960,452,856,4
57961,409,327,2
57962,65,511,4
57963,367,164,4
57964,308,519,4
57965,361,228,4
57966,397,286,4
57967,405,855,1
57968,749,132,4
57969,406,86,4
57970,843,444,2
57971,233,133,5
57972,470,181,4
57973,637,293,3
57974,606,491,4
57975,749,659,5
57976,37,833,4
57977,234,951,1
57978,715,655,4
57979,793,150,4
57980,378,275,5
57981,707,100,5
57982,746,79,5
57983,158,449,2
57984,55,121,3
57985,486,1011,4
57986,835,654,5
57987,545,234,3
57988,648,930,3
57989,818,912,3
57990,715,591,4
57991,782,1394,4
57992,222,140,1
57993,299,396,4
57994,606,138,3
57995,774,22,2
57996,627,161,2
57997,829,318,5
57998,648,413,2
57999,758,483,5
58000,459,289,4
58001,552,815,3
58002,851,1245,4
58003,323,93,4
58004,655,531,4
58005,405,747,1
58006,711,257,3
58007,291,772,4
58008,839,825,4
58009,459,245,3
58010,805,32,4
58011,207,117,3
58012,738,71,3
58013,682,201,4
58014,387,298,3
58015,620,409,4
58016,670,511,4
58017,230,211,5
58018,637,1011,1
58019,458,1067,5
58020,312,509,5
58021,13,307,2
58022,13,227,5
58023,653,139,2
58024,622,1074,2
58025,629,690,2
58026,784,328,3
58027,854,475,4
58028,497,291,3
58029,21,444,3
58030,293,245,3
58031,814,559,3
58032,569,321,4
58033,405,1194,1
58034,383,132,5
58035,804,203,4
58036,468,170,4
58037,782,1244,3
58038,601,69,3
58039,849,143,5
58040,286,955,5
58041,858,331,3
58042,847,288,4
58043,848,529,5
58044,456,546,4
58045,639,615,5
58046,749,434,4
58047,833,379,2
58048,751,381,1
58049,378,255,4
58050,573,507,5
58051,796,546,4
58052,503,1,5
58053,92,307,4
58054,851,987,1
58055,49,161,1
58056,399,102,3
58057,766,559,4
58058,749,616,3
58059,689,298,4
58060,393,122,1
58061,591,655,4
58062,786,82,4
58063,732,938,1
58064,807,450,4
58065,201,654,3
58066,837,535,1
58067,655,1213,2
58068,89,222,5
58069,794,221,4
58070,592,881,1
58071,543,730,3
58072,694,239,4
58073,542,585,2
58074,117,1165,3
58075,805,12,4
58076,654,218,2
58077,484,229,5
58078,760,125,4
58079,655,813,3
58080,504,139,3
58081,144,127,4
58082,130,1280,4
58083,203,1049,2
58084,190,546,3
58085,452,58,3
58086,747,501,5
58087,340,180,3
58088,660,222,2
58089,684,118,4
58090,854,499,4
58091,697,473,5
58092,593,371,3
58093,716,472,3
58094,432,248,4
58095,320,147,4
58096,751,755,4
58097,393,280,4
58098,405,444,3
58099,709,129,2
58100,806,144,5
58101,686,127,5
58102,197,4,3
58103,440,242,5
58104,786,520,4
58105,782,326,5
58106,813,335,2
58107,521,186,4
58108,717,106,4
58109,607,213,4
58110,826,92,4
58111,181,1199,1
58112,222,477,2
58113,506,211,4
58114,56,421,4
58115,606,685,3
58116,87,1028,4
58117,853,1025,4
58118,388,591,4
58119,435,679,3
58120,328,227,3
58121,621,121,3
58122,738,230,4
58123,788,712,3
58124,92,1042,3
58125,293,275,3
58126,698,505,2
58127,663,69,4
58128,245,596,4
58129,722,307,4
58130,618,69,4
58131,122,1113,5
58132,543,192,4
58133,582,369,1
58134,682,56,4
58135,454,279,4
58136,640,233,4
58137,710,187,5
58138,144,147,3
58139,378,392,3
58140,533,408,4
58141,851,693,5
58142,727,507,2
58143,768,111,3
58144,167,831,3
58145,752,289,1
58146,825,988,3
58147,846,258,3
58148,697,928,3
58149,200,94,4
58150,112,891,3
58151,782,1644,2
58152,642,366,4
58153,378,708,4
58154,734,83,4
58155,725,300,4
58156,801,259,3
58157,654,238,4
58158,804,662,4
58159,843,448,4
58160,708,866,5
58161,674,304,3
58162,758,482,5
58163,633,333,3
58164,766,482,3
58165,659,176,4
58166,109,576,3
58167,436,217,4
58168,301,232,4
58169,825,841,4
58170,560,845,3
58171,851,11,5
58172,31,153,4
58173,804,157,4
58174,802,445,3
58175,539,1211,3
58176,844,90,3
58177,690,223,4
58178,850,208,5
58179,748,179,4
58180,826,182,4
58181,224,380,4
58182,721,288,3
58183,751,168,5
58184,758,764,1
58185,695,305,3
58186,815,496,5
58187,855,283,3
58188,780,300,3
58189,294,254,3
58190,189,181,3
58191,840,1266,5
58192,422,219,4
58193,748,188,4
58194,752,322,1
58195,617,675,4
58196,640,22,4
58197,597,323,3
58198,782,750,4
58199,109,715,2
58200,830,194,4
58201,840,252,4
58202,805,175,5
58203,746,50,5
58204,533,77,4
58205,484,385,4
58206,807,705,4
58207,650,79,3
58208,592,281,4
58209,705,286,3
58210,146,345,4
58211,573,258,4
58212,423,286,4
58213,417,1090,3
58214,524,1093,4
58215,277,258,4
58216,465,7,5
58217,400,269,4
58218,592,1129,5
58219,31,303,3
58220,8,403,4
58221,303,477,3
58222,835,131,5
58223,817,358,4
58224,747,4,4
58225,833,653,4
58226,854,87,4
58227,424,115,1
58228,234,358,1
58229,824,678,3
58230,776,276,4
58231,700,168,3
58232,303,230,3
58233,786,161,4
58234,7,180,5
58235,655,371,3
58236,95,781,2
58237,381,178,4
58238,215,433,3
58239,747,302,5
58240,788,82,3
58241,846,205,5
58242,694,356,4
58243,796,282,4
58244,782,1609,1
58245,705,1228,2
58246,639,357,3
58247,470,276,5
58248,806,157,3
58249,615,736,5
58250,293,150,3
58251,531,259,1
58252,566,165,5
58253,790,748,1
58254,642,225,4
58255,632,91,3
58256,629,98,5
58257,785,1050,3
58258,620,951,3
58259,717,246,5
58260,665,293,4
58261,533,476,2
58262,828,325,2
58263,487,58,5
58264,591,211,4
58265,639,12,3
58266,606,845,4
58267,277,762,3
58268,653,746,5
58269,835,50,4
58270,378,951,3
58271,378,961,3
58272,787,307,4
58273,758,686,3
58274,184,813,4
58275,160,61,4
58276,635,327,5
58277,747,693,5
58278,158,562,4
58279,852,473,3
58280,706,331,5
58281,804,95,2
58282,738,603,5
58283,709,568,4
58284,615,423,5
58285,766,52,4
58286,852,408,5
58287,843,636,4
58288,624,250,4
58289,753,510,4
58290,627,697,5
58291,827,268,4
58292,293,316,3
58293,757,144,4
58294,666,632,4
58295,59,687,1
58296,796,731,3
58297,117,410,3
58298,715,288,4
58299,189,952,5
58300,677,222,4
58301,734,582,2
58302,711,193,4
58303,345,124,5
58304,707,65,4
58305,747,1204,4
58306,122,403,4
58307,833,154,5
58308,592,332,3
58309,230,100,4
58310,679,241,3
58311,827,313,3
58312,632,233,3
58313,798,356,3
58314,245,210,3
58315,642,383,5
58316,849,172,5
58317,710,223,4
58318,775,270,2
58319,493,124,3
58320,489,332,5
58321,840,428,4
58322,758,434,3
58323,580,258,5
58324,682,154,5
58325,399,57,4
58326,376,357,4
58327,704,172,2
58328,797,328,2
58329,682,254,2
58330,476,208,5
58331,606,435,4
58332,727,680,3
58333,641,242,5
58334,845,311,4
58335,788,125,3
58336,326,4,1
58337,689,748,5
58338,853,302,4
58339,13,507,1
58340,603,419,2
58341,463,243,1
58342,795,771,3
58343,788,744,4
58344,158,175,4
58345,774,203,2
58346,201,1401,2
58347,621,940,3
58348,443,313,4
58349,506,568,5
58350,578,250,2
58351,738,385,5
58352,472,810,5
58353,715,111,3
58354,308,420,4
58355,839,281,3
58356,851,272,5
58357,465,8,4
58358,648,455,3
58359,707,956,5
58360,500,301,2
58361,254,167,3
58362,841,892,3
58363,663,134,5
58364,796,1040,3
58365,506,770,3
58366,859,111,4
58367,807,495,4
58368,862,50,5
58369,791,50,5
58370,312,610,5
58371,757,1035,2
58372,846,36,2
58373,238,405,4
58374,360,56,4
58375,655,746,3
58376,197,182,3
58377,1,153,3
58378,684,596,3
58379,826,161,3
58380,436,43,2
58381,339,136,5
58382,586,295,3
58383,682,218,3
58384,856,879,3
58385,733,224,4
58386,546,181,5
58387,558,15,3
58388,530,204,4
58389,474,943,4
58390,727,109,2
58391,813,538,3
58392,773,1187,3
58393,724,326,4
58394,648,168,5
58395,486,1,4
58396,763,69,4
58397,738,174,5
58398,825,298,5
58399,391,471,2
58400,26,678,2
58401,820,538,3
58402,417,79,3
58403,292,50,4
58404,709,452,3
58405,863,754,3
58406,732,324,2
58407,749,245,4
58408,563,70,4
58409,784,292,4
58410,653,654,2
58411,280,228,3
58412,42,660,3
58413,706,7,3
58414,179,914,5
58415,332,356,3
58416,39,272,2
58417,815,102,3
58418,606,93,4
58419,308,182,5
58420,357,407,3
58421,642,726,2
58422,548,898,1
58423,327,507,4
58424,699,405,3
58425,532,781,5
58426,844,423,3
58427,418,750,2
58428,790,230,4
58429,536,404,4
58430,622,396,1
58431,772,332,4
58432,619,17,1
58433,852,323,3
58434,707,602,4
58435,658,488,4
58436,49,1075,2
58437,756,3,1
58438,666,255,4
58439,690,237,4
58440,653,597,4
58441,437,629,3
58442,766,95,3
58443,373,433,3
58444,793,109,4
58445,768,332,4
58446,201,212,4
58447,422,447,4
58448,715,232,4
58449,835,610,5
58450,272,208,4
58451,429,847,3
58452,543,663,4
58453,689,121,5
58454,661,194,5
58455,552,405,3
58456,690,234,4
58457,643,211,4
58458,776,569,3
58459,535,79,3
58460,571,194,3
58461,543,397,3
58462,633,1046,4
58463,786,240,1
58464,851,255,3
58465,412,211,4
58466,694,237,4
58467,846,136,3
58468,607,212,3
58469,653,193,4
58470,833,614,2
58471,381,462,4
58472,836,507,4
58473,851,544,4
58474,554,684,4
58475,722,678,3
58476,280,111,4
58477,823,233,4
58478,340,15,5
58479,391,148,3
58480,666,616,3
58481,499,153,4
58482,363,186,3
58483,405,60,1
58484,455,660,4
58485,650,69,2
58486,773,171,5
58487,582,475,5
58488,747,929,3
58489,5,189,5
58490,846,1411,4
58491,702,1127,2
58492,476,56,4
58493,690,233,3
58494,268,201,3
58495,393,184,4
58496,104,250,3
58497,632,1,3
58498,707,647,5
58499,494,86,3
58500,83,820,2
58501,639,651,4
58502,782,532,2
58503,389,588,5
58504,794,557,4
58505,436,1227,2
58506,587,323,4
58507,82,169,4
58508,280,385,5
58509,507,691,5
58510,452,127,5
58511,567,474,5
58512,405,727,1
58513,391,479,4
58514,802,1025,3
58515,355,329,3
58516,399,401,3
58517,643,1139,3
58518,118,258,5
58519,318,265,4
58520,102,265,3
58521,846,403,3
58522,244,1150,4
58523,804,675,3
58524,854,126,3
58525,390,13,2
58526,537,474,5
58527,795,742,2
58528,775,269,4
58529,158,810,4
58530,548,358,2
58531,798,465,4
58532,766,675,3
58533,368,777,2
58534,301,404,3
58535,498,83,3
58536,437,432,3
58537,830,22,5
58538,686,174,4
58539,59,633,3
58540,487,588,5
58541,445,644,3
58542,838,497,5
58543,12,228,4
58544,447,1326,4
58545,506,497,5
58546,14,173,4
58547,830,177,4
58548,508,234,4
58549,585,1558,5
58550,833,1214,4
58551,378,1053,3
58552,459,286,4
58553,643,404,4
58554,788,10,4
58555,582,293,5
58556,618,526,5
58557,308,567,4
58558,637,934,1
58559,433,293,3
58560,805,603,4
58561,676,64,5
58562,712,60,1
58563,573,347,4
58564,455,591,4
58565,714,15,3
58566,654,97,3
58567,606,12,2
58568,299,749,1
58569,398,429,4
58570,725,100,5
58571,691,478,4
58572,606,655,4
58573,417,810,3
58574,216,763,4
58575,788,53,1
58576,237,176,3
58577,749,841,3
58578,846,736,4
58579,804,1,5
58580,716,282,3
58581,850,490,5
58582,199,408,5
58583,389,945,4
58584,605,357,5
58585,397,210,4
58586,403,100,5
58587,665,109,4
58588,733,322,2
58589,230,168,4
58590,435,321,3
58591,345,65,4
58592,778,209,4
58593,391,628,4
58594,498,124,3
58595,790,572,3
58596,843,145,3
58597,479,148,2
58598,303,271,2
58599,766,674,3
58600,833,22,3
58601,450,1282,3
58602,489,268,2
58603,13,228,4
58604,177,642,4
58605,378,435,4
58606,216,673,4
58607,835,1153,4
58608,782,1379,3
58609,860,4,4
58610,561,673,3
58611,271,481,3
58612,623,121,4
58613,551,177,5
58614,756,1274,2
58615,407,756,2
58616,85,50,5
58617,435,926,3
58618,782,515,3
58619,553,1009,4
58620,412,150,4
58621,745,181,2
58622,743,879,4
58623,798,222,3
58624,116,315,3
58625,436,99,3
58626,825,864,3
58627,567,23,4
58628,749,231,4
58629,487,71,3
58630,472,386,5
58631,268,178,4
58632,716,526,5
58633,830,402,4
58634,360,297,4
58635,569,258,5
58636,848,152,5
58637,746,24,4
58638,642,292,2
58639,201,46,4
58640,379,141,4
58641,49,725,2
58642,712,26,2
58643,358,65,4
58644,744,238,4
58645,496,147,3
58646,508,91,4
58647,741,275,4
58648,776,22,5
58649,823,274,4
58650,694,378,3
58651,592,252,3
58652,566,684,4
58653,747,1067,2
58654,542,71,3
58655,22,89,5
58656,663,260,2
58657,806,24,3
58658,500,472,3
58659,642,66,5
58660,484,174,5
58661,787,259,4
58662,499,117,3
58663,627,70,4
58664,659,578,3
58665,774,258,1
58666,716,28,5
58667,667,192,5
58668,648,145,4
58669,78,25,3
58670,663,288,4
58671,328,318,5
58672,830,95,3
58673,625,168,3
58674,496,469,3
58675,585,18,2
58676,532,722,3
58677,524,498,5
58678,764,1221,4
58679,554,13,2
58680,826,684,3
58681,843,195,4
58682,766,951,3
58683,654,735,4
58684,845,903,4
58685,832,334,2
58686,59,662,3
58687,389,88,3
58688,854,409,2
58689,608,418,1
58690,599,276,2
58691,534,477,3
58692,683,133,5
58693,606,471,4
58694,61,269,3
58695,773,228,3
58696,472,174,5
58697,128,605,3
58698,293,469,4
58699,450,168,5
58700,407,158,2
58701,682,772,4
58702,640,180,5
58703,851,338,3
58704,707,900,4
58705,612,275,5
58706,488,707,2
58707,655,764,1
58708,682,121,4
58709,638,176,3
58710,727,265,4
58711,221,55,4
58712,595,546,4
58713,551,92,5
58714,608,742,4
58715,837,19,4
58716,529,322,4
58717,227,249,2
58718,665,9,4
58719,606,24,5
58720,795,240,2
58721,467,1226,4
58722,286,431,5
58723,682,47,1
58724,778,121,3
58725,588,161,4
58726,445,1081,1
58727,393,1016,5
58728,643,739,3
58729,627,802,2
58730,751,269,5
58731,373,213,4
58732,340,502,2
58733,405,545,1
58734,561,480,4
58735,774,135,3
58736,853,331,2
58737,788,218,4
58738,616,303,4
58739,727,50,4
58740,825,50,4
58741,593,106,2
58742,246,724,4
58743,853,245,3
58744,21,994,2
58745,856,678,3
58746,863,264,3
58747,436,327,5
58748,405,777,1
58749,392,50,5
58750,719,118,2
58751,846,1286,4
58752,642,871,3
58753,283,412,5
58754,828,753,4
58755,709,127,5
58756,592,939,3
58757,725,358,3
58758,766,493,4
58759,841,331,5
58760,843,183,5
58761,94,504,5
58762,553,56,4
58763,655,337,2
58764,660,99,2
58765,286,278,5
58766,297,228,2
58767,302,289,3
58768,561,215,3
58769,846,603,5
58770,666,856,5
58771,856,258,4
58772,755,302,4
58773,796,326,4
58774,659,131,4
58775,468,97,5
58776,757,193,4
58777,847,405,3
58778,782,1669,2
58779,807,612,5
58780,313,625,4
58781,696,313,3
58782,625,23,4
58783,524,414,4
58784,618,23,5
58785,774,849,1
58786,151,222,5
58787,759,298,4
58788,178,304,4
58789,798,142,3
58790,839,276,3
58791,486,327,3
58792,715,179,4
58793,826,1219,4
58794,606,129,3
58795,815,465,5
58796,425,343,3
58797,344,26,3
58798,308,671,4
58799,718,742,5
58800,514,13,3
58801,748,176,5
58802,381,134,5
58803,81,1059,3
58804,577,468,3
58805,472,742,5
58806,655,855,3
58807,807,22,5
58808,851,564,3
58809,621,578,5
58810,650,502,3
58811,766,272,4
58812,774,436,2
58813,841,748,4
58814,804,568,4
58815,380,651,3
58816,655,1147,3
58817,634,991,3
58818,727,378,3
58819,854,122,3
58820,857,294,3
58821,308,69,2
58822,711,420,5
58823,437,237,4
58824,727,386,2
58825,282,319,4
58826,434,151,5
58827,653,941,1
58828,850,202,4
58829,450,630,3
58830,846,674,4
58831,144,14,4
58832,864,71,3
58833,765,25,4
58834,682,566,3
58835,65,531,4
58836,249,327,4
58837,661,684,3
58838,625,498,4
58839,197,1420,1
58840,757,129,3
58841,545,1228,3
58842,346,1217,4
58843,804,522,3
58844,625,144,4
58845,823,659,4
58846,838,169,4
58847,85,238,2
58848,804,243,3
58849,710,192,5
58850,45,7,3
58851,863,301,4
58852,472,443,4
58853,718,546,4
58854,751,386,3
58855,655,311,3
58856,694,584,4
58857,447,1016,3
58858,311,645,5
58859,660,38,2
58860,167,615,5
58861,518,121,5
58862,760,50,3
58863,619,53,2
58864,798,662,3
58865,763,418,4
58866,722,458,4
58867,650,636,3
58868,763,98,4
58869,684,202,4
58870,796,393,4
58871,669,12,5
58872,690,120,1
58873,625,655,3
58874,601,210,4
58875,84,823,3
58876,653,575,1
58877,417,796,4
58878,788,76,3
58879,447,546,2
58880,806,150,4
58881,227,405,2
58882,298,820,4
58883,864,408,5
58884,682,384,2
58885,705,284,3
58886,751,748,2
58887,543,94,3
58888,183,94,3
58889,239,647,5
58890,711,143,5
58891,864,53,4
58892,865,1028,1
58893,648,368,2
58894,833,157,2
58895,753,499,3
58896,758,529,4
58897,551,779,4
58898,429,277,4
58899,778,738,1
58900,807,1483,4
58901,506,684,5
58902,297,156,4
58903,846,585,2
58904,606,307,4
58905,765,242,5
58906,841,288,3
58907,480,294,1
58908,343,154,5
58909,648,444,3
58910,544,331,3
58911,358,174,1
58912,847,238,2
58913,862,407,3
58914,672,815,4
58915,798,270,4
58916,712,623,4
58917,188,318,5
58918,683,682,1
58919,387,526,4
58920,357,687,3
58921,805,358,3
58922,16,87,4
58923,748,357,3
58924,786,234,3
58925,838,311,4
58926,403,118,5
58927,795,184,4
58928,279,550,4
58929,435,781,3
58930,693,606,4
58931,847,1172,1
58932,326,849,1
58933,788,1135,2
58934,811,304,5
58935,535,702,1
58936,848,584,3
58937,854,1014,3
58938,125,1270,3
58939,714,300,5
58940,757,423,3
58941,775,272,4
58942,864,642,3
58943,332,240,4
58944,826,188,4
58945,778,204,4
58946,807,1138,5
58947,825,832,3
58948,846,672,4
58949,537,338,1
58950,697,1160,1
58951,286,747,4
58952,798,1517,4
58953,703,237,5
58954,661,209,4
58955,743,222,4
58956,139,242,3
58957,567,1021,4
58958,752,311,3
58959,292,197,5
58960,648,15,1
58961,363,4,5
58962,475,127,4
58963,279,864,5
58964,663,742,4
58965,540,475,4
58966,370,193,4
58967,234,100,4
58968,829,250,3
58969,125,49,3
58970,598,343,2
58971,735,327,3
58972,669,258,2
58973,298,132,5
58974,417,501,3
58975,489,538,4
58976,716,412,2
58977,648,9,1
58978,524,419,1
58979,458,283,5
58980,790,191,3
58981,537,212,3
58982,727,232,3
58983,17,111,3
58984,294,268,4
58985,817,147,3
58986,268,423,2
58987,770,325,4
58988,767,176,3
58989,293,528,4
58990,254,142,3
58991,435,369,1
58992,535,511,3
58993,804,184,5
58994,255,546,3
58995,621,270,4
58996,419,50,5
58997,785,301,4
58998,515,1430,3
58999,618,98,5
59000,276,443,4
59001,773,100,4
59002,406,418,5
59003,834,762,4
59004,833,449,2
59005,645,427,5
59006,697,300,5
59007,337,50,5
59008,605,153,4
59009,58,313,5
59010,650,644,3
59011,645,134,5
59012,416,699,5
59013,775,331,4
59014,321,651,3
59015,757,24,4
59016,216,356,3
59017,535,213,5
59018,21,975,3
59019,288,528,4
59020,286,22,4
59021,474,131,4
59022,514,211,3
59023,851,760,4
59024,712,404,3
59025,234,125,3
59026,542,315,4
59027,334,931,1
59028,731,508,1
59029,786,183,4
59030,50,124,1
59031,758,1025,3
59032,741,25,3
59033,772,304,4
59034,727,775,4
59035,275,448,3
59036,308,194,5
59037,682,386,2
59038,795,1110,3
59039,868,204,2
59040,151,168,5
59041,103,118,3
59042,676,258,2
59043,717,282,5
59044,198,823,2
59045,42,1046,3
59046,786,143,4
59047,643,92,4
59048,293,663,3
59049,578,324,1
59050,437,450,3
59051,158,511,5
59052,802,56,3
59053,777,157,3
59054,718,879,2
59055,1,101,2
59056,854,273,4
59057,835,609,4
59058,784,286,3
59059,212,318,5
59060,94,417,3
59061,634,741,3
59062,830,633,4
59063,181,222,4
59064,345,1101,4
59065,458,250,1
59066,622,402,3
59067,122,83,5
59068,478,447,4
59069,427,328,4
59070,843,635,2
59071,733,459,4
59072,185,286,4
59073,711,1160,5
59074,301,318,5
59075,458,298,5
59076,832,326,4
59077,798,306,3
59078,436,340,5
59079,708,362,1
59080,434,283,3
59081,112,245,4
59082,668,752,4
59083,642,470,4
59084,851,527,5
59085,588,1469,3
59086,839,475,5
59087,741,202,3
59088,328,520,5
59089,312,673,5
59090,379,502,5
59091,308,653,5
59092,666,582,4
59093,532,833,4
59094,560,181,4
59095,573,22,4
59096,80,86,5
59097,867,660,4
59098,438,815,5
59099,776,661,5
59100,686,135,5
59101,585,740,4
59102,487,1074,1
59103,771,873,3
59104,796,427,4
59105,542,121,2
59106,851,172,5
59107,532,191,5
59108,852,118,4
59109,184,134,5
59110,579,194,5
59111,474,510,4
59112,838,480,4
59113,805,161,1
59114,655,582,2
59115,712,781,4
59116,658,1101,4
59117,782,1511,2
59118,828,1268,2
59119,85,357,4
59120,650,181,4
59121,313,489,4
59122,650,1,3
59123,409,530,4
59124,547,303,3
59125,796,56,5
59126,716,705,5
59127,435,108,1
59128,815,31,4
59129,314,72,2
59130,600,576,3
59131,717,358,2
59132,507,121,5
59133,756,325,3
59134,110,1182,2
59135,847,763,1
59136,619,295,4
59137,833,128,3
59138,548,13,1
59139,716,427,5
59140,268,588,3
59141,867,196,3
59142,201,173,3
59143,655,882,3
59144,665,215,2
59145,784,271,3
59146,457,709,5
59147,775,343,4
59148,627,51,5
59149,786,381,3
59150,758,441,3
59151,709,294,3
59152,682,659,1
59153,503,707,5
59154,334,217,2
59155,495,421,1
59156,682,991,2
59157,845,877,2
59158,70,63,3
59159,482,881,3
59160,553,197,5
59161,699,1068,3
59162,664,71,4
59163,682,720,4
59164,790,91,3
59165,196,762,3
59166,790,386,2
59167,864,50,5
59168,798,1049,3
59169,748,50,5
59170,512,273,5
59171,854,281,3
59172,627,12,4
59173,554,1042,3
59174,711,216,4
59175,593,1012,3
59176,846,519,4
59177,658,169,5
59178,786,132,5
59179,471,225,5
59180,655,512,3
59181,825,508,4
59182,417,668,2
59183,601,1540,2
59184,398,173,4
59185,825,1015,2
59186,867,480,5
59187,551,802,4
59188,703,222,4
59189,535,319,5
59190,650,228,4
59191,470,9,5
59192,727,658,5
59193,697,181,4
59194,780,172,5
59195,712,1469,4
59196,846,651,3
59197,859,25,4
59198,861,170,5
59199,334,154,4
59200,831,1,4
59201,805,223,5
59202,625,603,4
59203,632,684,5
59204,629,4,3
59205,694,228,4
59206,385,1022,3
59207,810,326,5
59208,94,69,3
59209,334,171,4
59210,44,447,4
59211,395,216,3
59212,221,121,2
59213,548,156,5
59214,867,23,5
59215,679,196,4
59216,830,227,3
59217,405,365,1
59218,391,48,4
59219,249,2,3
59220,798,29,4
59221,548,595,4
59222,865,928,1
59223,693,188,2
59224,653,97,3
59225,246,1039,4
59226,705,550,2
59227,454,114,3
59228,654,1,4
59229,782,1038,4
59230,202,195,4
59231,843,152,2
59232,405,202,4
59233,774,357,2
59234,846,601,5
59235,267,203,5
59236,319,682,3
59237,645,660,3
59238,289,742,4
59239,731,945,4
59240,179,902,1
59241,868,1031,1
59242,610,210,3
59243,300,1094,5
59244,572,124,5
59245,786,191,4
59246,434,628,1
59247,790,708,3
59248,711,568,3
59249,790,864,4
59250,276,1000,2
59251,225,603,5
59252,721,325,3
59253,363,120,1
59254,267,239,4
59255,334,1226,4
59256,276,783,1
59257,246,174,3
59258,588,51,4
59259,825,741,4
59260,119,259,4
59261,707,902,5
59262,598,312,5
59263,770,288,4
59264,434,287,5
59265,697,25,3
59266,843,159,2
59267,506,168,5
59268,765,286,5
59269,217,385,2
59270,151,208,4
59271,846,648,5
59272,610,183,4
59273,378,77,4
59274,497,195,4
59275,788,983,3
59276,530,195,3
59277,716,488,4
59278,767,506,5
59279,474,526,5
59280,221,1437,3
59281,659,524,4
59282,704,657,4
59283,10,59,4
59284,848,615,5
59285,455,289,3
59286,643,268,4
59287,805,154,5
59288,833,928,2
59289,523,1014,5
59290,330,202,5
59291,643,483,4
59292,373,941,4
59293,269,181,2
59294,418,327,1
59295,117,265,4
59296,500,69,4
59297,389,42,4
59298,854,925,2
59299,809,328,5
59300,355,306,4
59301,407,98,5
59302,788,121,4
59303,396,597,4
59304,796,615,4
59305,562,435,4
59306,804,403,3
59307,338,523,3
59308,701,50,5
59309,110,12,4
59310,545,546,3
59311,798,940,1
59312,276,820,3
59313,239,205,3
59314,639,83,4
59315,650,200,4
59316,343,234,1
59317,768,826,1
59318,588,443,3
59319,65,356,5
59320,786,15,3
59321,682,576,4
59322,648,931,2
59323,707,498,3
59324,127,228,5
59325,857,321,4
59326,690,168,3
59327,395,739,3
59328,832,471,4
59329,717,405,3
59330,773,14,5
59331,757,333,4
59332,750,881,2
59333,864,273,5
59334,591,428,4
59335,618,283,3
59336,18,956,5
59337,840,98,5
59338,796,381,3
59339,782,315,4
59340,561,71,2
59341,158,232,3
59342,624,295,3
59343,840,498,5
59344,686,181,4
59345,592,194,4
59346,537,464,4
59347,782,1258,2
59348,862,210,4
59349,504,773,3
59350,744,50,3
59351,532,1016,4
59352,575,321,3
59353,405,858,1
59354,679,70,4
59355,269,451,1
59356,557,532,5
59357,181,332,2
59358,786,465,4
59359,840,663,4
59360,265,107,1
59361,655,1198,3
59362,823,404,4
59363,320,240,3
59364,537,213,4
59365,795,831,2
59366,498,1073,3
59367,708,283,1
59368,846,193,5
59369,837,628,3
59370,843,403,2
59371,717,340,4
59372,841,270,4
59373,870,517,2
59374,805,1170,5
59375,804,209,3
59376,493,1,3
59377,766,431,3
59378,405,723,1
59379,535,64,5
59380,629,12,5
59381,305,486,5
59382,843,449,3
59383,48,524,3
59384,592,597,2
59385,293,97,4
59386,276,447,4
59387,571,657,4
59388,299,166,4
59389,181,1380,1
59390,828,1073,4
59391,815,96,5
59392,365,1,4
59393,505,604,5
59394,863,1294,4
59395,634,477,3
59396,820,289,2
59397,825,1291,2
59398,207,255,3
59399,843,227,3
59400,782,1386,3
59401,682,959,4
59402,843,205,4
59403,796,603,4
59404,472,33,5
59405,597,111,3
59406,738,511,4
59407,671,31,2
59408,655,845,2
59409,739,56,4
59410,774,254,1
59411,234,1021,4
59412,669,172,3
59413,722,13,2
59414,766,209,3
59415,236,655,3
59416,597,24,3
59417,757,179,4
59418,860,289,3
59419,715,1047,3
59420,772,313,5
59421,660,168,5
59422,527,211,4
59423,788,370,2
59424,839,1664,1
59425,372,44,4
59426,749,755,4
59427,577,307,3
59428,642,765,3
59429,659,204,4
59430,450,1303,4
59431,440,272,5
59432,843,151,2
59433,824,286,2
59434,686,12,5
59435,185,701,3
59436,308,131,4
59437,588,173,5
59438,324,270,5
59439,817,15,3
59440,233,121,4
59441,783,328,4
59442,256,554,4
59443,234,445,2
59444,541,676,3
59445,579,582,4
59446,586,121,5
59447,840,234,5
59448,109,222,4
59449,858,286,4
59450,489,751,5
59451,778,496,1
59452,707,224,4
59453,851,405,5
59454,828,301,2
59455,600,195,4
59456,823,229,3
59457,830,696,2
59458,262,418,3
59459,499,530,4
59460,268,259,3
59461,527,286,2
59462,87,27,4
59463,682,89,4
59464,549,181,4
59465,393,139,4
59466,634,1335,2
59467,45,151,2
59468,682,1090,2
59469,197,184,1
59470,495,144,4
59471,301,323,4
59472,868,398,1
59473,771,542,4
59474,271,40,1
59475,712,955,2
59476,489,1613,4
59477,38,501,5
59478,846,423,4
59479,299,165,4
59480,130,1276,4
59481,850,56,1
59482,104,127,3
59483,497,97,4
59484,749,183,5
59485,313,309,4
59486,698,283,2
59487,829,339,2
59488,64,751,2
59489,49,328,2
59490,818,1105,1
59491,462,136,4
59492,848,480,5
59493,145,890,2
59494,542,523,4
59495,761,222,4
59496,276,7,5
59497,115,741,3
59498,871,245,3
59499,416,509,5
59500,756,421,4
59501,796,974,3
59502,373,194,4
59503,437,292,5
59504,655,296,4
59505,532,310,4
59506,411,222,3
59507,761,1014,1
59508,757,205,4
59509,281,342,1
59510,22,228,4
59511,848,207,5
59512,766,504,3
59513,665,1061,4
59514,2,127,5
59515,825,472,5
59516,846,483,5
59517,6,298,3
59518,128,451,4
59519,394,216,3
59520,715,743,2
59521,11,54,3
59522,653,380,3
59523,749,176,4
59524,271,591,4
59525,495,202,4
59526,727,159,2
59527,293,285,5
59528,472,562,5
59529,453,48,4
59530,588,941,5
59531,607,311,4
59532,472,260,4
59533,854,79,4
59534,796,217,4
59535,62,708,3
59536,825,924,2
59537,862,505,4
59538,342,320,5
59539,805,423,1
59540,532,483,5
59541,303,773,4
59542,569,1197,4
59543,838,223,3
59544,357,322,3
59545,562,144,5
59546,830,651,4
59547,445,689,1
59548,846,796,1
59549,721,402,4
59550,290,596,4
59551,840,737,4
59552,830,183,4
59553,831,1063,4
59554,498,229,2
59555,807,679,4
59556,631,307,4
59557,279,44,1
59558,23,153,4
59559,783,345,4
59560,389,301,4
59561,59,290,3
59562,655,328,2
59563,468,180,5
59564,417,164,3
59565,862,127,5
59566,684,395,2
59567,708,274,4
59568,823,568,3
59569,786,199,4
59570,385,1017,3
59571,850,566,5
59572,674,315,3
59573,215,88,3
59574,460,279,2
59575,106,566,4
59576,811,294,4
59577,694,489,4
59578,683,911,3
59579,175,273,2
59580,851,240,4
59581,596,323,4
59582,269,464,3
59583,541,38,3
59584,710,1,4
59585,269,121,1
59586,709,181,4
59587,648,546,4
59588,587,313,5
59589,79,340,4
59590,378,13,3
59591,89,236,5
59592,766,1203,3
59593,608,207,5
59594,221,651,4
59595,870,952,3
59596,332,1042,4
59597,854,255,1
59598,854,291,2
59599,265,282,5
59600,554,378,4
59601,655,1071,2
59602,798,576,3
59603,405,1387,2
59604,773,204,3
59605,864,168,4
59606,773,47,4
59607,196,173,2
59608,846,1110,3
59609,847,434,3
59610,852,257,4
59611,764,588,5
59612,875,772,5
59613,783,260,4
59614,805,91,5
59615,867,211,3
59616,844,179,3
59617,500,300,4
59618,533,48,4
59619,18,603,3
59620,24,132,3
59621,592,730,4
59622,747,509,5
59623,503,744,2
59624,416,418,4
59625,560,1021,4
59626,567,647,5
59627,823,333,3
59628,664,717,1
59629,655,282,3
59630,660,100,3
59631,141,255,4
59632,707,1311,3
59633,775,307,4
59634,349,276,5
59635,137,1028,5
59636,605,143,1
59637,6,535,2
59638,32,298,5
59639,642,96,5
59640,661,189,4
59641,727,403,4
59642,343,189,4
59643,661,215,3
59644,821,181,4
59645,648,22,4
59646,727,156,4
59647,805,582,3
59648,254,62,3
59649,49,919,5
59650,605,126,5
59651,710,654,4
59652,303,833,2
59653,104,272,4
59654,497,167,2
59655,862,357,3
59656,492,193,4
59657,838,1115,4
59658,130,739,5
59659,699,111,3
59660,592,132,5
59661,553,153,5
59662,480,100,4
59663,789,1161,3
59664,415,531,5
59665,682,257,2
59666,731,56,2
59667,325,523,3
59668,463,137,2
59669,768,252,3
59670,694,528,3
59671,724,358,1
59672,664,588,3
59673,710,269,3
59674,650,187,2
59675,91,651,5
59676,846,1055,3
59677,694,230,4
59678,774,4,2
59679,794,24,5
59680,416,553,4
59681,565,462,4
59682,694,496,4
59683,797,781,5
59684,711,191,5
59685,21,260,2
59686,344,311,4
59687,683,915,2
59688,831,273,3
59689,709,145,3
59690,521,298,3
59691,807,127,3
59692,846,443,4
59693,606,196,4
59694,520,311,3
59695,539,372,2
59696,796,815,4
59697,160,1134,4
59698,876,294,4
59699,476,294,3
59700,334,896,5
59701,705,118,4
59702,429,483,5
59703,733,275,3
59704,453,196,4
59705,753,462,4
59706,601,288,1
59707,680,286,4
59708,655,403,2
59709,443,294,5
59710,716,478,4
59711,126,350,2
59712,758,202,5
59713,342,188,3
59714,582,151,4
59715,687,288,4
59716,323,993,4
59717,821,174,5
59718,727,866,3
59719,872,332,3
59720,160,150,4
59721,829,1018,2
59722,234,45,4
59723,472,215,4
59724,264,186,5
59725,627,205,5
59726,280,72,4
59727,680,515,4
59728,714,763,4
59729,200,742,4
59730,467,1012,3
59731,843,413,2
59732,32,268,5
59733,690,1042,4
59734,829,512,4
59735,576,475,1
59736,654,195,4
59737,757,684,4
59738,766,231,2
59739,758,554,3
59740,151,302,3
59741,579,204,3
59742,534,105,4
59743,276,148,3
59744,442,55,3
59745,831,340,4
59746,207,22,3
59747,844,71,3
59748,804,678,4
59749,788,204,3
59750,564,930,3
59751,643,50,4
59752,426,653,4
59753,303,1034,1
59754,846,555,2
59755,791,286,3
59756,246,1135,1
59757,566,219,1
59758,558,286,4
59759,864,708,3
59760,668,124,3
59761,843,416,2
59762,521,742,3
59763,347,369,4
59764,660,29,2
59765,659,58,4
59766,735,100,2
59767,450,332,4
59768,718,982,4
59769,574,262,5
59770,474,313,4
59771,620,769,4
59772,805,274,2
59773,385,217,2
59774,655,181,3
59775,875,169,5
59776,795,756,3
59777,747,282,2
59778,279,22,1
59779,845,750,3
59780,624,248,4
59781,536,164,4
59782,684,151,3
59783,279,1178,4
59784,804,259,4
59785,866,319,4
59786,835,216,4
59787,262,367,4
59788,834,275,3
59789,853,748,2
59790,407,508,4
59791,738,144,5
59792,679,184,4
59793,201,93,5
59794,694,449,4
59795,279,257,5
59796,608,283,4
59797,663,710,3
59798,452,132,2
59799,627,176,5
59800,6,132,5
59801,692,1054,3
59802,260,350,4
59803,527,197,4
59804,766,507,3
59805,682,255,3
59806,694,429,4
59807,497,1077,4
59808,645,673,3
59809,62,1130,4
59810,334,179,4
59811,854,318,5
59812,716,651,5
59813,868,738,2
59814,775,300,4
59815,234,116,2
59816,429,203,5
59817,727,783,3
59818,650,509,3
59819,429,729,2
59820,276,257,4
59821,285,194,4
59822,767,657,4
59823,2,285,5
59824,828,1196,2
59825,397,390,3
59826,812,1393,3
59827,643,470,4
59828,862,288,5
59829,298,479,5
59830,796,249,1
59831,833,208,3
59832,478,367,4
59833,868,562,2
59834,707,1251,4
59835,823,1107,3
59836,828,874,3
59837,506,90,2
59838,738,403,3
59839,777,117,5
59840,871,515,4
59841,666,432,3
59842,173,327,5
59843,543,29,2
59844,631,338,2
59845,630,7,4
59846,444,258,3
59847,470,286,4
59848,710,204,4
59849,709,161,5
59850,308,132,3
59851,393,496,5
59852,679,484,4
59853,864,208,4
59854,189,1315,3
59855,868,206,5
59856,560,132,3
59857,653,862,2
59858,652,538,4
59859,213,508,4
59860,387,1078,1
59861,104,895,2
59862,409,216,4
59863,864,1446,3
59864,297,92,3
59865,771,71,5
59866,860,283,4
59867,692,845,3
59868,545,202,4
59869,790,211,4
59870,457,91,4
59871,642,165,4
59872,805,83,4
59873,290,89,3
59874,393,206,3
59875,837,596,3
59876,794,847,5
59877,864,566,4
59878,653,222,3
59879,401,181,3
59880,102,117,3
59881,823,22,5
59882,854,287,3
59883,789,286,1
59884,825,742,4
59885,630,597,4
59886,5,446,4
59887,624,268,4
59888,833,191,4
59889,418,328,1
59890,397,195,3
59891,410,905,4
59892,781,64,4
59893,803,690,4
59894,782,1383,3
59895,798,52,3
59896,486,235,2
59897,741,48,4
59898,538,223,4
59899,798,71,3
59900,800,864,4
59901,650,430,4
59902,458,509,4
59903,608,606,5
59904,391,9,5
59905,804,105,3
59906,766,192,4
59907,757,38,3
59908,537,1475,2
59909,230,135,2
59910,6,462,5
59911,13,748,4
59912,402,628,3
59913,463,253,5
59914,711,173,3
59915,263,465,4
59916,707,419,3
59917,798,118,4
59918,655,605,3
59919,818,286,4
59920,474,58,4
59921,493,462,2
59922,234,378,4
59923,425,82,3
59924,823,91,3
59925,454,492,3
59926,680,25,4
59927,751,194,5
59928,748,250,5
59929,698,968,1
59930,701,272,5
59931,708,284,5
59932,618,471,3
59933,803,887,5
59934,148,190,2
59935,416,1428,3
59936,380,356,2
59937,758,732,4
59938,766,168,5
59939,343,568,1
59940,818,328,4
59941,92,257,2
59942,804,739,4
59943,642,554,4
59944,73,683,2
59945,821,118,3
59946,745,531,3
59947,264,98,5
59948,712,243,4
59949,654,210,5
59950,94,959,5
59951,280,584,4
59952,811,748,3
59953,255,294,2
59954,634,283,2
59955,213,218,4
59956,537,97,2
59957,699,1375,3
59958,429,163,4
59959,870,481,4
59960,862,215,4
59961,877,382,3
59962,23,171,5
59963,568,1286,4
59964,648,678,3
59965,753,50,4
59966,853,326,2
59967,843,265,3
59968,608,508,4
59969,453,184,4
59970,643,514,3
59971,868,1480,1
59972,1,168,5
59973,682,455,4
59974,707,8,5
59975,800,457,2
59976,612,1,4
59977,804,125,4
59978,648,179,4
59979,542,959,3
59980,320,27,3
59981,637,741,1
59982,709,727,2
59983,861,294,3
59984,381,855,3
59985,796,291,4
59986,523,508,3
59987,763,469,4
59988,488,498,3
59989,746,578,4
59990,763,162,4
59991,363,719,3
59992,747,109,5
59993,727,2,4
59994,87,692,5
59995,299,517,4
59996,786,283,4
59997,831,272,5
59998,711,217,4
59999,844,627,3
60000,799,499,4
60001,211,596,3
60002,741,288,4
60003,857,898,5
60004,774,234,2
60005,738,202,4
60006,59,15,5
60007,846,33,5
60008,495,173,5
60009,489,948,2
60010,500,768,2
60011,618,151,3
60012,692,249,3
60013,293,693,4
60014,472,358,5
60015,807,501,3
60016,13,371,3
60017,814,674,3
60018,666,200,5
60019,99,116,2
60020,450,3,4
60021,295,735,5
60022,843,217,4
60023,95,51,4
60024,577,399,4
60025,721,173,5
60026,840,496,5
60027,666,284,3
60028,796,313,4
60029,303,479,5
60030,747,596,5
60031,751,432,4
60032,405,1035,1
60033,606,735,5
60034,417,125,5
60035,493,168,5
60036,843,603,2
60037,96,265,5
60038,128,131,5
60039,642,13,4
60040,873,292,5
60041,327,257,2
60042,610,1,4
60043,747,301,1
60044,565,165,4
60045,851,68,3
60046,70,229,3
60047,731,478,4
60048,387,1110,2
60049,712,378,4
60050,792,1015,5
60051,496,743,2
60052,860,715,4
60053,586,809,3
60054,493,182,5
60055,387,569,2
60056,158,1047,4
60057,576,125,4
60058,378,173,5
60059,843,655,3
60060,468,1,5
60061,268,79,3
60062,786,588,5
60063,508,318,4
60064,782,1025,2
60065,326,449,3
60066,548,343,4
60067,123,182,4
60068,823,374,1
60069,779,243,4
60070,436,204,5
60071,794,751,3
60072,747,265,4
60073,821,64,5
60074,296,1,5
60075,593,276,1
60076,17,475,4
60077,827,331,3
60078,731,132,3
60079,592,1184,5
60080,661,300,3
60081,393,181,4
60082,496,288,2
60083,851,111,3
60084,862,193,4
60085,782,1663,2
60086,815,199,4
60087,497,393,4
60088,784,312,3
60089,628,242,5
60090,294,1014,2
60091,787,347,4
60092,817,281,4
60093,117,11,5
60094,843,208,3
60095,833,151,4
60096,342,654,4
60097,537,970,3
60098,383,180,5
60099,592,469,4
60100,843,288,4
60101,593,157,3
60102,864,693,4
60103,207,11,3
60104,662,285,5
60105,176,919,2
60106,840,169,5
60107,378,317,5
60108,506,430,4
60109,723,1,3
60110,753,199,5
60111,307,505,3
60112,655,860,3
60113,708,237,5
60114,168,1,5
60115,59,466,4
60116,659,4,3
60117,305,863,4
60118,389,477,4
60119,806,923,3
60120,840,628,4
60121,828,923,3
60122,291,631,5
60123,469,65,4
60124,234,647,3
60125,145,55,3
60126,731,480,4
60127,641,305,5
60128,561,952,3
60129,530,100,4
60130,716,492,3
60131,535,215,4
60132,126,353,5
60133,694,519,4
60134,168,763,2
60135,609,259,1
60136,727,178,4
60137,684,435,3
60138,608,1262,5
60139,532,226,4
60140,543,198,4
60141,392,181,5
60142,144,248,4
60143,798,155,3
60144,452,472,5
60145,758,508,4
60146,862,168,4
60147,757,128,3
60148,772,327,4
60149,393,58,3
60150,867,135,5
60151,862,1011,5
60152,537,26,3
60153,716,610,4
60154,826,184,3
60155,741,215,4
60156,791,269,4
60157,753,194,4
60158,804,925,4
60159,677,748,4
60160,795,265,3
60161,850,8,5
60162,629,331,3
60163,486,264,3
60164,653,510,2
60165,533,824,1
60166,118,172,5
60167,16,100,5
60168,749,465,4
60169,637,922,1
60170,710,720,3
60171,698,465,3
60172,748,699,3
60173,91,205,5
60174,864,227,4
60175,548,346,4
60176,262,65,4
60177,616,346,3
60178,43,122,2
60179,545,204,4
60180,450,717,4
60181,796,807,2
60182,677,245,5
60183,291,158,2
60184,776,135,4
60185,852,151,4
60186,299,1258,2
60187,587,678,2
60188,523,95,4
60189,758,605,3
60190,846,217,4
60191,880,386,3
60192,653,357,4
60193,622,100,5
60194,561,426,1
60195,823,71,3
60196,466,288,4
60197,13,323,3
60198,311,570,4
60199,196,1022,4
60200,325,530,4
60201,569,300,3
60202,796,315,5
60203,417,162,3
60204,851,680,3
60205,878,283,3
60206,130,188,4
60207,757,326,3
60208,650,661,3
60209,625,286,4
60210,740,300,4
60211,49,209,5
60212,92,50,5
60213,7,9,5
60214,851,363,4
60215,665,685,2
60216,796,218,3
60217,653,386,1
60218,569,284,4
60219,561,484,4
60220,254,441,3
60221,421,879,4
60222,828,347,1
60223,353,301,3
60224,515,289,1
60225,709,550,3
60226,815,250,1
60227,290,692,5
60228,684,365,4
60229,251,7,3
60230,707,488,4
60231,608,126,1
60232,195,748,2
60233,528,541,3
60234,833,50,2
60235,577,143,3
60236,130,1,5
60237,194,211,4
60238,184,56,3
60239,854,32,4
60240,730,815,3
60241,178,222,4
60242,385,512,5
60243,629,328,3
60244,840,191,4
60245,714,405,5
60246,622,866,2
60247,113,257,5
60248,606,537,2
60249,435,476,3
60250,790,1282,5
60251,379,257,4
60252,389,501,5
60253,792,7,4
60254,870,642,4
60255,782,297,3
60256,690,211,3
60257,232,4,4
60258,393,373,4
60259,880,824,4
60260,51,50,5
60261,661,144,5
60262,295,227,4
60263,473,242,3
60264,877,31,4
60265,833,203,5
60266,763,97,3
60267,532,107,5
60268,710,89,4
60269,207,158,3
60270,828,730,3
60271,648,563,5
60272,747,82,4
60273,173,259,3
60274,841,353,1
60275,450,557,5
60276,643,129,5
60277,112,346,5
60278,805,472,2
60279,437,1206,4
60280,13,382,1
60281,378,566,3
60282,711,58,4
60283,795,1052,3
60284,524,132,4
60285,18,382,3
60286,574,883,4
60287,498,656,3
60288,747,50,5
60289,869,412,5
60290,880,307,4
60291,702,229,4
60292,846,433,4
60293,655,256,3
60294,833,328,2
60295,271,313,4
60296,746,230,1
60297,848,204,5
60298,552,515,3
60299,642,423,3
60300,545,405,4
60301,236,88,2
60302,595,544,3
60303,83,240,1
60304,868,568,1
60305,29,312,4
60306,655,773,3
60307,815,215,5
60308,416,625,5
60309,627,521,2
60310,479,546,2
60311,707,473,4
60312,664,1101,3
60313,670,659,5
60314,807,358,3
60315,527,511,5
60316,648,379,1
60317,807,630,4
60318,478,327,3
60319,17,243,1
60320,851,742,5
60321,642,949,1
60322,848,318,5
60323,537,52,3
60324,871,346,3
60325,878,582,4
60326,804,584,4
60327,360,479,4
60328,792,282,3
60329,623,211,3
60330,840,66,3
60331,210,1028,3
60332,786,172,5
60333,336,3,1
60334,56,441,4
60335,815,125,5
60336,655,203,3
60337,737,156,5
60338,760,682,3
60339,362,313,4
60340,642,843,3
60341,450,218,4
60342,606,168,5
60343,314,997,1
60344,640,428,5
60345,424,1084,5
60346,846,1044,4
60347,749,627,2
60348,786,7,5
60349,648,1228,3
60350,532,1092,2
60351,831,266,3
60352,790,47,2
60353,844,553,4
60354,735,285,4
60355,435,665,3
60356,833,657,4
60357,664,319,4
60358,551,1011,5
60359,829,13,4
60360,595,293,4
60361,389,847,4
60362,839,321,1
60363,301,481,4
60364,870,566,2
60365,257,921,5
60366,312,612,5
60367,481,173,4
60368,813,342,1
60369,394,22,5
60370,682,1035,3
60371,642,94,2
60372,314,150,4
60373,447,293,4
60374,256,732,5
60375,551,518,4
60376,826,566,3
60377,791,319,2
60378,551,1059,3
60379,727,483,4
60380,450,223,3
60381,577,54,4
60382,292,117,4
60383,643,276,5
60384,399,501,2
60385,334,1074,2
60386,774,650,1
60387,830,613,4
60388,654,332,4
60389,585,634,4
60390,435,572,2
60391,630,988,2
60392,851,1132,3
60393,481,479,4
60394,823,273,3
60395,862,974,2
60396,846,231,2
60397,265,50,2
60398,823,732,5
60399,489,890,5
60400,686,467,5
60401,291,977,2
60402,653,94,2
60403,841,286,5
60404,880,299,4
60405,821,126,5
60406,622,206,1
60407,481,207,3
60408,535,83,4
60409,804,1188,2
60410,237,174,4
60411,367,443,4
60412,328,58,4
60413,450,499,5
60414,880,398,3
60415,834,313,5
60416,682,185,4
60417,665,926,3
60418,828,903,4
60419,401,133,4
60420,262,496,4
60421,151,4,5
60422,566,273,5
60423,334,707,4
60424,276,80,3
60425,279,29,2
60426,62,952,3
60427,703,235,1
60428,655,468,3
60429,200,245,3
60430,87,451,4
60431,815,132,5
60432,787,690,5
60433,843,578,3
60434,864,54,4
60435,830,126,5
60436,537,490,4
60437,684,225,3
60438,524,508,5
60439,477,20,4
60440,498,150,3
60441,236,370,3
60442,474,430,3
60443,345,737,3
60444,804,222,5
60445,698,433,4
60446,401,484,3
60447,871,174,5
60448,155,326,2
60449,407,45,4
60450,741,475,3
60451,880,232,4
60452,399,238,1
60453,271,51,4
60454,372,678,4
60455,37,230,4
60456,487,66,5
60457,800,304,3
60458,165,328,3
60459,622,41,3
60460,392,313,5
60461,694,127,5
60462,840,117,3
60463,506,200,4
60464,417,246,4
60465,757,566,3
60466,815,735,5
60467,825,1117,3
60468,782,1405,2
60469,822,333,4
60470,269,232,1
60471,632,174,5
60472,721,179,5
60473,450,173,5
60474,642,166,5
60475,796,717,3
60476,411,9,4
60477,252,224,4
60478,59,472,3
60479,476,73,4
60480,870,521,3
60481,223,259,3
60482,710,330,3
60483,752,294,3
60484,455,8,4
60485,707,216,3
60486,685,337,2
60487,445,79,4
60488,308,156,4
60489,474,315,5
60490,715,128,3
60491,837,283,5
60492,833,479,2
60493,542,172,4
60494,815,185,3
60495,804,771,3
60496,312,740,4
60497,457,393,3
60498,695,242,5
60499,551,26,4
60500,678,287,3
60501,749,934,3
60502,683,340,4
60503,589,873,5
60504,881,54,4
60505,690,51,3
60506,851,1314,1
60507,851,238,5
60508,782,990,3
60509,181,331,1
60510,448,319,5
60511,344,132,4
60512,655,212,3
60513,62,271,1
60514,486,262,1
60515,689,763,4
60516,305,197,2
60517,707,950,2
60518,588,68,5
60519,387,7,5
60520,738,209,4
60521,715,685,3
60522,635,323,3
60523,200,1073,3
60524,429,470,5
60525,833,512,4
60526,653,163,4
60527,844,154,3
60528,705,79,5
60529,501,221,3
60530,286,117,2
60531,648,200,2
60532,622,423,3
60533,861,1227,4
60534,601,56,3
60535,417,420,4
60536,832,25,2
60537,409,428,4
60538,706,288,3
60539,747,951,2
60540,363,143,2
60541,537,1129,1
60542,798,819,3
60543,821,1084,5
60544,447,55,4
60545,638,82,2
60546,846,610,4
60547,738,418,3
60548,488,1,3
60549,713,898,3
60550,212,863,2
60551,59,655,5
60552,63,79,3
60553,498,486,2
60554,643,65,4
60555,697,979,5
60556,721,330,3
60557,184,473,4
60558,638,174,5
60559,495,4,3
60560,747,1003,1
60561,863,270,3
60562,125,202,5
60563,197,538,3
60564,848,196,5
60565,586,655,4
60566,453,423,4
60567,567,179,5
60568,376,603,4
60569,474,286,5
60570,593,699,4
60571,450,161,5
60572,862,405,2
60573,881,133,4
60574,868,581,2
60575,521,77,3
60576,374,628,3
60577,456,4,3
60578,160,955,4
60579,535,492,4
60580,843,102,2
60581,162,7,3
60582,764,191,3
60583,380,561,2
60584,666,520,3
60585,619,363,2
60586,215,132,5
60587,826,294,4
60588,699,129,4
60589,405,1073,1
60590,854,117,3
60591,833,715,2
60592,200,79,5
60593,450,1119,4
60594,184,403,3
60595,618,234,4
60596,851,192,4
60597,880,301,4
60598,805,420,4
60599,765,248,2
60600,804,657,4
60601,291,291,5
60602,870,54,2
60603,846,622,4
60604,671,27,3
60605,457,97,5
60606,231,313,3
60607,232,690,4
60608,805,856,4
60609,664,153,4
60610,786,709,2
60611,151,663,4
60612,551,187,5
60613,650,209,3
60614,724,272,5
60615,489,1265,2
60616,244,153,4
60617,545,968,5
60618,691,524,5
60619,495,380,3
60620,567,198,5
60621,92,156,4
60622,881,423,4
60623,487,1276,2
60624,632,508,2
60625,836,429,4
60626,788,162,3
60627,41,56,4
60628,694,177,5
60629,95,99,4
60630,605,678,1
60631,92,304,4
60632,864,1531,3
60633,798,810,3
60634,852,546,4
60635,749,431,5
60636,865,7,5
60637,151,56,4
60638,119,125,5
60639,781,223,4
60640,655,1400,3
60641,694,23,3
60642,741,273,3
60643,804,363,4
60644,642,78,3
60645,640,170,5
60646,372,218,5
60647,42,97,3
60648,374,789,4
60649,852,127,4
60650,758,411,4
60651,872,258,4
60652,181,411,3
60653,416,274,4
60654,798,87,3
60655,621,540,3
60656,536,380,4
60657,879,300,3
60658,268,452,1
60659,847,1050,3
60660,711,451,5
60661,658,730,3
60662,514,202,4
60663,268,188,4
60664,501,1081,3
60665,774,402,2
60666,145,358,4
60667,210,832,3
60668,622,405,4
60669,738,470,4
60670,805,648,4
60671,830,187,2
60672,178,164,3
60673,757,288,4
60674,188,199,4
60675,405,32,1
60676,844,228,3
60677,184,272,4
60678,803,754,2
60679,13,111,5
60680,870,511,3
60681,871,27,2
60682,233,614,4
60683,255,597,4
60684,257,113,4
60685,686,48,5
60686,69,288,5
60687,693,193,4
60688,508,1067,4
60689,719,318,5
60690,617,447,4
60691,655,591,3
60692,782,323,3
60693,532,931,3
60694,189,418,3
60695,524,1126,1
60696,869,846,2
60697,767,163,4
60698,618,187,5
60699,414,690,4
60700,200,609,3
60701,758,484,5
60702,294,538,5
60703,773,588,1
60704,494,286,4
60705,83,591,4
60706,196,845,4
60707,567,100,1
60708,378,167,4
60709,286,257,3
60710,869,310,4
60711,416,657,5
60712,545,203,4
60713,593,366,4
60714,749,82,5
60715,82,338,1
60716,468,699,3
60717,486,845,4
60718,717,50,4
60719,271,707,4
60720,650,205,4
60721,564,313,4
60722,198,518,3
60723,145,546,3
60724,249,181,3
60725,851,826,4
60726,815,135,2
60727,864,70,4
60728,608,848,4
60729,256,44,4
60730,697,286,4
60731,693,199,3
60732,763,5,4
60733,624,14,5
60734,823,471,3
60735,721,457,3
60736,862,474,5
60737,758,29,3
60738,264,235,5
60739,724,989,1
60740,90,644,5
60741,303,588,5
60742,621,1,3
60743,698,294,4
60744,846,520,5
60745,435,96,5
60746,398,183,4
60747,749,480,5
60748,784,270,3
60749,707,155,3
60750,655,135,4
60751,843,79,2
60752,872,323,2
60753,90,1203,5
60754,360,1142,4
60755,665,699,4
60756,294,273,3
60757,264,742,2
60758,44,427,3
60759,747,430,4
60760,846,55,5
60761,604,100,5
60762,482,346,3
60763,580,871,4
60764,833,211,3
60765,721,69,4
60766,43,124,4
60767,837,15,3
60768,188,265,5
60769,627,1135,3
60770,537,273,3
60771,94,372,4
60772,659,49,3
60773,497,451,2
60774,11,718,5
60775,880,791,2
60776,591,923,4
60777,550,924,4
60778,279,1205,3
60779,267,98,5
60780,629,111,5
60781,624,597,3
60782,481,204,4
60783,836,875,1
60784,201,17,3
60785,716,215,5
60786,883,792,4
60787,709,210,4
60788,308,661,4
60789,867,79,4
60790,206,682,3
60791,206,332,3
60792,796,542,3
60793,200,1217,4
60794,773,509,4
60795,343,208,4
60796,862,187,4
60797,280,750,5
60798,483,121,2
60799,566,228,2
60800,619,323,3
60801,519,680,5
60802,299,72,3
60803,60,134,4
60804,747,558,4
60805,474,651,5
60806,855,198,4
60807,198,405,2
60808,766,378,4
60809,843,219,2
60810,814,590,2
60811,49,1077,4
60812,711,255,4
60813,747,427,5
60814,653,944,2
60815,239,208,3
60816,778,174,4
60817,519,340,5
60818,397,50,5
60819,774,654,2
60820,849,15,5
60821,239,238,5
60822,682,1011,4
60823,90,198,5
60824,795,181,4
60825,703,845,4
60826,653,291,4
60827,239,1115,2
60828,621,143,2
60829,788,579,3
60830,776,474,5
60831,843,588,2
60832,394,658,3
60833,878,642,3
60834,15,275,4
60835,21,635,4
60836,665,100,3
60837,753,215,5
60838,870,466,4
60839,158,174,5
60840,707,533,5
60841,6,497,4
60842,405,1305,1
60843,13,751,5
60844,774,1110,1
60845,581,253,5
60846,568,530,3
60847,757,474,3
60848,14,507,4
60849,533,203,4
60850,421,172,5
60851,774,373,2
60852,468,47,5
60853,417,182,4
60854,689,328,5
60855,796,219,4
60856,301,284,4
60857,844,690,3
60858,247,7,4
60859,851,50,5
60860,812,326,4
60861,761,688,2
60862,346,161,3
60863,841,272,4
60864,582,257,3
60865,864,526,4
60866,500,283,2
60867,535,195,4
60868,495,121,5
60869,653,328,4
60870,650,22,3
60871,834,7,4
60872,867,956,4
60873,880,651,5
60874,716,648,4
60875,815,675,2
60876,11,699,4
60877,771,313,3
60878,393,692,3
60879,823,124,4
60880,442,979,3
60881,806,286,3
60882,442,195,4
60883,832,245,3
60884,94,527,5
60885,661,568,4
60886,514,25,4
60887,648,185,5
60888,215,204,3
60889,454,117,3
60890,815,471,2
60891,832,681,2
60892,665,147,4
60893,504,969,4
60894,712,506,3
60895,843,515,3
60896,7,549,4
60897,312,152,2
60898,57,930,2
60899,593,11,4
60900,829,153,4
60901,648,357,2
60902,881,550,3
60903,846,464,2
60904,269,775,1
60905,537,132,3
60906,727,101,2
60907,588,162,5
60908,559,12,3
60909,189,133,5
60910,788,195,3
60911,862,214,3
60912,442,769,1
60913,878,427,5
60914,774,559,1
60915,271,124,4
60916,505,1039,4
60917,684,117,4
60918,697,121,4
60919,684,82,5
60920,665,183,4
60921,201,358,1
60922,582,300,3
60923,537,896,3
60924,711,168,4
60925,880,820,3
60926,1,123,4
60927,799,258,5
60928,655,724,3
60929,881,671,3
60930,452,195,4
60931,314,412,3
60932,430,300,3
60933,854,216,3
60934,674,151,2
60935,707,869,1
60936,522,492,4
60937,696,307,5
60938,164,407,2
60939,669,879,2
60940,629,651,5
60941,295,50,5
60942,880,295,5
60943,665,294,2
60944,655,268,3
60945,749,385,3
60946,543,521,4
60947,872,815,4
60948,875,334,4
60949,556,178,5
60950,193,79,4
60951,693,651,3
60952,846,1050,4
60953,796,186,3
60954,332,660,3
60955,500,210,3
60956,21,358,3
60957,711,162,5
60958,484,472,4
60959,295,83,5
60960,389,1007,4
60961,883,7,5
60962,660,144,3
60963,455,44,3
60964,574,213,4
60965,830,403,4
60966,184,216,4
60967,45,926,3
60968,291,172,5
60969,768,354,3
60970,554,237,3
60971,620,147,3
60972,334,521,4
60973,10,192,4
60974,870,171,4
60975,796,433,2
60976,186,330,4
60977,880,769,3
60978,671,201,3
60979,432,109,2
60980,585,83,3
60981,574,316,4
60982,524,273,3
60983,805,661,4
60984,393,1180,4
60985,624,831,3
60986,711,762,3
60987,750,749,3
60988,828,960,5
60989,474,97,5
60990,753,22,4
60991,453,550,3
60992,303,744,3
60993,495,86,5
60994,543,702,2
60995,784,321,3
60996,592,655,5
60997,578,272,2
60998,456,125,4
60999,561,116,4
61000,14,523,4
61001,757,173,4
61002,851,153,3
61003,804,56,3
61004,864,11,5
61005,845,1592,3
61006,883,144,4
61007,741,393,2
61008,880,833,4
61009,392,463,3
61010,846,524,3
61011,774,176,4
61012,677,268,5
61013,294,301,4
61014,378,606,5
61015,854,237,3
61016,790,774,4
61017,128,319,5
61018,854,15,3
61019,607,211,5
61020,739,327,5
61021,526,276,4
61022,463,1060,2
61023,451,874,4
61024,447,1315,4
61025,727,434,5
61026,660,640,1
61027,363,933,2
61028,593,591,4
61029,592,149,4
61030,810,294,5
61031,553,367,4
61032,13,239,4
61033,804,62,4
61034,92,993,4
61035,828,313,3
61036,782,533,2
61037,416,148,5
61038,299,207,3
61039,751,708,4
61040,42,559,2
61041,655,729,2
61042,682,467,3
61043,727,27,4
61044,680,273,3
61045,450,229,4
61046,863,882,4
61047,186,689,4
61048,833,550,2
61049,584,161,4
61050,868,1,4
61051,666,106,2
61052,880,80,2
61053,738,650,3
61054,877,237,4
61055,883,68,4
61056,59,480,5
61057,22,732,4
61058,678,147,4
61059,201,895,3
61060,548,257,5
61061,769,748,2
61062,588,181,5
61063,451,307,4
61064,835,673,4
61065,484,28,5
61066,682,72,3
61067,807,252,4
61068,821,100,2
61069,514,384,3
61070,58,111,4
61071,339,503,4
61072,327,718,4
61073,245,258,4
61074,105,269,4
61075,577,82,4
61076,666,269,5
61077,764,1012,4
61078,502,264,3
61079,326,505,3
61080,18,392,3
61081,882,193,5
61082,57,194,4
61083,435,885,3
61084,397,8,4
61085,653,81,1
61086,774,68,3
61087,804,68,3
61088,328,302,4
61089,506,542,3
61090,85,313,4
61091,660,290,4
61092,678,1,5
61093,796,210,3
61094,715,161,5
61095,758,257,5
61096,847,108,2
61097,487,596,5
61098,643,231,2
61099,757,1273,2
61100,533,318,5
61101,757,450,2
61102,463,283,5
61103,730,742,3
61104,716,64,5
61105,405,731,3
61106,752,258,3
61107,835,162,5
61108,126,266,5
61109,881,663,5
61110,457,62,3
61111,782,296,3
61112,880,204,5
61113,622,1078,3
61114,627,288,3
61115,68,9,4
61116,791,288,3
61117,216,91,4
61118,229,898,5
61119,465,132,4
61120,751,434,4
61121,846,417,4
61122,664,326,2
61123,643,639,4
61124,768,300,5
61125,815,202,4
61126,620,140,4
61127,833,663,3
61128,776,760,3
61129,807,1615,4
61130,873,258,3
61131,861,714,4
61132,119,121,4
61133,215,272,3
61134,347,204,4
61135,655,233,3
61136,804,196,4
61137,664,162,4
61138,392,323,3
61139,840,506,5
61140,877,270,4
61141,164,825,4
61142,201,157,4
61143,81,456,1
61144,446,268,2
61145,94,1209,2
61146,747,675,2
61147,747,526,5
61148,435,447,3
61149,592,292,1
61150,7,615,4
61151,606,3,5
61152,779,181,5
61153,606,385,4
61154,308,853,5
61155,663,844,2
61156,833,488,5
61157,234,207,2
61158,870,134,4
61159,90,1202,5
61160,416,240,1
61161,206,1429,1
61162,682,1231,2
61163,823,237,4
61164,102,841,2
61165,733,296,2
61166,457,194,5
61167,524,449,3
61168,82,100,5
61169,779,15,4
61170,174,709,4
61171,830,205,5
61172,782,680,1
61173,676,345,2
61174,127,258,5
61175,615,638,5
61176,643,28,4
61177,884,116,4
61178,798,493,3
61179,491,286,4
61180,479,294,3
61181,601,1084,5
61182,749,541,3
61183,882,616,4
61184,509,307,2
61185,7,488,4
61186,463,880,4
61187,754,595,2
61188,790,660,3
61189,424,15,4
61190,864,775,1
61191,782,1007,3
61192,164,678,4
61193,861,949,4
61194,782,1652,1
61195,561,475,3
61196,363,47,5
61197,706,756,4
61198,481,70,5
61199,880,841,3
61200,749,358,3
61201,256,1033,4
61202,629,504,4
61203,60,517,4
61204,775,345,5
61205,81,475,5
61206,206,242,3
61207,606,179,5
61208,537,48,4
61209,807,751,3
61210,393,731,3
61211,26,841,2
61212,176,268,5
61213,479,1028,1
61214,38,243,3
61215,825,174,5
61216,786,89,4
61217,495,796,4
61218,669,50,5
61219,747,15,4
61220,833,93,4
61221,336,959,3
61222,823,222,3
61223,709,282,5
61224,639,747,3
61225,770,151,5
61226,373,172,5
61227,552,410,3
61228,666,613,5
61229,821,405,4
61230,881,1118,3
61231,85,697,3
61232,145,925,4
61233,774,712,1
61234,731,204,4
61235,149,272,3
61236,810,333,5
61237,817,129,4
61238,805,197,5
61239,497,189,4
61240,95,420,4
61241,666,111,3
61242,642,1066,3
61243,258,328,3
61244,705,318,5
61245,476,579,2
61246,703,9,2
61247,405,860,1
61248,664,631,4
61249,751,257,4
61250,738,177,4
61251,326,135,3
61252,13,491,4
61253,59,451,5
61254,796,448,4
61255,823,240,3
61256,834,292,5
61257,883,129,5
61258,353,343,2
61259,776,706,3
61260,457,193,5
61261,435,307,5
61262,757,181,3
61263,644,988,4
61264,788,429,3
61265,537,98,3
61266,187,241,3
61267,201,134,4
61268,749,1274,2
61269,752,301,4
61270,745,124,5
61271,222,246,4
61272,405,543,1
61273,555,25,4
61274,707,719,3
61275,707,58,3
61276,815,89,4
61277,442,228,5
61278,642,1030,4
61279,826,1091,3
61280,551,1039,4
61281,393,996,3
61282,698,654,1
61283,881,180,5
61284,268,358,3
61285,686,56,5
61286,487,713,4
61287,865,825,1
61288,755,748,4
61289,209,9,3
61290,711,676,5
61291,714,1016,5
61292,655,270,4
61293,883,727,3
61294,846,8,4
61295,727,729,2
61296,838,24,4
61297,417,211,4
61298,748,69,4
61299,833,159,2
61300,447,233,4
61301,705,228,3
61302,330,225,4
61303,654,249,5
61304,883,83,3
61305,835,458,4
61306,596,276,3
61307,567,136,5
61308,537,387,4
61309,457,288,4
61310,537,566,2
61311,859,249,5
61312,748,692,3
61313,652,288,2
61314,828,246,2
61315,721,303,3
61316,660,366,1
61317,667,272,5
61318,763,510,4
61319,639,702,2
61320,878,692,4
61321,843,474,3
61322,472,416,3
61323,774,230,2
61324,343,408,5
61325,861,289,5
61326,805,537,5
61327,312,606,5
61328,770,678,2
61329,711,240,1
61330,811,690,5
61331,778,197,4
61332,643,204,3
61333,204,880,2
61334,863,1062,4
61335,64,111,4
61336,815,99,4
61337,770,7,5
61338,189,503,3
61339,648,477,3
61340,370,100,4
61341,141,1023,4
61342,815,94,3
61343,833,98,3
61344,399,66,3
61345,92,38,3
61346,654,336,3
61347,334,196,4
61348,830,790,1
61349,537,15,3
61350,628,326,5
61351,650,157,3
61352,500,94,2
61353,620,706,3
61354,838,276,4
61355,851,304,3
61356,847,658,3
61357,650,54,2
61358,848,419,5
61359,883,749,3
61360,861,52,5
61361,332,117,4
61362,184,487,4
61363,510,245,3
61364,865,929,2
61365,450,704,3
61366,721,471,5
61367,848,185,3
61368,456,127,5
61369,642,832,3
61370,620,145,5
61371,770,331,3
61372,474,66,4
61373,798,231,2
61374,738,926,3
61375,805,88,2
61376,70,473,3
61377,244,114,4
61378,350,480,5
61379,583,530,4
61380,830,99,3
61381,405,33,1
61382,406,528,4
61383,207,64,5
61384,833,111,2
61385,826,55,5
61386,753,211,4
61387,707,1008,3
61388,716,197,5
61389,425,540,2
61390,618,118,3
61391,741,401,3
61392,728,100,5
61393,58,1070,4
61394,877,949,3
61395,846,516,4
61396,825,595,3
61397,457,204,5
61398,757,31,4
61399,792,471,4
61400,848,423,4
61401,357,932,4
61402,492,56,5
61403,360,521,5
61404,811,258,5
61405,790,849,4
61406,264,447,5
61407,886,4,3
61408,562,127,5
61409,743,289,3
61410,715,546,4
61411,828,302,4
61412,608,865,4
61413,708,1280,1
61414,808,271,3
61415,881,49,5
61416,592,686,5
61417,250,28,4
61418,593,97,4
61419,659,215,4
61420,655,325,2
61421,674,252,2
61422,442,988,1
61423,589,689,4
61424,807,71,5
61425,215,226,4
61426,624,257,3
61427,708,126,4
61428,128,501,3
61429,771,197,1
61430,668,272,5
61431,537,117,2
61432,611,347,4
61433,116,640,3
61434,806,14,3
61435,843,402,2
61436,128,432,2
61437,254,168,1
61438,663,455,2
61439,864,716,2
61440,804,10,4
61441,733,137,5
61442,683,754,3
61443,862,198,5
61444,693,708,3
61445,880,54,3
61446,601,1063,3
61447,560,122,3
61448,747,97,5
61449,776,848,2
61450,64,625,3
61451,537,694,4
61452,617,615,3
61453,104,286,1
61454,837,289,5
61455,453,476,3
61456,881,53,2
61457,487,591,2
61458,804,932,3
61459,877,271,4
61460,790,282,4
61461,693,127,4
61462,727,1076,2
61463,599,872,2
61464,330,21,5
61465,605,14,5
61466,129,1176,4
61467,788,58,4
61468,868,91,3
61469,846,53,3
61470,144,9,5
61471,881,204,4
61472,256,591,5
61473,862,526,4
61474,470,258,4
61475,796,564,1
61476,846,216,4
61477,791,300,5
61478,541,526,4
61479,805,952,5
61480,756,566,4
61481,717,826,2
61482,663,1,4
61483,429,1118,4
61484,308,471,3
61485,694,523,4
61486,715,40,1
61487,878,511,4
61488,812,358,3
61489,535,30,4
61490,581,276,3
61491,862,216,5
61492,113,222,3
61493,659,1203,4
61494,474,939,4
61495,711,281,3
61496,881,559,2
61497,83,751,3
61498,770,358,3
61499,236,199,4
61500,458,28,3
61501,846,86,5
61502,168,473,2
61503,805,382,4
61504,290,825,3
61505,181,303,1
61506,833,640,3
61507,610,582,4
61508,178,31,4
61509,642,422,3
61510,627,47,2
61511,560,278,1
61512,851,1016,5
61513,807,384,4
61514,682,233,2
61515,299,313,3
61516,868,89,4
61517,832,328,3
61518,579,88,4
61519,663,1086,3
61520,222,470,3
61521,757,229,3
61522,828,10,3
61523,735,475,4
61524,562,132,4
61525,354,19,5
61526,531,300,4
61527,425,912,2
61528,810,313,5
61529,149,258,3
61530,274,318,5
61531,666,505,4
61532,299,244,2
61533,28,229,2
61534,454,610,3
61535,863,352,1
61536,405,854,1
61537,695,991,5
61538,662,1380,2
61539,820,748,1
61540,833,53,1
61541,727,1229,2
61542,606,508,4
61543,884,70,4
61544,472,24,5
61545,145,821,3
61546,880,50,5
61547,806,186,4
61548,520,690,5
61549,525,472,2
61550,878,659,4
61551,457,248,4
61552,807,1063,4
61553,92,546,2
61554,664,22,2
61555,795,554,3
61556,222,717,1
61557,804,414,4
61558,588,384,1
61559,22,4,5
61560,320,1047,4
61561,363,1215,1
61562,296,7,5
61563,824,991,3
61564,434,225,4
61565,844,1474,4
61566,6,474,5
61567,617,179,4
61568,712,102,4
61569,753,322,3
61570,137,289,3
61571,268,218,2
61572,389,82,4
61573,798,1270,3
61574,505,692,3
61575,534,331,4
61576,854,1077,3
61577,864,134,5
61578,749,88,4
61579,535,708,5
61580,354,209,3
61581,802,687,3
61582,862,181,5
61583,543,1199,2
61584,455,237,3
61585,495,232,5
61586,640,70,4
61587,821,15,5
61588,470,1134,4
61589,293,152,4
61590,883,311,4
61591,682,96,4
61592,593,200,5
61593,843,193,3
61594,711,1446,2
61595,761,127,3
61596,243,111,4
61597,200,378,5
61598,859,276,4
61599,458,187,5
61600,710,504,4
61601,567,195,3
61602,503,213,5
61603,711,219,2
61604,514,50,5
61605,692,328,4
61606,883,50,4
61607,716,102,2
61608,457,401,3
61609,594,483,3
61610,851,31,4
61611,740,286,5
61612,194,179,4
61613,423,322,3
61614,87,188,4
61615,249,144,4
61616,343,555,1
61617,308,200,5
61618,866,321,3
61619,490,127,5
61620,409,14,5
61621,788,200,4
61622,788,549,4
61623,782,268,3
61624,380,729,3
61625,424,1,1
61626,94,1045,4
61627,87,801,3
61628,316,192,1
61629,299,435,3
61630,851,772,3
61631,213,55,5
61632,747,481,5
61633,697,876,3
61634,587,880,3
61635,749,110,2
61636,537,713,3
61637,742,13,4
61638,864,219,4
61639,778,161,3
61640,637,275,3
61641,450,416,5
61642,664,276,5
61643,292,115,4
61644,747,923,5
61645,747,428,3
61646,343,510,5
61647,146,327,3
61648,846,659,5
61649,586,566,3
61650,805,550,3
61651,640,354,4
61652,847,225,1
61653,840,705,4
61654,796,233,4
61655,774,77,1
61656,405,1062,1
61657,735,124,5
61658,682,58,3
61659,514,587,4
61660,704,497,3
61661,717,846,4
61662,345,744,4
61663,796,2,5
61664,579,169,4
61665,486,995,4
61666,597,1,3
61667,838,249,4
61668,804,639,4
61669,445,302,1
61670,43,169,5
61671,769,831,1
61672,504,526,3
61673,561,50,3
61674,744,23,4
61675,425,355,3
61676,749,484,5
61677,666,709,4
61678,709,628,3
61679,435,790,4
61680,488,527,3
61681,807,505,3
61682,71,514,4
61683,291,773,3
61684,624,24,3
61685,733,129,2
61686,561,286,4
61687,836,216,4
61688,880,181,5
61689,50,547,4
61690,207,316,5
61691,659,13,4
61692,880,783,1
61693,347,137,2
61694,111,321,3
61695,42,86,3
61696,393,298,4
61697,717,1137,5
61698,216,747,4
61699,793,815,3
61700,850,173,5
61701,713,362,1
61702,886,175,4
61703,880,508,4
61704,385,47,4
61705,424,882,3
61706,880,721,1
61707,482,288,3
61708,634,127,5
61709,804,1285,2
61710,343,235,4
61711,749,1051,3
61712,655,1257,3
61713,854,289,2
61714,684,376,3
61715,56,280,4
61716,871,1197,3
61717,758,1052,5
61718,7,610,5
61719,805,343,5
61720,294,286,5
61721,640,338,5
61722,378,14,5
61723,486,924,3
61724,423,282,4
61725,580,748,2
61726,882,409,4
61727,668,538,5
61728,825,286,4
61729,757,210,4
61730,339,145,3
61731,398,56,4
61732,447,582,4
61733,222,455,3
61734,548,203,5
61735,433,358,2
61736,871,1119,3
61737,758,183,5
61738,883,135,4
61739,630,252,2
61740,280,619,4
61741,838,1005,4
61742,675,1007,4
61743,632,168,4
61744,736,1388,5
61745,207,692,3
61746,865,597,1
61747,751,3,3
61748,679,531,4
61749,601,238,2
61750,833,28,3
61751,591,25,4
61752,807,633,4
61753,523,412,3
61754,721,581,2
61755,392,663,4
61756,805,455,4
61757,332,840,4
61758,833,518,3
61759,201,58,4
61760,284,270,3
61761,243,283,3
61762,773,792,4
61763,640,304,4
61764,595,325,3
61765,509,343,3
61766,280,218,4
61767,222,356,4
61768,201,268,4
61769,516,431,3
61770,300,294,3
61771,655,730,2
61772,705,22,5
61773,502,261,2
61774,650,1035,2
61775,618,609,4
61776,540,220,3
61777,230,162,4
61778,486,1379,3
61779,863,902,5
61780,790,722,3
61781,763,961,5
61782,505,1409,3
61783,779,300,3
61784,525,257,4
61785,303,1407,1
61786,611,752,5
61787,26,475,3
61788,592,1048,3
61789,268,718,4
61790,758,122,4
61791,749,257,3
61792,303,73,3
61793,537,1084,3
61794,880,755,3
61795,529,749,4
61796,189,742,3
61797,837,237,3
61798,297,28,4
61799,758,489,5
61800,495,120,5
61801,864,892,3
61802,747,71,5
61803,880,1016,4
61804,167,493,4
61805,727,431,4
61806,338,498,4
61807,279,1072,4
61808,860,303,3
61809,790,111,3
61810,766,208,5
61811,749,523,4
61812,538,4,3
61813,846,132,5
61814,328,689,5
61815,207,871,5
61816,551,468,5
61817,514,648,3
61818,877,515,5
61819,866,306,4
61820,666,137,4
61821,670,949,2
61822,790,358,2
61823,325,1018,3
61824,796,873,3
61825,77,173,5
61826,512,258,3
61827,883,407,3
61828,291,774,3
61829,145,155,2
61830,44,109,3
61831,690,684,4
61832,716,965,2
61833,846,186,5
61834,851,109,4
61835,823,196,5
61836,414,748,3
61837,373,645,5
61838,711,1115,4
61839,868,448,2
61840,846,83,4
61841,429,214,3
61842,447,866,2
61843,18,143,4
61844,795,173,4
61845,884,275,4
61846,537,924,3
61847,846,92,4
61848,495,94,3
61849,877,274,4
61850,782,948,2
61851,823,140,3
61852,843,121,3
61853,642,202,3
61854,854,405,4
61855,883,867,5
61856,846,1168,4
61857,745,507,1
61858,796,810,3
61859,332,431,5
61860,405,47,5
61861,813,259,2
61862,764,14,4
61863,758,420,3
61864,738,229,3
61865,270,86,4
61866,648,423,4
61867,198,447,4
61868,450,417,4
61869,514,49,2
61870,666,222,3
61871,532,186,4
61872,870,48,4
61873,568,224,4
61874,621,80,4
61875,650,402,3
61876,620,623,4
61877,301,429,4
61878,380,228,3
61879,417,723,5
61880,716,946,2
61881,885,1311,2
61882,378,1438,3
61883,864,22,5
61884,743,338,1
61885,92,408,4
61886,398,692,4
61887,468,216,5
61888,828,61,5
61889,843,97,3
61890,286,821,4
61891,354,305,4
61892,624,15,4
61893,151,125,4
61894,708,596,4
61895,643,566,3
61896,840,462,3
61897,499,486,3
61898,587,243,3
61899,70,820,1
61900,741,290,3
61901,543,22,3
61902,655,789,3
61903,742,15,4
61904,748,517,3
61905,883,72,4
61906,665,432,4
61907,445,979,2
61908,557,268,5
61909,541,542,1
61910,645,268,4
61911,643,356,4
61912,648,831,1
61913,291,1248,4
61914,617,670,1
61915,854,1197,3
61916,653,258,3
61917,871,177,5
61918,82,87,3
61919,793,1187,2
61920,56,410,4
61921,59,151,5
61922,864,722,2
61923,833,675,4
61924,437,79,4
61925,472,161,5
61926,738,89,5
61927,747,736,5
61928,840,497,4
61929,699,880,3
61930,100,895,2
61931,130,196,5
61932,804,702,2
61933,849,288,5
61934,648,484,5
61935,637,866,3
61936,534,475,4
61937,860,211,3
61938,884,9,5
61939,75,460,5
61940,868,160,4
61941,435,230,3
61942,487,48,2
61943,704,347,4
61944,716,81,4
61945,665,423,4
61946,711,845,4
61947,870,663,3
61948,746,144,5
61949,383,479,4
61950,554,31,4
61951,655,1265,3
61952,778,234,3
61953,583,513,5
61954,848,209,5
61955,676,22,5
61956,854,268,3
61957,622,204,3
61958,655,55,2
61959,826,820,3
61960,428,886,4
61961,774,758,1
61962,879,237,4
61963,660,239,2
61964,618,582,4
61965,398,196,4
61966,796,197,3
61967,436,1028,4
61968,303,564,1
61969,643,505,4
61970,275,164,4
61971,840,945,3
61972,422,867,3
61973,200,951,5
61974,297,498,3
61975,666,133,3
61976,885,210,5
61977,699,978,4
61978,821,132,5
61979,846,708,3
61980,727,636,3
61981,535,496,5
61982,883,516,4
61983,682,67,4
61984,672,269,3
61985,884,269,5
61986,727,1042,2
61987,505,568,4
61988,673,315,5
61989,882,515,5
61990,788,271,3
61991,92,452,2
61992,399,9,3
61993,656,270,3
61994,429,411,3
61995,250,234,3
61996,881,601,5
61997,655,786,2
61998,727,928,3
61999,707,135,2
62000,872,106,3
62001,682,217,4
62002,327,184,3
62003,827,272,4
62004,95,1116,4
62005,450,483,3
62006,692,294,3
62007,690,496,4
62008,824,321,2
62009,788,56,3
62010,805,142,4
62011,84,477,4
62012,593,255,5
62013,764,696,3
62014,566,170,5
62015,885,405,4
62016,731,320,1
62017,798,62,4
62018,871,895,3
62019,130,95,5
62020,682,1084,2
62021,889,72,3
62022,566,419,2
62023,751,785,4
62024,721,111,4
62025,564,1034,3
62026,102,751,3
62027,830,50,5
62028,201,211,3
62029,852,597,3
62030,25,173,4
62031,243,285,5
62032,870,42,2
62033,138,209,4
62034,642,942,4
62035,788,432,1
62036,519,328,2
62037,747,216,2
62038,851,10,3
62039,592,885,2
62040,615,678,1
62041,465,100,3
62042,286,1101,5
62043,717,597,4
62044,889,659,4
62045,409,485,2
62046,862,230,3
62047,222,575,3
62048,298,210,5
62049,303,595,2
62050,399,241,4
62051,755,327,2
62052,591,196,4
62053,786,418,4
62054,488,182,3
62055,617,170,1
62056,843,1411,3
62057,397,318,4
62058,624,473,3
62059,710,268,4
62060,664,191,3
62061,782,258,4
62062,648,112,2
62063,577,173,5
62064,339,167,4
62065,672,275,5
62066,645,664,4
62067,838,385,4
62068,749,571,3
62069,1,191,5
62070,813,877,1
62071,279,364,4
62072,504,240,1
62073,669,1,5
62074,647,231,4
62075,833,444,3
62076,181,122,2
62077,126,678,3
62078,515,905,2
62079,676,1483,4
62080,600,385,3
62081,847,473,2
62082,391,76,3
62083,851,290,4
62084,698,511,2
62085,804,528,4
62086,536,141,4
62087,804,1074,1
62088,464,1025,2
62089,497,472,3
62090,385,1014,2
62091,230,22,5
62092,792,100,4
62093,774,2,1
62094,8,11,3
62095,590,237,3
62096,537,96,3
62097,102,294,2
62098,863,333,5
62099,48,215,4
62100,889,134,4
62101,647,88,4
62102,184,640,4
62103,886,819,4
62104,860,514,5
62105,109,282,3
62106,535,499,4
62107,601,508,4
62108,798,444,2
62109,622,674,2
62110,761,291,3
62111,838,179,5
62112,601,591,3
62113,865,245,3
62114,772,288,2
62115,386,127,5
62116,552,1047,3
62117,642,1047,3
62118,423,678,3
62119,889,160,4
62120,852,289,2
62121,307,64,4
62122,878,949,3
62123,334,73,3
62124,833,919,2
62125,378,707,3
62126,288,269,5
62127,592,48,5
62128,382,482,5
62129,201,1267,3
62130,59,89,5
62131,330,963,5
62132,766,212,5
62133,203,890,2
62134,771,709,5
62135,768,628,3
62136,845,313,4
62137,676,168,5
62138,863,315,5
62139,15,125,5
62140,699,1013,3
62141,854,382,4
62142,545,194,3
62143,881,790,3
62144,787,880,3
62145,435,928,3
62146,862,147,5
62147,561,428,4
62148,622,70,3
62149,774,515,2
62150,416,1189,5
62151,836,496,4
62152,698,625,3
62153,488,526,4
62154,125,153,2
62155,787,342,2
62156,659,69,3
62157,474,607,4
62158,889,654,3
62159,532,431,5
62160,747,347,5
62161,552,294,4
62162,505,190,4
62163,786,69,4
62164,459,676,3
62165,313,238,4
62166,604,443,3
62167,868,1035,1
62168,774,577,2
62169,409,879,1
62170,347,177,5
62171,747,409,1
62172,621,686,5
62173,409,714,3
62174,699,1011,4
62175,537,230,2
62176,749,133,4
62177,704,632,3
62178,425,879,2
62179,436,506,5
62180,59,69,5
62181,788,823,3
62182,244,214,5
62183,592,93,4
62184,551,71,4
62185,233,89,3
62186,566,191,4
62187,387,475,3
62188,782,1226,2
62189,452,530,3
62190,712,433,3
62191,581,515,4
62192,694,521,3
62193,22,127,5
62194,385,1495,3
62195,807,380,4
62196,363,65,4
62197,823,87,5
62198,609,877,5
62199,831,100,4
62200,782,1105,3
62201,610,283,3
62202,874,306,4
62203,886,781,4
62204,621,183,4
62205,532,520,5
62206,782,286,2
62207,749,496,5
62208,545,890,2
62209,782,989,3
62210,833,1016,1
62211,659,134,4
62212,474,657,5
62213,270,268,5
62214,889,65,4
62215,870,568,4
62216,879,282,4
62217,762,875,5
62218,450,505,5
62219,707,536,3
62220,862,1093,5
62221,638,685,4
62222,848,151,4
62223,429,88,3
62224,740,294,4
62225,868,265,3
62226,806,485,5
62227,731,588,3
62228,399,1396,4
62229,828,1153,3
62230,764,173,3
62231,666,319,4
62232,290,135,4
62233,214,960,2
62234,334,258,4
62235,577,64,5
62236,177,324,4
62237,402,9,4
62238,413,147,2
62239,684,274,2
62240,846,702,4
62241,679,143,2
62242,615,216,4
62243,632,50,5
62244,542,871,2
62245,694,1221,3
62246,751,95,5
62247,663,872,3
62248,561,474,5
62249,361,176,4
62250,720,1176,5
62251,489,750,5
62252,837,13,4
62253,257,61,5
62254,823,433,4
62255,296,181,5
62256,829,237,3
62257,592,178,5
62258,848,234,4
62259,862,491,3
62260,405,446,1
62261,885,428,4
62262,877,286,2
62263,486,1598,5
62264,867,318,5
62265,773,217,3
62266,436,1053,4
62267,889,58,3
62268,716,473,4
62269,477,294,4
62270,847,926,1
62271,774,56,2
62272,23,522,4
62273,345,118,3
62274,735,106,3
62275,884,322,3
62276,582,1033,2
62277,675,891,2
62278,435,22,4
62279,766,1126,4
62280,846,398,1
62281,215,552,3
62282,244,1467,5
62283,739,1431,5
62284,886,68,3
62285,378,381,4
62286,459,651,3
62287,748,222,4
62288,457,183,5
62289,802,672,3
62290,805,167,3
62291,650,420,3
62292,881,222,5
62293,179,1234,1
62294,883,239,3
62295,654,239,4
62296,878,172,4
62297,892,134,5
62298,44,133,4
62299,711,170,5
62300,848,1118,5
62301,328,720,3
62302,580,15,3
62303,234,238,3
62304,867,96,5
62305,298,333,5
62306,497,12,4
62307,119,82,2
62308,789,293,4
62309,709,405,3
62310,151,44,4
62311,380,515,4
62312,527,603,4
62313,758,546,3
62314,805,174,3
62315,789,9,5
62316,768,591,4
62317,857,300,3
62318,643,98,3
62319,694,492,4
62320,483,257,2
62321,712,1053,4
62322,606,969,5
62323,828,286,4
62324,872,597,4
62325,263,520,3
62326,577,7,2
62327,650,316,3
62328,843,23,2
62329,458,736,4
62330,271,48,4
62331,850,300,5
62332,758,547,5
62333,383,478,5
62334,397,109,4
62335,567,246,4
62336,763,209,4
62337,518,106,5
62338,661,433,5
62339,796,487,5
62340,393,463,4
62341,532,82,5
62342,313,514,4
62343,256,595,4
62344,653,425,2
62345,862,64,5
62346,630,310,3
62347,850,210,5
62348,804,679,4
62349,710,496,4
62350,413,286,5
62351,339,170,5
62352,450,528,5
62353,881,1124,4
62354,833,696,3
62355,566,122,2
62356,292,486,4
62357,880,228,3
62358,326,53,1
62359,119,288,4
62360,557,337,5
62361,663,1009,3
62362,489,339,3
62363,267,715,4
62364,743,303,5
62365,868,73,1
62366,886,147,5
62367,436,72,5
62368,524,216,5
62369,154,222,2
62370,251,535,3
62371,890,118,2
62372,787,245,3
62373,334,244,3
62374,600,679,2
62375,561,1018,3
62376,851,588,4
62377,892,273,4
62378,798,953,2
62379,833,628,4
62380,886,235,3
62381,491,237,3
62382,457,51,5
62383,178,246,4
62384,592,1143,5
62385,401,371,3
62386,676,9,2
62387,128,381,3
62388,699,1028,2
62389,870,255,2
62390,618,735,3
62391,234,663,4
62392,327,684,4
62393,889,168,4
62394,354,735,3
62395,534,243,3
62396,643,114,4
62397,80,483,5
62398,268,286,5
62399,435,1291,1
62400,224,980,1
62401,522,11,4
62402,889,762,3
62403,823,53,5
62404,739,661,2
62405,889,246,4
62406,669,194,3
62407,792,1197,4
62408,881,441,2
62409,773,531,5
62410,893,56,5
62411,843,625,2
62412,825,275,3
62413,692,763,3
62414,757,232,3
62415,825,122,1
62416,798,66,3
62417,452,237,2
62418,747,73,4
62419,703,628,4
62420,440,340,2
62421,290,405,2
62422,625,254,3
62423,885,1,5
62424,650,137,3
62425,838,96,4
62426,841,754,4
62427,783,264,4
62428,887,931,3
62429,592,544,4
62430,613,632,3
62431,886,233,3
62432,826,288,3
62433,863,1024,3
62434,653,366,2
62435,615,509,4
62436,727,174,4
62437,843,674,2
62438,489,324,3
62439,781,205,5
62440,756,1,4
62441,655,653,3
62442,854,505,4
62443,848,755,5
62444,314,132,4
62445,859,421,5
62446,882,204,5
62447,650,380,2
62448,526,277,2
62449,269,135,4
62450,881,13,4
62451,848,172,5
62452,537,76,3
62453,851,307,4
62454,664,528,5
62455,130,453,3
62456,663,123,3
62457,542,235,3
62458,648,619,3
62459,854,223,4
62460,798,163,3
62461,883,224,4
62462,891,546,3
62463,894,15,3
62464,303,554,2
62465,758,294,5
62466,321,197,5
62467,868,358,2
62468,347,174,4
62469,113,127,4
62470,867,174,5
62471,798,173,5
62472,886,160,1
62473,392,300,2
62474,399,99,3
62475,192,100,5
62476,634,331,4
62477,773,403,2
62478,771,1129,5
62479,821,213,5
62480,450,570,4
62481,87,94,4
62482,90,1045,2
62483,751,193,5
62484,174,1311,3
62485,741,673,4
62486,655,49,1
62487,593,471,3
62488,805,86,4
62489,758,123,1
62490,854,86,3
62491,747,1456,3
62492,608,269,3
62493,472,796,4
62494,437,170,5
62495,524,815,3
62496,314,722,1
62497,630,240,3
62498,868,109,3
62499,660,491,4
62500,783,269,4
62501,145,636,4
62502,748,237,4
62503,805,101,2
62504,412,24,3
62505,463,887,5
62506,617,646,4
62507,724,682,1
62508,653,70,2
62509,453,204,4
62510,555,340,4
62511,454,193,2
62512,893,147,3
62513,500,77,3
62514,805,212,3
62515,642,1146,1
62516,792,831,2
62517,810,331,4
62518,630,735,2
62519,749,87,4
62520,892,781,4
62521,889,819,2
62522,829,213,4
62523,766,639,3
62524,804,1028,3
62525,868,183,5
62526,286,931,4
62527,846,180,5
62528,846,317,3
62529,880,1291,3
62530,664,50,5
62531,666,286,5
62532,575,96,5
62533,7,573,5
62534,492,221,3
62535,22,926,1
62536,894,888,4
62537,354,83,4
62538,883,665,4
62539,880,396,2
62540,798,795,3
62541,435,571,2
62542,894,405,3
62543,860,294,2
62544,551,7,5
62545,805,771,5
62546,638,195,4
62547,578,222,4
62548,661,71,4
62549,215,87,5
62550,796,198,4
62551,754,359,3
62552,870,603,5
62553,69,172,5
62554,65,64,5
62555,405,198,2
62556,383,58,4
62557,716,265,5
62558,566,110,1
62559,854,1086,3
62560,881,89,4
62561,847,372,5
62562,752,306,5
62563,95,381,4
62564,561,209,4
62565,749,742,4
62566,601,405,1
62567,761,235,3
62568,625,238,4
62569,243,157,5
62570,224,553,4
62571,882,173,5
62572,716,632,4
62573,737,96,2
62574,881,1046,3
62575,840,48,3
62576,375,773,3
62577,425,522,3
62578,417,252,3
62579,854,603,4
62580,468,12,4
62581,880,72,3
62582,854,928,3
62583,648,227,3
62584,27,288,3
62585,778,98,4
62586,458,632,4
62587,174,724,5
62588,731,69,5
62589,579,732,4
62590,882,140,3
62591,11,372,4
62592,541,627,4
62593,846,755,3
62594,439,276,5
62595,854,22,2
62596,891,117,3
62597,790,98,5
62598,312,14,5
62599,788,693,2
62600,447,410,2
62601,802,443,4
62602,186,159,5
62603,200,449,5
62604,445,1143,4
62605,561,200,4
62606,781,204,4
62607,412,684,4
62608,864,966,4
62609,796,271,5
62610,877,60,5
62611,7,379,4
62612,102,55,3
62613,394,158,3
62614,645,513,5
62615,846,770,5
62616,847,1160,4
62617,686,451,4
62618,848,899,3
62619,881,294,3
62620,530,333,3
62621,815,596,5
62622,846,228,5
62623,867,258,3
62624,890,98,4
62625,780,526,5
62626,177,181,4
62627,543,233,4
62628,455,123,3
62629,627,713,2
62630,806,1071,4
62631,1,4,3
62632,405,526,1
62633,865,169,5
62634,715,376,2
62635,854,250,4
62636,313,82,3
62637,255,324,5
62638,692,168,2
62639,882,71,5
62640,629,655,5
62641,883,561,3
62642,561,539,1
62643,753,134,4
62644,60,501,3
62645,468,118,3
62646,537,646,2
62647,506,1407,2
62648,537,382,3
62649,1,263,1
62650,214,98,4
62651,671,257,5
62652,857,14,4
62653,892,151,4
62654,312,507,5
62655,796,9,3
62656,871,1385,3
62657,868,173,4
62658,804,188,4
62659,784,754,3
62660,90,270,4
62661,566,155,2
62662,42,71,4
62663,389,211,4
62664,393,1044,4
62665,456,403,2
62666,878,655,3
62667,145,227,4
62668,821,357,5
62669,741,496,5
62670,887,1012,1
62671,524,823,4
62672,863,303,1
62673,406,507,4
62674,551,461,3
62675,588,63,5
62676,870,386,4
62677,796,1101,5
62678,660,405,2
62679,840,529,4
62680,577,79,4
62681,655,209,3
62682,705,849,3
62683,484,449,4
62684,749,808,3
62685,474,490,5
62686,387,289,1
62687,559,515,4
62688,605,69,5
62689,559,144,5
62690,788,1,3
62691,468,471,3
62692,804,719,3
62693,402,117,3
62694,767,222,5
62695,751,849,2
62696,296,483,5
62697,545,426,3
62698,867,252,2
62699,696,1062,4
62700,666,544,4
62701,222,1220,4
62702,756,731,3
62703,481,322,4
62704,847,118,3
62705,506,873,4
62706,844,50,5
62707,814,448,3
62708,551,470,5
62709,411,449,3
62710,288,214,2
62711,455,1086,3
62712,687,988,3
62713,894,333,4
62714,679,268,4
62715,887,839,4
62716,894,246,4
62717,805,151,5
62718,871,747,3
62719,894,297,4
62720,622,209,5
62721,653,658,2
62722,543,391,3
62723,718,815,4
62724,435,1016,4
62725,334,950,3
62726,871,1345,3
62727,194,78,1
62728,648,13,3
62729,492,45,3
62730,852,820,4
62731,712,768,5
62732,586,85,3
62733,49,1017,3
62734,870,216,4
62735,327,1218,4
62736,642,1000,3
62737,727,1139,3
62738,637,24,2
62739,664,194,4
62740,655,269,3
62741,524,693,5
62742,825,120,3
62743,892,849,2
62744,758,213,5
62745,655,1623,4
62746,564,1016,2
62747,790,826,1
62748,785,12,4
62749,851,273,5
62750,763,157,4
62751,863,326,5
62752,846,239,4
62753,77,28,5
62754,763,70,5
62755,676,328,5
62756,536,1063,5
62757,859,1014,4
62758,727,820,2
62759,846,1018,4
62760,276,260,3
62761,536,179,2
62762,646,893,3
62763,655,46,4
62764,647,831,3
62765,268,25,3
62766,361,70,4
62767,756,435,3
62768,708,25,3
62769,886,1303,1
62770,466,1607,5
62771,642,1136,4
62772,655,1278,2
62773,483,743,1
62774,606,405,4
62775,145,901,1
62776,881,183,4
62777,592,547,4
62778,411,276,3
62779,655,520,3
62780,795,97,2
62781,835,526,3
62782,751,1078,3
62783,881,161,3
62784,79,1,4
62785,768,151,2
62786,450,1115,4
62787,45,111,4
62788,634,1047,3
62789,26,369,2
62790,181,1163,2
62791,405,417,2
62792,870,770,4
62793,881,514,4
62794,728,546,2
62795,353,260,1
62796,876,48,5
62797,417,17,4
62798,857,325,1
62799,698,258,3
62800,261,326,4
62801,524,499,4
62802,761,295,4
62803,696,245,4
62804,681,690,4
62805,293,455,2
62806,880,348,4
62807,663,322,4
62808,886,232,3
62809,453,515,4
62810,632,591,4
62811,290,809,4
62812,889,488,2
62813,820,315,3
62814,339,515,5
62815,768,121,4
62816,113,325,4
62817,176,876,3
62818,786,99,4
62819,301,294,4
62820,1,203,4
62821,450,196,5
62822,63,1138,2
62823,487,289,2
62824,862,478,4
62825,600,570,4
62826,896,1101,2
62827,177,96,3
62828,843,542,2
62829,896,403,1
62830,378,40,3
62831,313,172,4
62832,864,13,4
62833,682,946,4
62834,598,691,2
62835,699,831,2
62836,660,385,3
62837,385,419,2
62838,561,1131,4
62839,690,8,4
62840,389,509,4
62841,864,386,3
62842,721,216,5
62843,873,300,4
62844,363,315,3
62845,457,196,5
62846,642,67,4
62847,393,344,3
62848,68,713,2
62849,5,406,1
62850,451,327,4
62851,488,173,4
62852,293,956,3
62853,460,313,4
62854,457,151,5
62855,253,655,4
62856,486,1322,3
62857,880,566,3
62858,13,531,3
62859,864,163,4
62860,693,1135,3
62861,506,399,5
62862,824,294,3
62863,210,654,5
62864,880,931,3
62865,312,660,4
62866,401,604,4
62867,487,150,5
62868,788,645,3
62869,881,135,4
62870,796,196,5
62871,374,1048,3
62872,636,100,5
62873,858,292,3
62874,554,22,4
62875,63,748,4
62876,738,214,4
62877,601,99,3
62878,52,1085,4
62879,864,222,4
62880,655,655,3
62881,838,143,5
62882,848,162,2
62883,878,794,4
62884,33,329,4
62885,692,25,4
62886,812,294,5
62887,757,156,3
62888,361,216,5
62889,554,230,5
62890,422,670,2
62891,637,121,4
62892,867,524,5
62893,864,173,5
62894,455,455,3
62895,109,209,1
62896,713,345,3
62897,758,474,5
62898,870,549,2
62899,618,443,4
62900,782,266,1
62901,747,480,5
62902,807,485,5
62903,187,83,5
62904,753,195,1
62905,298,526,5
62906,336,367,3
62907,852,930,3
62908,290,235,3
62909,761,326,1
62910,711,82,3
62911,825,870,3
62912,465,428,3
62913,43,70,4
62914,887,1015,5
62915,590,116,5
62916,844,318,4
62917,328,939,4
62918,407,675,3
62919,877,59,5
62920,630,756,4
62921,329,302,5
62922,661,972,3
62923,447,227,2
62924,293,218,2
62925,248,172,4
62926,10,654,5
62927,639,1465,2
62928,883,69,2
62929,881,179,5
62930,731,648,4
62931,889,1589,5
62932,642,944,5
62933,833,427,3
62934,686,97,2
62935,846,46,4
62936,313,58,3
62937,655,287,3
62938,592,1010,5
62939,773,2,3
62940,838,302,4
62941,640,496,4
62942,356,312,3
62943,846,1133,2
62944,727,1,3
62945,639,116,3
62946,788,228,3
62947,854,487,4
62948,727,206,3
62949,893,426,4
62950,402,483,5
62951,286,116,5
62952,691,631,4
62953,311,210,5
62954,896,108,3
62955,601,259,1
62956,858,181,2
62957,702,687,1
62958,640,47,4
62959,279,862,5
62960,424,100,5
62961,661,230,4
62962,605,117,2
62963,845,272,3
62964,592,890,1
62965,852,678,3
62966,682,1188,3
62967,846,1101,3
62968,804,972,3
62969,365,309,1
62970,606,1055,4
62971,790,173,3
62972,882,186,5
62973,870,1006,2
62974,653,657,4
62975,882,215,5
62976,410,354,3
62977,591,79,4
62978,193,121,3
62979,57,117,4
62980,634,222,3
62981,308,73,3
62982,552,284,3
62983,844,69,5
62984,790,42,5
62985,878,286,4
62986,510,322,3
62987,595,948,3
62988,660,1110,2
62989,764,28,4
62990,755,311,4
62991,248,98,5
62992,799,654,5
62993,631,334,2
62994,846,504,5
62995,560,268,4
62996,782,1283,2
62997,650,568,3
62998,868,452,2
62999,382,334,5
63000,883,53,5
63001,449,60,5
63002,712,755,4
63003,842,268,5
63004,835,215,4
63005,862,22,5
63006,766,496,5
63007,592,89,4
63008,606,55,4
63009,437,415,4
63010,386,597,3
63011,805,7,5
63012,796,173,5
63013,764,866,4
63014,655,1634,2
63015,555,129,4
63016,543,367,4
63017,848,125,5
63018,463,475,3
63019,303,128,4
63020,466,184,4
63021,450,133,5
63022,889,196,5
63023,666,866,2
63024,894,134,4
63025,861,86,5
63026,91,511,5
63027,90,212,4
63028,892,87,5
63029,541,511,4
63030,159,1221,5
63031,879,1,4
63032,505,102,1
63033,666,89,4
63034,828,83,3
63035,703,596,3
63036,479,526,4
63037,454,1126,2
63038,645,239,3
63039,663,682,3
63040,734,423,4
63041,728,147,4
63042,95,195,5
63043,234,832,2
63044,698,482,2
63045,606,963,5
63046,768,966,4
63047,662,985,4
63048,682,249,3
63049,582,1014,4
63050,889,886,3
63051,618,127,5
63052,537,448,3
63053,479,95,4
63054,846,400,1
63055,450,620,4
63056,504,440,3
63057,710,334,2
63058,806,162,3
63059,802,484,3
63060,886,108,5
63061,889,73,3
63062,194,387,2
63063,882,105,3
63064,385,98,4
63065,450,310,4
63066,804,63,4
63067,297,210,4
63068,896,281,2
63069,660,230,3
63070,846,1182,2
63071,846,837,5
63072,429,28,3
63073,666,144,3
63074,372,674,5
63075,249,407,3
63076,758,231,3
63077,9,201,5
63078,804,826,3
63079,653,294,2
63080,682,274,4
63081,896,67,2
63082,727,29,3
63083,630,687,3
63084,717,975,2
63085,796,232,3
63086,886,273,2
63087,493,173,4
63088,603,216,4
63089,883,882,4
63090,886,419,3
63091,853,873,3
63092,18,22,5
63093,365,591,4
63094,698,199,2
63095,181,884,1
63096,244,249,4
63097,666,1021,5
63098,869,312,2
63099,533,120,1
63100,678,1115,3
63101,896,310,4
63102,51,181,5
63103,846,739,4
63104,506,323,3
63105,740,269,4
63106,665,12,4
63107,551,796,4
63108,481,484,4
63109,749,197,4
63110,878,126,3
63111,745,258,5
63112,727,435,3
63113,870,487,4
63114,500,821,2
63115,753,504,3
63116,388,680,5
63117,871,259,3
63118,798,283,5
63119,892,441,3
63120,450,618,4
63121,536,423,4
63122,332,307,5
63123,764,15,4
63124,814,443,3
63125,897,1,5
63126,642,1209,3
63127,554,756,3
63128,328,915,3
63129,594,357,4
63130,878,22,2
63131,279,373,4
63132,706,294,4
63133,682,948,2
63134,751,485,4
63135,399,181,3
63136,405,1311,1
63137,657,118,1
63138,777,521,5
63139,796,928,2
63140,779,71,4
63141,75,1152,1
63142,214,357,5
63143,848,195,3
63144,763,505,4
63145,848,99,3
63146,724,678,2
63147,642,122,2
63148,682,25,4
63149,405,161,1
63150,847,180,2
63151,847,183,4
63152,370,222,3
63153,851,313,4
63154,853,879,4
63155,419,275,5
63156,843,511,3
63157,606,173,5
63158,734,165,3
63159,458,603,4
63160,659,98,4
63161,825,1016,3
63162,663,1051,3
63163,711,241,4
63164,894,269,3
63165,560,476,2
63166,655,1296,3
63167,844,109,2
63168,314,508,3
63169,831,250,5
63170,293,420,4
63171,518,288,3
63172,363,429,5
63173,820,264,3
63174,399,378,3
63175,561,675,3
63176,383,205,4
63177,815,404,4
63178,504,939,4
63179,537,486,3
63180,862,433,4
63181,658,7,4
63182,271,690,4
63183,513,252,5
63184,839,220,3
63185,705,720,5
63186,469,199,4
63187,727,239,4
63188,393,597,3
63189,890,237,3
63190,293,571,2
63191,679,223,5
63192,450,300,4
63193,622,482,3
63194,788,492,3
63195,642,356,4
63196,758,273,4
63197,664,302,4
63198,347,200,4
63199,833,597,1
63200,826,627,4
63201,864,603,4
63202,131,744,4
63203,653,53,2
63204,829,640,3
63205,828,213,2
63206,717,678,3
63207,345,87,5
63208,7,546,4
63209,690,554,3
63210,291,1090,2
63211,423,307,3
63212,787,324,2
63213,328,657,4
63214,830,97,4
63215,540,628,3
63216,75,1048,4
63217,13,202,5
63218,807,678,3
63219,707,212,4
63220,862,429,5
63221,507,250,5
63222,890,181,4
63223,823,160,4
63224,620,123,3
63225,158,217,5
63226,693,378,2
63227,421,709,4
63228,694,511,5
63229,271,480,4
63230,890,89,4
63231,632,385,4
63232,547,289,3
63233,684,168,4
63234,618,109,2
63235,14,473,5
63236,398,72,3
63237,705,623,5
63238,823,164,3
63239,864,123,4
63240,588,82,5
63241,696,906,3
63242,222,537,4
63243,796,1,2
63244,846,172,4
63245,880,597,3
63246,727,926,3
63247,577,161,5
63248,698,588,4
63249,541,404,4
63250,853,292,4
63251,746,449,1
63252,705,89,2
63253,890,340,4
63254,750,683,1
63255,788,474,3
63256,790,288,4
63257,867,1608,2
63258,897,597,5
63259,451,330,3
63260,707,606,4
63261,887,993,5
63262,374,572,2
63263,839,129,4
63264,833,434,3
63265,881,141,3
63266,463,819,1
63267,818,322,2
63268,704,175,3
63269,626,258,4
63270,840,97,3
63271,796,183,5
63272,524,241,5
63273,18,210,5
63274,141,409,5
63275,621,676,3
63276,354,602,3
63277,535,699,4
63278,710,874,3
63279,379,193,4
63280,741,423,3
63281,758,33,4
63282,727,246,4
63283,790,231,4
63284,764,432,5
63285,565,381,2
63286,698,648,4
63287,249,179,5
63288,868,232,1
63289,56,50,5
63290,881,281,3
63291,675,318,5
63292,537,272,4
63293,889,655,4
63294,890,163,3
63295,683,22,4
63296,586,451,4
63297,892,226,3
63298,807,73,3
63299,606,260,3
63300,747,268,5
63301,846,238,5
63302,398,202,3
63303,795,386,3
63304,233,127,5
63305,641,50,3
63306,393,687,3
63307,814,675,3
63308,655,1214,2
63309,793,288,4
63310,825,258,4
63311,826,232,3
63312,535,425,5
63313,880,1284,4
63314,149,245,3
63315,658,86,4
63316,887,369,5
63317,770,93,5
63318,505,471,4
63319,831,150,3
63320,852,841,4
63321,880,879,3
63322,749,232,4
63323,322,346,3
63324,728,285,4
63325,554,1012,3
63326,684,49,4
63327,863,242,4
63328,496,150,2
63329,862,121,5
63330,864,215,4
63331,508,208,5
63332,747,508,5
63333,234,557,1
63334,639,582,3
63335,617,1021,4
63336,758,780,5
63337,450,114,5
63338,47,301,4
63339,880,451,2
63340,677,678,4
63341,883,709,5
63342,442,68,3
63343,889,1103,2
63344,845,1434,4
63345,334,225,3
63346,749,96,5
63347,731,196,5
63348,846,606,4
63349,387,430,3
63350,7,443,5
63351,766,175,3
63352,830,523,4
63353,701,311,5
63354,430,528,4
63355,299,93,2
63356,70,684,3
63357,456,1017,4
63358,271,792,4
63359,194,657,4
63360,537,1005,3
63361,805,541,3
63362,271,763,3
63363,897,472,5
63364,374,527,4
63365,789,50,5
63366,653,179,4
63367,731,427,5
63368,773,176,4
63369,561,70,4
63370,561,86,4
63371,863,361,5
63372,685,299,2
63373,887,1,5
63374,13,750,5
63375,379,644,5
63376,85,1070,4
63377,399,144,3
63378,697,288,2
63379,881,112,2
63380,632,82,4
63381,889,728,3
63382,554,204,5
63383,373,80,3
63384,198,462,3
63385,727,167,2
63386,676,471,3
63387,387,248,4
63388,833,1231,4
63389,878,212,3
63390,623,210,5
63391,781,174,5
63392,13,817,1
63393,171,288,2
63394,758,657,5
63395,458,129,4
63396,374,756,3
63397,165,174,4
63398,313,654,5
63399,648,275,5
63400,901,275,3
63401,780,187,5
63402,727,369,2
63403,655,375,2
63404,545,98,5
63405,823,642,4
63406,489,902,4
63407,181,847,1
63408,894,302,4
63409,379,96,5
63410,825,515,4
63411,846,673,4
63412,545,423,4
63413,495,665,1
63414,43,542,3
63415,572,319,4
63416,760,1037,5
63417,880,1001,2
63418,627,100,5
63419,751,226,3
63420,417,172,3
63421,505,127,1
63422,780,511,5
63423,271,2,1
63424,293,175,2
63425,629,475,4
63426,543,792,4
63427,494,121,4
63428,13,506,5
63429,488,289,1
63430,843,672,3
63431,886,118,1
63432,757,432,3
63433,209,1086,4
63434,586,83,2
63435,509,268,2
63436,815,1078,2
63437,803,688,1
63438,774,774,1
63439,369,179,4
63440,655,1256,3
63441,889,381,4
63442,308,185,4
63443,212,87,5
63444,634,544,3
63445,788,809,3
63446,545,78,2
63447,553,559,3
63448,577,1517,3
63449,168,458,1
63450,896,525,5
63451,7,651,5
63452,829,855,4
63453,23,367,4
63454,889,1267,3
63455,648,183,5
63456,840,495,3
63457,399,388,2
63458,493,369,2
63459,871,241,3
63460,682,881,3
63461,388,302,5
63462,379,331,4
63463,660,254,1
63464,417,596,3
63465,840,285,4
63466,896,212,2
63467,305,729,3
63468,765,522,5
63469,746,1,4
63470,592,358,1
63471,314,283,4
63472,65,25,4
63473,682,98,4
63474,503,277,4
63475,892,1219,2
63476,716,601,4
63477,707,311,4
63478,484,274,4
63479,385,855,5
63480,774,692,1
63481,272,234,4
63482,585,165,4
63483,666,163,3
63484,487,222,4
63485,892,661,5
63486,867,498,4
63487,617,859,3
63488,723,169,4
63489,750,288,4
63490,827,690,3
63491,429,433,3
63492,599,288,4
63493,573,180,4
63494,665,257,3
63495,598,347,3
63496,676,890,1
63497,416,38,3
63498,574,340,1
63499,749,746,5
63500,716,393,3
63501,561,87,3
63502,749,322,4
63503,405,229,1
63504,647,121,4
63505,654,215,4
63506,410,323,3
63507,805,5,4
63508,491,284,3
63509,371,449,3
63510,779,21,5
63511,627,471,3
63512,283,91,5
63513,343,410,3
63514,201,468,4
63515,773,1240,3
63516,713,342,3
63517,236,179,1
63518,749,237,3
63519,545,117,4
63520,21,769,1
63521,42,941,4
63522,13,69,4
63523,848,95,5
63524,718,1047,3
63525,892,432,4
63526,870,704,3
63527,629,193,5
63528,116,603,3
63529,746,222,3
63530,864,245,4
63531,896,136,5
63532,875,923,5
63533,709,508,4
63534,698,172,5
63535,813,988,3
63536,878,402,4
63537,721,77,5
63538,493,151,3
63539,853,301,1
63540,899,208,3
63541,901,509,4
63542,741,478,5
63543,727,79,4
63544,782,681,3
63545,826,11,4
63546,142,147,1
63547,221,1098,4
63548,833,385,3
63549,896,752,1
63550,311,1297,4
63551,505,742,4
63552,291,173,5
63553,450,511,5
63554,592,333,5
63555,316,174,1
63556,548,79,5
63557,385,59,2
63558,666,607,4
63559,747,1159,2
63560,779,195,5
63561,840,79,4
63562,622,1408,1
63563,715,1215,1
63564,365,316,4
63565,798,805,4
63566,749,510,4
63567,657,282,3
63568,825,281,3
63569,398,178,5
63570,503,1475,5
63571,764,743,1
63572,648,431,5
63573,878,71,4
63574,705,826,4
63575,457,226,3
63576,141,407,2
63577,846,1239,2
63578,774,528,4
63579,702,227,4
63580,671,226,3
63581,380,215,3
63582,642,141,4
63583,602,1,4
63584,798,280,2
63585,690,581,2
63586,409,435,3
63587,766,568,2
63588,833,558,4
63589,763,144,3
63590,286,988,3
63591,551,597,4
63592,677,14,1
63593,875,514,5
63594,125,709,3
63595,640,346,4
63596,13,902,3
63597,495,1245,5
63598,661,8,5
63599,457,378,4
63600,848,165,5
63601,627,230,4
63602,824,292,3
63603,833,185,5
63604,655,238,3
63605,727,127,4
63606,428,294,4
63607,561,511,4
63608,882,559,3
63609,719,293,3
63610,339,655,4
63611,368,127,4
63612,579,1110,1
63613,288,197,5
63614,881,630,4
63615,584,431,3
63616,777,1079,2
63617,886,173,5
63618,831,174,5
63619,634,288,3
63620,844,216,5
63621,682,151,5
63622,840,531,5
63623,18,72,3
63624,748,153,4
63625,771,1,5
63626,782,1251,3
63627,22,62,4
63628,363,735,3
63629,650,214,3
63630,90,1136,3
63631,889,402,3
63632,699,340,4
63633,731,705,5
63634,506,855,4
63635,840,507,4
63636,880,802,3
63637,533,934,3
63638,519,350,5
63639,276,501,4
63640,699,191,3
63641,705,99,3
63642,648,1028,2
63643,717,280,4
63644,711,496,5
63645,429,473,3
63646,504,517,4
63647,618,962,1
63648,655,899,2
63649,867,295,4
63650,753,180,2
63651,64,132,4
63652,804,511,4
63653,715,697,2
63654,882,15,5
63655,629,132,5
63656,727,5,3
63657,263,260,2
63658,894,845,3
63659,823,692,4
63660,831,258,2
63661,846,578,3
63662,287,235,4
63663,826,802,4
63664,897,214,5
63665,493,24,4
63666,730,410,1
63667,787,750,5
63668,44,194,5
63669,805,725,3
63670,712,729,5
63671,405,168,1
63672,385,427,4
63673,406,672,2
63674,506,518,4
63675,279,100,4
63676,852,515,5
63677,577,627,5
63678,664,56,4
63679,453,4,4
63680,843,450,2
63681,75,508,4
63682,188,194,3
63683,429,72,2
63684,248,121,2
63685,830,313,5
63686,62,704,2
63687,592,346,4
63688,821,106,2
63689,891,50,4
63690,619,566,4
63691,298,199,4
63692,788,1277,3
63693,391,215,4
63694,878,530,5
63695,416,614,5
63696,664,702,4
63697,881,151,2
63698,595,222,3
63699,881,118,4
63700,764,13,2
63701,625,1020,3
63702,896,686,3
63703,145,106,4
63704,623,216,4
63705,568,479,5
63706,899,694,5
63707,262,650,4
63708,189,433,5
63709,738,161,4
63710,746,202,5
63711,470,1084,3
63712,717,307,5
63713,903,1132,3
63714,533,182,3
63715,604,218,3
63716,637,1244,1
63717,13,690,3
63718,848,640,1
63719,721,181,5
63720,580,348,3
63721,670,611,5
63722,782,298,4
63723,826,228,3
63724,758,20,4
63725,595,864,4
63726,586,54,3
63727,493,154,4
63728,655,251,3
63729,880,1267,4
63730,145,222,5
63731,846,232,3
63732,835,197,5
63733,899,209,5
63734,804,24,5
63735,822,926,2
63736,886,208,3
63737,212,317,5
63738,894,752,3
63739,394,771,4
63740,277,221,4
63741,784,898,4
63742,543,423,3
63743,621,367,3
63744,854,147,3
63745,889,81,4
63746,808,245,4
63747,699,127,3
63748,174,1091,3
63749,552,280,3
63750,565,515,5
63751,868,101,4
63752,693,79,4
63753,806,133,5
63754,880,118,3
63755,597,118,3
63756,606,678,3
63757,606,206,4
63758,774,826,2
63759,230,161,5
63760,588,117,4
63761,697,833,3
63762,776,635,4
63763,389,77,2
63764,851,132,4
63765,896,849,2
63766,894,255,3
63767,539,275,4
63768,805,99,2
63769,13,558,1
63770,896,744,3
63771,110,54,4
63772,498,10,5
63773,880,1518,2
63774,648,1029,2
63775,177,1110,3
63776,796,222,5
63777,804,181,5
63778,761,471,3
63779,442,410,4
63780,805,259,1
63781,561,238,4
63782,472,1014,4
63783,880,4,4
63784,886,357,4
63785,492,527,5
63786,452,815,2
63787,882,1015,3
63788,402,510,5
63789,507,50,5
63790,821,763,3
63791,379,381,5
63792,904,9,4
63793,886,3,3
63794,303,1182,2
63795,397,268,4
63796,533,143,4
63797,18,59,4
63798,833,665,3
63799,264,675,4
63800,819,303,4
63801,795,217,1
63802,889,1074,3
63803,545,566,4
63804,235,82,2
63805,456,1198,4
63806,378,239,3
63807,887,111,5
63808,889,576,3
63809,520,310,4
63810,537,539,1
63811,758,109,3
63812,587,877,2
63813,786,732,4
63814,291,249,4
63815,546,313,2
63816,617,345,1
63817,619,808,3
63818,401,471,4
63819,533,126,4
63820,357,456,3
63821,815,501,3
63822,587,330,3
63823,760,172,3
63824,823,1135,3
63825,883,30,4
63826,334,753,4
63827,886,7,5
63828,514,216,5
63829,177,678,3
63830,707,194,4
63831,774,926,1
63832,454,317,4
63833,732,305,2
63834,837,20,4
63835,43,546,4
63836,706,471,4
63837,758,186,5
63838,390,258,5
63839,883,194,3
63840,112,310,4
63841,659,792,4
63842,667,216,4
63843,500,407,3
63844,622,111,4
63845,868,403,2
63846,907,1057,3
63847,846,229,3
63848,766,729,3
63849,463,1606,2
63850,864,124,5
63851,487,546,3
63852,655,1268,3
63853,796,403,4
63854,303,866,2
63855,731,1503,5
63856,577,735,5
63857,543,13,3
63858,711,829,2
63859,568,641,5
63860,704,603,5
63861,839,950,4
63862,840,638,3
63863,871,337,3
63864,880,578,3
63865,870,238,4
63866,666,26,3
63867,682,393,4
63868,653,638,1
63869,791,322,4
63870,905,333,3
63871,774,200,2
63872,868,1028,3
63873,780,496,4
63874,553,611,5
63875,764,289,5
63876,456,461,4
63877,588,1240,5
63878,433,276,5
63879,697,50,5
63880,380,238,3
63881,339,222,4
63882,487,259,2
63883,846,1540,3
63884,795,3,2
63885,6,170,4
63886,6,223,4
63887,874,321,3
63888,63,259,3
63889,907,763,5
63890,757,155,2
63891,757,101,4
63892,833,1071,3
63893,904,289,5
63894,524,1041,2
63895,499,663,5
63896,826,101,5
63897,454,66,4
63898,711,52,5
63899,812,748,5
63900,406,132,5
63901,567,297,3
63902,655,1267,2
63903,763,73,3
63904,435,820,1
63905,345,781,3
63906,474,434,4
63907,798,1283,4
63908,896,458,1
63909,749,24,2
63910,659,490,4
63911,570,289,1
63912,276,575,2
63913,530,196,5
63914,862,276,5
63915,896,48,4
63916,233,435,5
63917,197,947,2
63918,757,658,2
63919,543,174,4
63920,801,326,4
63921,561,1478,3
63922,887,279,5
63923,659,88,2
63924,897,478,3
63925,715,405,3
63926,234,204,2
63927,727,196,4
63928,650,662,3
63929,854,535,3
63930,881,88,3
63931,826,432,3
63932,567,109,2
63933,792,129,4
63934,387,181,4
63935,505,1063,3
63936,553,275,5
63937,854,333,3
63938,774,227,5
63939,479,66,3
63940,317,678,2
63941,887,200,1
63942,303,21,2
63943,234,243,1
63944,226,513,3
63945,864,1135,3
63946,642,560,4
63947,850,172,5
63948,726,1059,5
63949,689,295,1
63950,682,135,4
63951,846,723,2
63952,826,53,5
63953,798,862,3
63954,830,181,5
63955,758,1007,5
63956,592,172,5
63957,881,642,4
63958,761,476,2
63959,894,1016,3
63960,846,748,3
63961,833,403,1
63962,751,1101,1
63963,322,505,4
63964,868,651,5
63965,263,199,5
63966,537,149,3
63967,280,550,2
63968,795,153,3
63969,387,477,1
63970,437,145,1
63971,491,319,1
63972,611,301,4
63973,468,297,4
63974,729,288,2
63975,871,781,4
63976,409,505,5
63977,501,411,4
63978,188,174,5
63979,815,713,4
63980,378,89,4
63981,627,68,4
63982,244,234,3
63983,870,52,2
63984,406,606,3
63985,659,97,5
63986,608,603,5
63987,666,480,4
63988,798,79,4
63989,774,161,2
63990,459,873,4
63991,201,1056,2
63992,580,1,3
63993,892,73,3
63994,553,480,5
63995,864,349,4
63996,794,1,4
63997,468,153,5
63998,840,513,5
63999,551,570,4
64000,715,79,5
64001,896,684,4
64002,881,282,4
64003,506,186,4
64004,535,223,5
64005,907,619,2
64006,630,237,5
64007,758,864,4
64008,543,515,4
64009,655,644,3
64010,896,713,2
64011,804,143,3
64012,795,581,4
64013,823,286,5
64014,757,570,3
64015,759,1,5
64016,293,429,4
64017,706,742,2
64018,181,410,1
64019,596,149,3
64020,639,549,2
64021,561,780,1
64022,737,173,4
64023,238,1258,1
64024,836,659,5
64025,108,7,5
64026,174,132,2
64027,890,172,5
64028,468,318,5
64029,738,88,3
64030,405,755,2
64031,255,7,2
64032,796,474,2
64033,875,171,5
64034,648,219,4
64035,792,696,3
64036,902,258,3
64037,821,435,4
64038,672,280,2
64039,643,42,4
64040,735,286,5
64041,629,300,4
64042,848,1101,5
64043,281,271,5
64044,500,735,4
64045,896,318,4
64046,661,219,2
64047,699,98,4
64048,506,8,5
64049,82,125,3
64050,855,60,3
64051,896,384,2
64052,833,552,3
64053,559,180,4
64054,312,648,5
64055,268,186,3
64056,588,1074,5
64057,344,22,3
64058,763,56,5
64059,830,202,5
64060,648,780,1
64061,851,932,3
64062,634,322,3
64063,645,772,3
64064,222,255,3
64065,567,679,4
64066,533,132,5
64067,804,615,5
64068,639,528,4
64069,738,474,4
64070,427,286,4
64071,373,197,3
64072,537,380,2
64073,796,38,5
64074,741,403,5
64075,859,762,5
64076,851,258,4
64077,533,88,4
64078,628,338,5
64079,894,638,3
64080,201,733,3
64081,417,171,3
64082,532,79,5
64083,821,318,5
64084,637,225,3
64085,897,127,5
64086,661,538,3
64087,294,281,3
64088,625,514,3
64089,293,235,3
64090,880,243,2
64091,4,324,5
64092,766,662,3
64093,595,336,2
64094,334,275,4
64095,497,590,2
64096,750,879,4
64097,891,591,4
64098,293,100,4
64099,841,323,3
64100,486,678,1
64101,815,393,4
64102,414,340,4
64103,682,246,5
64104,621,395,4
64105,617,269,1
64106,514,191,5
64107,898,288,4
64108,187,186,4
64109,877,640,2
64110,903,100,5
64111,901,1049,3
64112,503,226,5
64113,584,25,3
64114,734,318,5
64115,788,1273,3
64116,388,871,2
64117,655,301,2
64118,872,932,4
64119,692,1012,1
64120,765,971,4
64121,18,52,5
64122,846,540,2
64123,895,597,2
64124,18,716,5
64125,758,185,4
64126,507,597,5
64127,109,11,4
64128,663,183,4
64129,397,748,2
64130,690,121,3
64131,751,538,4
64132,271,539,1
64133,402,116,3
64134,566,736,4
64135,270,603,5
64136,456,1081,4
64137,553,1126,4
64138,896,325,1
64139,635,237,3
64140,603,176,2
64141,601,8,3
64142,618,65,3
64143,85,64,5
64144,655,79,5
64145,782,338,2
64146,705,225,4
64147,473,1007,4
64148,515,347,3
64149,868,176,4
64150,524,228,3
64151,907,100,5
64152,906,100,4
64153,682,26,3
64154,540,20,4
64155,276,531,4
64156,645,65,4
64157,868,202,3
64158,741,281,2
64159,497,790,2
64160,826,174,5
64161,221,578,4
64162,601,230,4
64163,524,1101,4
64164,655,1100,3
64165,835,281,4
64166,417,732,4
64167,222,654,3
64168,11,748,1
64169,862,11,4
64170,889,1134,4
64171,500,245,2
64172,454,468,3
64173,588,1180,2
64174,669,133,4
64175,442,150,4
64176,880,182,5
64177,789,294,3
64178,896,789,2
64179,621,240,4
64180,871,275,3
64181,899,216,5
64182,807,374,3
64183,75,988,2
64184,697,455,4
64185,429,672,2
64186,312,143,4
64187,769,1028,3
64188,453,354,4
64189,890,443,4
64190,655,171,2
64191,642,473,1
64192,165,127,4
64193,853,323,3
64194,374,762,5
64195,716,520,4
64196,758,452,3
64197,314,710,3
64198,416,938,3
64199,430,148,2
64200,707,962,2
64201,44,756,3
64202,292,150,4
64203,49,455,1
64204,328,1021,3
64205,87,804,3
64206,559,195,3
64207,21,628,3
64208,370,525,4
64209,778,180,4
64210,193,286,4
64211,411,1,4
64212,752,327,5
64213,655,356,3
64214,726,310,4
64215,262,369,2
64216,864,98,5
64217,870,17,4
64218,246,227,4
64219,493,174,3
64220,752,1294,3
64221,568,512,1
64222,661,172,5
64223,747,482,5
64224,94,568,3
64225,416,1077,1
64226,790,17,2
64227,845,269,4
64228,906,121,4
64229,863,1038,1
64230,793,250,4
64231,882,815,2
64232,788,471,3
64233,98,988,1
64234,144,174,5
64235,805,93,5
64236,601,455,4
64237,409,100,5
64238,561,479,4
64239,435,655,2
64240,458,238,4
64241,879,151,3
64242,804,558,3
64243,872,1,3
64244,551,596,5
64245,774,431,4
64246,778,56,3
64247,397,991,1
64248,181,108,1
64249,782,1588,3
64250,104,268,3
64251,537,607,4
64252,889,382,2
64253,178,51,4
64254,753,23,2
64255,868,474,4
64256,634,116,3
64257,903,318,5
64258,643,679,3
64259,200,230,5
64260,704,344,4
64261,621,161,3
64262,640,313,5
64263,758,959,3
64264,639,381,2
64265,407,844,2
64266,181,1011,1
64267,814,219,4
64268,892,127,5
64269,437,559,3
64270,449,251,3
64271,642,679,2
64272,7,70,1
64273,805,180,3
64274,327,180,4
64275,586,1249,3
64276,263,28,3
64277,659,174,4
64278,393,333,4
64279,165,187,3
64280,807,140,3
64281,232,589,3
64282,896,159,2
64283,840,747,4
64284,755,881,1
64285,802,7,5
64286,711,393,4
64287,894,288,3
64288,251,845,4
64289,396,117,4
64290,611,324,3
64291,113,292,3
64292,653,56,5
64293,275,181,4
64294,548,525,5
64295,486,742,2
64296,843,831,4
64297,479,204,4
64298,870,51,2
64299,319,301,4
64300,748,56,4
64301,660,83,3
64302,897,227,3
64303,526,333,3
64304,885,866,3
64305,346,188,4
64306,733,302,4
64307,807,101,4
64308,862,184,2
64309,887,1136,5
64310,642,732,4
64311,758,567,4
64312,729,748,4
64313,840,884,5
64314,711,423,3
64315,798,825,3
64316,904,97,4
64317,684,178,4
64318,864,294,4
64319,521,12,5
64320,824,304,3
64321,524,1421,5
64322,372,164,4
64323,882,471,4
64324,836,288,1
64325,497,432,3
64326,751,945,3
64327,889,494,3
64328,665,472,3
64329,537,958,2
64330,803,311,5
64331,653,4,3
64332,661,749,2
64333,239,209,5
64334,835,179,5
64335,870,559,2
64336,781,180,4
64337,875,133,4
64338,668,252,2
64339,671,79,2
64340,774,233,2
64341,407,186,4
64342,887,473,4
64343,863,258,5
64344,608,86,5
64345,847,258,5
64346,875,268,4
64347,757,121,2
64348,456,1134,4
64349,840,210,3
64350,178,781,4
64351,854,591,2
64352,535,520,4
64353,835,237,4
64354,498,772,1
64355,648,104,1
64356,881,98,5
64357,742,50,4
64358,499,886,4
64359,646,332,3
64360,881,97,3
64361,804,624,2
64362,537,963,3
64363,60,484,5
64364,571,357,4
64365,537,640,3
64366,632,11,4
64367,634,595,4
64368,508,210,4
64369,336,781,3
64370,326,195,4
64371,896,186,4
64372,456,1240,3
64373,690,546,4
64374,774,98,4
64375,539,603,4
64376,469,507,5
64377,512,286,5
64378,303,432,3
64379,831,331,4
64380,849,298,5
64381,889,56,5
64382,654,137,4
64383,308,472,2
64384,849,588,5
64385,833,647,4
64386,758,1019,4
64387,716,99,5
64388,674,222,3
64389,880,252,2
64390,350,98,4
64391,815,188,3
64392,883,1045,5
64393,452,1013,1
64394,900,458,2
64395,805,95,3
64396,650,603,4
64397,694,88,4
64398,455,291,3
64399,577,405,3
64400,450,435,4
64401,200,9,4
64402,468,427,5
64403,666,482,4
64404,487,179,3
64405,559,587,4
64406,898,319,5
64407,188,510,3
64408,201,1174,5
64409,608,262,3
64410,334,689,3
64411,561,1170,3
64412,151,371,4
64413,31,306,3
64414,416,323,3
64415,820,301,2
64416,230,431,3
64417,406,582,4
64418,453,402,3
64419,527,1101,4
64420,81,928,4
64421,334,186,3
64422,250,55,5
64423,885,432,4
64424,882,8,5
64425,279,1244,3
64426,459,1038,4
64427,406,485,3
64428,327,174,4
64429,899,685,3
64430,387,583,4
64431,749,576,3
64432,756,111,4
64433,796,684,5
64434,727,411,3
64435,766,217,4
64436,618,164,3
64437,823,423,5
64438,701,689,3
64439,299,97,4
64440,521,89,3
64441,537,1445,3
64442,864,951,3
64443,535,198,4
64444,607,707,4
64445,262,86,3
64446,660,151,5
64447,826,588,4
64448,268,550,2
64449,268,940,2
64450,387,435,3
64451,900,137,3
64452,538,96,4
64453,758,421,4
64454,711,747,4
64455,259,39,4
64456,798,321,3
64457,592,1067,5
64458,840,153,3
64459,484,419,4
64460,703,25,3
64461,472,175,5
64462,332,827,4
64463,886,1324,2
64464,363,393,4
64465,379,428,4
64466,585,52,3
64467,782,260,2
64468,868,615,4
64469,773,393,2
64470,760,204,4
64471,659,185,4
64472,13,274,3
64473,823,159,3
64474,379,529,4
64475,557,197,5
64476,395,100,4
64477,664,531,2
64478,399,223,3
64479,849,27,5
64480,524,818,3
64481,892,604,5
64482,381,1115,4
64483,908,56,4
64484,831,328,3
64485,735,298,4
64486,534,748,4
64487,889,211,4
64488,361,186,3
64489,780,657,3
64490,345,137,4
64491,588,550,3
64492,311,726,3
64493,684,282,4
64494,774,79,2
64495,82,112,1
64496,828,52,3
64497,395,186,5
64498,886,17,4
64499,868,179,4
64500,826,403,4
64501,309,286,4
64502,811,323,5
64503,796,1037,2
64504,900,130,1
64505,442,436,3
64506,378,928,2
64507,653,200,4
64508,159,866,5
64509,758,414,4
64510,903,994,3
64511,437,253,1
64512,884,179,5
64513,702,538,4
64514,744,657,5
64515,454,136,3
64516,673,301,3
64517,95,419,4
64518,717,890,1
64519,645,616,3
64520,821,234,5
64521,613,1315,4
64522,644,181,4
64523,456,208,4
64524,577,663,5
64525,881,924,3
64526,774,795,1
64527,694,673,4
64528,655,1041,3
64529,464,264,4
64530,829,14,2
64531,256,322,4
64532,796,720,4
64533,354,168,5
64534,747,287,4
64535,682,631,3
64536,472,79,5
64537,334,529,5
64538,417,228,3
64539,569,294,2
64540,862,479,4
64541,850,969,5
64542,804,133,3
64543,826,56,5
64544,610,318,5
64545,840,213,4
64546,405,1076,2
64547,377,258,4
64548,663,655,4
64549,867,195,5
64550,13,511,5
64551,180,191,4
64552,804,559,3
64553,845,1463,1
64554,733,282,3
64555,558,283,3
64556,495,179,5
64557,719,79,4
64558,800,257,4
64559,686,527,3
64560,554,289,4
64561,727,1303,2
64562,429,8,3
64563,805,934,1
64564,538,318,5
64565,624,245,3
64566,621,455,4
64567,655,709,3
64568,876,178,4
64569,334,815,3
64570,39,339,3
64571,181,1171,1
64572,493,118,4
64573,626,323,1
64574,889,568,3
64575,311,942,5
64576,880,280,2
64577,233,168,5
64578,379,419,4
64579,783,887,5
64580,788,519,4
64581,916,467,3
64582,798,239,4
64583,782,539,3
64584,823,184,3
64585,804,419,3
64586,911,357,4
64587,663,180,4
64588,421,218,4
64589,838,111,4
64590,813,358,3
64591,486,1609,3
64592,332,255,4
64593,659,1297,2
64594,450,748,4
64595,617,174,1
64596,847,168,4
64597,650,427,4
64598,642,156,1
64599,711,114,5
64600,62,171,4
64601,634,475,5
64602,771,403,4
64603,896,82,3
64604,821,1,5
64605,912,238,4
64606,881,81,3
64607,505,495,3
64608,56,114,4
64609,456,433,4
64610,883,20,4
64611,460,117,3
64612,912,1041,4
64613,776,196,3
64614,870,1041,2
64615,566,387,4
64616,831,347,3
64617,806,433,4
64618,18,419,3
64619,506,271,4
64620,504,717,4
64621,887,210,5
64622,371,185,3
64623,705,215,2
64624,782,993,3
64625,539,269,5
64626,301,128,5
64627,716,546,1
64628,711,77,3
64629,357,150,4
64630,847,410,1
64631,885,596,4
64632,747,631,5
64633,908,414,3
64634,896,144,4
64635,300,687,2
64636,880,347,5
64637,390,9,5
64638,624,1,4
64639,479,8,5
64640,63,3,2
64641,407,216,4
64642,629,55,4
64643,800,1047,3
64644,875,582,5
64645,847,176,3
64646,312,419,3
64647,825,717,4
64648,863,294,4
64649,294,276,4
64650,699,21,3
64651,804,323,4
64652,890,324,4
64653,18,714,4
64654,749,160,3
64655,894,221,4
64656,868,122,3
64657,468,529,3
64658,398,1041,3
64659,412,357,4
64660,870,92,4
64661,605,405,3
64662,102,1052,2
64663,894,1142,4
64664,862,175,5
64665,880,1002,3
64666,798,1544,3
64667,548,628,2
64668,840,203,5
64669,825,14,3
64670,532,633,5
64671,636,813,5
64672,456,1020,4
64673,532,480,5
64674,655,8,3
64675,434,476,4
64676,434,288,5
64677,543,237,4
64678,759,121,5
64679,828,1597,3
64680,320,238,4
64681,882,117,4
64682,345,1009,2
64683,90,171,2
64684,839,285,5
64685,896,385,4
64686,707,517,3
64687,821,70,4
64688,389,820,3
64689,758,569,3
64690,664,156,4
64691,894,328,4
64692,788,38,3
64693,908,156,3
64694,663,919,3
64695,863,1607,2
64696,472,375,5
64697,682,471,3
64698,806,195,3
64699,502,288,5
64700,789,181,4
64701,323,268,4
64702,630,496,3
64703,472,760,5
64704,650,423,3
64705,903,182,5
64706,487,628,4
64707,808,302,5
64708,582,235,3
64709,280,670,2
64710,551,357,5
64711,201,48,3
64712,815,418,4
64713,392,340,5
64714,914,724,3
64715,466,82,3
64716,168,118,4
64717,833,183,5
64718,723,289,2
64719,325,195,2
64720,548,310,3
64721,741,15,4
64722,303,1046,3
64723,839,319,1
64724,882,86,5
64725,152,724,5
64726,823,55,4
64727,887,1540,5
64728,788,222,3
64729,514,176,4
64730,608,131,4
64731,409,357,5
64732,334,150,4
64733,453,508,4
64734,334,846,3
64735,741,566,4
64736,608,483,4
64737,630,640,1
64738,393,879,3
64739,452,70,5
64740,276,508,5
64741,72,526,4
64742,894,249,3
64743,684,100,4
64744,844,625,3
64745,738,238,4
64746,842,269,5
64747,345,5,3
64748,650,294,3
64749,648,89,4
64750,881,291,3
64751,862,111,5
64752,883,16,4
64753,177,183,4
64754,825,926,4
64755,23,195,4
64756,795,150,3
64757,503,234,5
64758,506,233,4
64759,823,155,3
64760,279,1088,4
64761,269,521,4
64762,875,474,5
64763,769,405,2
64764,606,806,5
64765,606,234,4
64766,416,90,4
64767,334,220,3
64768,757,62,3
64769,751,746,4
64770,795,182,4
64771,721,938,3
64772,725,15,4
64773,752,305,4
64774,851,123,4
64775,885,186,4
64776,234,622,2
64777,451,1395,1
64778,192,1171,2
64779,757,122,1
64780,295,470,3
64781,642,739,5
64782,565,1622,4
64783,718,118,4
64784,852,181,4
64785,405,746,1
64786,548,742,5
64787,693,729,4
64788,424,508,3
64789,870,789,4
64790,560,483,5
64791,846,1267,3
64792,454,627,2
64793,847,39,2
64794,897,186,5
64795,11,318,5
64796,878,275,4
64797,561,676,3
64798,871,302,5
64799,650,186,4
64800,666,210,2
64801,647,70,3
64802,914,111,1
64803,638,435,3
64804,277,278,1
64805,693,222,2
64806,59,265,4
64807,722,756,3
64808,592,1070,5
64809,911,588,4
64810,11,449,3
64811,388,1,5
64812,885,70,5
64813,864,1119,3
64814,648,566,4
64815,839,292,3
64816,99,1048,4
64817,551,281,5
64818,504,127,5
64819,671,68,3
64820,847,234,2
64821,184,506,4
64822,174,280,5
64823,846,22,4
64824,621,94,2
64825,718,717,4
64826,682,890,2
64827,46,300,3
64828,916,1428,3
64829,169,443,4
64830,256,229,3
64831,548,226,5
64832,705,399,5
64833,152,596,2
64834,148,191,1
64835,454,465,3
64836,802,760,3
64837,716,514,5
64838,788,518,3
64839,804,378,4
64840,869,118,1
64841,887,181,5
64842,705,195,2
64843,493,234,5
64844,890,843,3
64845,798,259,5
64846,876,238,4
64847,795,727,3
64848,864,176,5
64849,846,64,4
64850,659,1138,4
64851,577,298,4
64852,586,930,2
64853,525,291,2
64854,896,133,2
64855,137,118,5
64856,478,591,3
64857,561,733,3
64858,877,955,4
64859,877,216,4
64860,715,157,4
64861,181,598,1
64862,659,1172,4
64863,757,385,3
64864,297,465,3
64865,658,212,3
64866,897,393,4
64867,499,425,3
64868,846,482,5
64869,194,367,3
64870,514,152,4
64871,561,1070,4
64872,756,210,4
64873,441,313,4
64874,398,414,3
64875,175,88,4
64876,468,952,3
64877,90,242,4
64878,440,749,3
64879,587,294,3
64880,20,633,4
64881,677,687,4
64882,782,292,4
64883,698,176,4
64884,880,831,4
64885,847,448,4
64886,692,326,3
64887,826,946,3
64888,385,61,2
64889,780,275,4
64890,716,480,5
64891,365,352,1
64892,392,191,5
64893,788,133,5
64894,378,382,4
64895,870,1134,4
64896,749,802,3
64897,618,924,4
64898,498,204,2
64899,774,418,2
64900,764,99,4
64901,537,964,3
64902,758,203,5
64903,728,742,4
64904,889,217,4
64905,13,152,5
64906,489,349,4
64907,757,68,4
64908,617,440,4
64909,497,364,3
64910,808,325,1
64911,905,258,3
64912,870,504,5
64913,479,201,4
64914,328,64,4
64915,643,33,3
64916,906,321,4
64917,647,568,4
64918,643,516,4
64919,733,1023,1
64920,622,121,1
64921,606,88,4
64922,870,272,4
64923,457,628,4
64924,416,803,3
64925,833,186,1
64926,452,492,4
64927,593,546,3
64928,782,324,2
64929,26,298,3
64930,551,168,5
64931,198,291,2
64932,878,736,5
64933,627,123,3
64934,457,566,4
64935,892,76,4
64936,292,603,5
64937,796,1041,5
64938,738,181,4
64939,393,538,3
64940,884,1214,1
64941,694,965,4
64942,377,895,3
64943,804,1047,3
64944,101,819,1
64945,32,7,4
64946,682,380,4
64947,805,735,4
64948,172,23,3
64949,423,127,4
64950,659,469,4
64951,560,211,4
64952,13,662,5
64953,773,1367,5
64954,896,398,2
64955,520,294,3
64956,864,7,5
64957,840,238,5
64958,844,151,4
64959,862,199,5
64960,234,466,4
64961,889,479,4
64962,560,617,3
64963,892,71,3
64964,682,552,3
64965,896,222,4
64966,593,763,3
64967,458,25,1
64968,493,257,5
64969,798,391,3
64970,834,343,4
64971,729,901,1
64972,742,237,4
64973,324,250,4
64974,474,491,4
64975,663,289,1
64976,896,273,5
64977,437,583,1
64978,232,900,5
64979,528,31,5
64980,449,288,3
64981,803,245,4
64982,452,576,2
64983,537,100,4
64984,373,177,3
64985,639,135,4
64986,750,305,4
64987,234,164,3
64988,345,262,5
64989,653,89,5
64990,828,306,3
64991,892,578,4
64992,618,136,3
64993,339,823,3
64994,416,451,5
64995,429,972,4
64996,101,225,3
64997,38,288,5
64998,871,947,2
64999,144,12,4
65000,546,898,4
65001,705,148,5
65002,222,541,2
65003,705,29,5
65004,445,460,2
65005,480,12,5
65006,423,879,3
65007,642,1179,3
65008,823,180,4
65009,533,474,3
65010,892,708,4
65011,774,947,2
65012,795,238,3
65013,828,1005,3
65014,363,73,2
65015,787,271,1
65016,733,149,4
65017,864,720,3
65018,198,31,3
65019,746,89,4
65020,807,231,4
65021,504,451,1
65022,586,779,3
65023,664,151,4
65024,883,529,5
65025,846,731,3
65026,751,756,2
65027,902,318,5
65028,804,472,3
65029,758,125,2
65030,221,150,5
65031,556,604,5
65032,294,258,3
65033,825,491,4
65034,54,240,4
65035,193,24,2
65036,643,185,5
65037,850,228,5
65038,802,396,2
65039,847,479,3
65040,831,326,4
65041,881,655,4
65042,911,168,4
65043,736,1278,1
65044,561,232,3
65045,561,510,3
65046,804,406,3
65047,825,176,5
65048,727,755,2
65049,679,721,3
65050,395,423,5
65051,667,196,5
65052,763,16,5
65053,719,378,4
65054,875,176,4
65055,865,122,3
65056,907,290,4
65057,859,846,5
65058,850,15,5
65059,38,326,5
65060,158,686,5
65061,686,430,4
65062,860,159,3
65063,880,928,2
65064,847,367,3
65065,143,307,4
65066,879,763,5
65067,639,52,3
65068,28,230,4
65069,577,742,4
65070,748,89,5
65071,786,871,1
65072,524,173,4
65073,868,151,5
65074,682,276,3
65075,896,98,5
65076,712,969,4
65077,314,934,4
65078,435,1240,4
65079,534,333,5
65080,524,98,3
65081,527,172,5
65082,632,55,2
65083,916,271,3
65084,916,232,3
65085,908,192,2
65086,880,8,4
65087,798,1183,1
65088,399,845,3
65089,660,307,3
65090,901,287,3
65091,893,264,3
65092,835,354,3
65093,307,222,4
65094,660,1483,3
65095,744,1,4
65096,773,354,2
65097,867,210,5
65098,540,473,3
65099,864,217,4
65100,871,883,3
65101,727,257,2
65102,311,198,3
65103,659,62,4
65104,660,135,4
65105,844,431,4
65106,894,273,3
65107,840,194,3
65108,582,748,3
65109,543,944,3
65110,457,1119,4
65111,702,343,2
65112,815,7,4
65113,211,1330,3
65114,796,280,4
65115,423,750,5
65116,833,325,4
65117,798,405,5
65118,125,90,5
65119,881,50,3
65120,650,15,3
65121,828,224,3
65122,13,62,5
65123,724,336,1
65124,194,97,3
65125,75,79,5
65126,416,690,5
65127,576,276,3
65128,566,2,5
65129,451,681,1
65130,141,1028,4
65131,871,237,3
65132,459,685,3
65133,660,41,1
65134,717,281,4
65135,727,444,2
65136,810,304,4
65137,798,228,3
65138,877,275,4
65139,640,761,5
65140,702,683,1
65141,880,235,3
65142,405,568,4
65143,25,1,5
65144,824,268,4
65145,466,50,5
65146,899,275,4
65147,830,820,1
65148,70,451,4
65149,85,630,3
65150,869,181,3
65151,535,529,3
65152,727,1244,3
65153,768,405,4
65154,622,49,3
65155,489,303,4
65156,198,248,3
65157,712,738,4
65158,271,692,4
65159,181,1329,1
65160,615,937,2
65161,536,144,4
65162,862,413,4
65163,793,696,3
65164,514,111,5
65165,648,25,2
65166,808,750,5
65167,907,724,5
65168,380,190,5
65169,681,294,5
65170,92,451,3
65171,342,289,2
65172,796,597,5
65173,867,11,3
65174,916,100,5
65175,13,53,1
65176,875,501,4
65177,593,133,4
65178,840,99,5
65179,739,97,5
65180,214,482,4
65181,298,174,5
65182,723,191,3
65183,833,451,1
65184,654,742,4
65185,293,436,3
65186,918,488,3
65187,757,546,3
65188,886,472,3
65189,840,509,3
65190,663,148,4
65191,891,278,4
65192,64,87,4
65193,806,511,5
65194,253,234,4
65195,486,280,2
65196,698,480,2
65197,764,356,4
65198,815,436,3
65199,840,655,5
65200,823,92,5
65201,727,510,4
65202,563,476,3
65203,611,307,4
65204,533,489,4
65205,833,1597,5
65206,648,23,3
65207,537,673,3
65208,605,471,3
65209,269,657,4
65210,10,709,4
65211,804,1056,4
65212,776,192,5
65213,774,205,4
65214,907,685,5
65215,627,2,3
65216,312,222,3
65217,660,722,1
65218,823,216,5
65219,617,635,4
65220,707,449,2
65221,804,948,1
65222,537,1006,2
65223,429,514,3
65224,790,436,4
65225,464,322,3
65226,864,356,4
65227,882,294,4
65228,591,285,5
65229,892,177,4
65230,825,307,4
65231,452,526,4
65232,569,273,3
65233,416,238,4
65234,897,928,5
65235,435,291,4
65236,806,475,4
65237,636,275,3
65238,830,435,5
65239,429,665,2
65240,747,30,5
65241,222,117,5
65242,868,209,4
65243,796,181,5
65244,318,216,4
65245,834,151,4
65246,899,231,1
65247,342,11,5
65248,919,1101,5
65249,637,596,2
65250,606,187,4
65251,535,47,5
65252,845,1394,4
65253,886,161,5
65254,840,297,5
65255,846,675,2
65256,456,616,3
65257,457,469,4
65258,416,1221,5
65259,622,511,4
65260,411,485,4
65261,690,1028,4
65262,733,619,3
65263,919,787,3
65264,921,24,3
65265,916,366,3
65266,738,81,4
65267,392,347,4
65268,782,1605,2
65269,600,771,3
65270,453,717,2
65271,524,1050,2
65272,543,692,4
65273,586,550,4
65274,397,313,4
65275,70,596,3
65276,861,275,5
65277,846,289,4
65278,693,492,3
65279,769,284,3
65280,884,166,3
65281,755,264,2
65282,910,182,4
65283,447,290,4
65284,864,132,5
65285,503,736,4
65286,6,340,2
65287,896,672,2
65288,532,1189,5
65289,383,496,5
65290,886,318,5
65291,532,1168,4
65292,433,269,5
65293,606,294,2
65294,200,720,4
65295,847,474,4
65296,883,752,4
65297,908,173,3
65298,551,460,3
65299,596,895,3
65300,326,175,1
65301,532,272,5
65302,271,188,2
65303,758,676,2
65304,786,724,4
65305,339,121,3
65306,903,409,4
65307,716,50,5
65308,399,769,3
65309,197,326,3
65310,766,136,3
65311,891,280,3
65312,76,156,3
65313,896,526,4
65314,665,411,4
65315,567,481,5
65316,606,238,4
65317,639,923,4
65318,337,392,5
65319,846,269,5
65320,840,170,4
65321,296,11,5
65322,711,288,1
65323,773,547,4
65324,853,887,2
65325,860,1061,3
65326,305,176,4
65327,664,715,3
65328,913,99,4
65329,773,1097,4
65330,561,171,5
65331,910,1012,4
65332,899,154,5
65333,500,1166,4
65334,670,606,4
65335,826,229,4
65336,807,404,3
65337,72,493,5
65338,823,197,5
65339,889,498,4
65340,749,157,3
65341,854,127,4
65342,113,874,5
65343,734,132,3
65344,892,649,5
65345,896,356,3
65346,840,180,5
65347,527,180,5
65348,519,1612,5
65349,717,125,4
65350,749,448,2
65351,726,1028,2
65352,846,378,4
65353,850,663,2
65354,846,480,5
65355,605,949,5
65356,916,1046,2
65357,758,1022,5
65358,707,303,3
65359,542,180,3
65360,716,88,4
65361,545,627,3
65362,655,250,3
65363,696,347,1
65364,536,489,4
65365,603,747,3
65366,751,270,4
65367,751,89,3
65368,832,876,3
65369,798,463,3
65370,838,187,3
65371,6,9,4
65372,582,269,4
65373,56,161,4
65374,514,95,4
65375,603,751,4
65376,662,1381,5
65377,862,24,4
65378,634,118,4
65379,834,347,4
65380,378,458,4
65381,194,177,3
65382,871,50,5
65383,660,430,4
65384,106,162,5
65385,653,518,2
65386,882,476,3
65387,790,1446,4
65388,195,431,3
65389,788,258,4
65390,815,969,5
65391,90,223,4
65392,735,7,3
65393,882,692,4
65394,554,273,3
65395,650,472,3
65396,338,180,4
65397,332,682,4
65398,293,193,3
65399,454,202,3
65400,903,746,2
65401,870,381,3
65402,91,69,5
65403,875,173,5
65404,886,697,1
65405,809,286,4
65406,712,140,4
65407,839,866,2
65408,901,78,4
65409,817,328,4
65410,575,111,1
65411,916,470,3
65412,871,690,3
65413,881,434,2
65414,467,1011,2
65415,800,597,4
65416,562,458,2
65417,426,646,3
65418,790,559,3
65419,512,183,5
65420,18,216,4
65421,450,727,4
65422,705,685,5
65423,537,274,2
65424,805,25,4
65425,587,268,4
65426,426,1020,4
65427,648,204,5
65428,805,396,4
65429,692,300,4
65430,854,220,4
65431,551,159,4
65432,883,256,5
65433,642,386,5
65434,325,737,4
65435,766,526,2
65436,158,56,5
65437,868,167,1
65438,767,28,4
65439,782,344,3
65440,262,66,3
65441,787,350,1
65442,54,245,4
65443,299,384,3
65444,682,156,5
65445,450,926,4
65446,311,76,4
65447,16,199,5
65448,435,649,3
65449,709,217,5
65450,846,31,4
65451,896,768,2
65452,916,160,3
65453,553,132,4
65454,907,340,2
65455,694,660,3
65456,537,511,5
65457,506,742,5
65458,758,496,3
65459,782,535,3
65460,187,435,4
65461,890,153,3
65462,901,22,5
65463,11,176,3
65464,634,9,5
65465,299,603,3
65466,664,627,1
65467,463,304,3
65468,560,284,3
65469,897,151,5
65470,577,237,4
65471,854,191,4
65472,653,1444,3
65473,438,1,4
65474,454,222,3
65475,532,420,4
65476,677,980,2
65477,645,212,4
65478,655,781,1
65479,382,1017,4
65480,561,483,4
65481,293,161,2
65482,627,33,1
65483,848,428,5
65484,222,99,3
65485,764,174,5
65486,758,1046,4
65487,362,300,5
65488,831,749,2
65489,907,591,5
65490,887,1035,5
65491,479,300,2
65492,545,328,4
65493,201,656,4
65494,305,33,3
65495,688,304,5
65496,798,821,5
65497,541,403,3
65498,896,123,3
65499,916,451,3
65500,600,4,4
65501,280,380,2
65502,94,177,5
65503,804,4,4
65504,823,186,4
65505,826,231,3
65506,429,1020,4
65507,751,742,3
65508,796,809,4
65509,857,19,4
65510,445,1014,1
65511,314,1253,4
65512,694,161,4
65513,843,142,2
65514,747,949,5
65515,216,276,4
65516,183,144,3
65517,699,273,3
65518,738,662,4
65519,828,190,3
65520,834,117,4
65521,422,117,2
65522,250,151,4
65523,749,686,4
65524,709,363,3
65525,535,507,5
65526,618,925,2
65527,222,1439,3
65528,744,276,4
65529,847,202,4
65530,739,187,4
65531,787,331,3
65532,683,311,3
65533,807,62,3
65534,705,684,3
65535,293,217,3
65536,561,3,3
65537,537,750,3
65538,897,419,4
65539,823,68,3
65540,864,64,5
65541,607,275,4
65542,426,205,4
65543,64,326,3
65544,603,180,4
65545,616,313,5
65546,379,47,5
65547,244,845,3
65548,763,173,4
65549,717,237,5
65550,843,252,3
65551,854,270,4
65552,315,301,2
65553,378,118,4
65554,299,4,3
65555,532,7,5
65556,887,768,4
65557,766,179,4
65558,897,473,3
65559,790,496,3
65560,910,100,4
65561,805,117,3
65562,594,242,4
65563,417,156,3
65564,666,494,4
65565,711,16,5
65566,860,301,2
65567,455,193,4
65568,687,895,4
65569,919,257,4
65570,529,880,4
65571,730,276,3
65572,627,849,4
65573,650,272,4
65574,870,181,4
65575,756,226,3
65576,178,331,4
65577,880,237,4
65578,912,204,2
65579,74,268,3
65580,908,55,3
65581,629,294,3
65582,859,1095,2
65583,450,1284,3
65584,830,241,4
65585,493,338,4
65586,825,1028,3
65587,854,619,2
65588,683,344,3
65589,243,10,4
65590,314,846,3
65591,883,1121,3
65592,506,482,5
65593,889,273,4
65594,880,728,4
65595,916,252,2
65596,201,182,4
65597,542,763,4
65598,915,304,3
65599,222,258,5
65600,330,405,5
65601,783,271,5
65602,653,973,2
65603,816,259,2
65604,770,742,4
65605,845,1022,2
65606,184,317,3
65607,889,129,5
65608,671,222,1
65609,633,498,2
65610,758,542,2
65611,561,173,4
65612,207,763,3
65613,407,796,2
65614,747,672,4
65615,881,77,2
65616,637,151,5
65617,826,768,3
65618,126,990,4
65619,804,1041,3
65620,908,288,4
65621,642,102,5
65622,286,734,2
65623,590,6,5
65624,412,969,3
65625,751,2,4
65626,502,271,5
65627,398,484,4
65628,514,144,3
65629,908,694,4
65630,606,333,5
65631,450,749,4
65632,524,70,4
65633,887,633,5
65634,922,161,3
65635,890,516,2
65636,848,588,3
65637,312,178,5
65638,796,185,4
65639,676,270,4
65640,450,284,4
65641,864,422,3
65642,843,432,2
65643,894,244,4
65644,497,553,2
65645,886,1073,4
65646,638,229,1
65647,454,402,3
65648,773,260,2
65649,712,655,5
65650,749,404,5
65651,877,732,4
65652,894,281,3
65653,823,282,3
65654,905,245,3
65655,331,634,3
65656,648,926,3
65657,435,496,4
65658,854,7,4
65659,199,813,3
65660,258,294,4
65661,354,1466,5
65662,790,215,2
65663,606,108,1
65664,892,54,3
65665,882,473,3
65666,663,508,4
65667,342,169,5
65668,556,318,5
65669,901,8,3
65670,918,131,3
65671,870,470,3
65672,504,307,4
65673,201,506,4
65674,506,44,4
65675,923,410,3
65676,354,433,3
65677,503,293,4
65678,798,1034,2
65679,123,185,4
65680,653,403,2
65681,886,483,4
65682,745,151,2
65683,31,519,4
65684,896,191,4
65685,65,111,4
65686,724,349,2
65687,808,262,5
65688,453,226,3
65689,537,478,4
65690,620,859,4
65691,311,380,4
65692,405,942,1
65693,805,172,4
65694,543,2,3
65695,914,88,2
65696,665,186,4
65697,500,831,3
65698,427,289,5
65699,276,71,4
65700,911,435,5
65701,44,50,5
65702,7,71,5
65703,403,257,2
65704,378,160,2
65705,407,504,3
65706,828,958,5
65707,174,988,1
65708,829,275,4
65709,862,978,3
65710,425,265,3
65711,870,131,4
65712,790,1048,4
65713,705,94,4
65714,727,1034,2
65715,498,185,4
65716,758,76,3
65717,234,749,3
65718,407,930,2
65719,276,1145,2
65720,803,988,1
65721,840,8,5
65722,95,715,1
65723,810,321,5
65724,474,616,4
65725,246,133,3
65726,13,862,3
65727,643,1065,4
65728,313,481,4
65729,798,158,2
65730,378,543,4
65731,806,12,5
65732,901,988,4
65733,890,1065,3
65734,398,447,2
65735,712,585,4
65736,592,443,5
65737,577,172,4
65738,766,177,3
65739,315,303,4
65740,256,986,5
65741,913,58,5
65742,216,508,4
65743,94,172,4
65744,534,1054,5
65745,868,423,2
65746,861,736,4
65747,790,977,1
65748,880,363,4
65749,902,295,2
65750,751,490,4
65751,883,1,3
65752,727,157,3
65753,250,91,5
65754,833,384,3
65755,380,151,4
65756,198,230,3
65757,831,298,5
65758,881,385,4
65759,805,385,1
65760,922,143,4
65761,733,985,3
65762,263,662,4
65763,889,7,3
65764,18,48,4
65765,485,311,3
65766,928,8,5
65767,650,566,3
65768,840,405,4
65769,902,327,3
65770,682,22,5
65771,537,305,4
65772,326,521,2
65773,757,343,3
65774,624,300,4
65775,798,1539,2
65776,823,172,5
65777,333,520,4
65778,894,740,4
65779,653,28,4
65780,567,271,4
65781,892,230,4
65782,778,11,5
65783,374,203,3
65784,703,118,5
65785,864,511,4
65786,593,25,3
65787,764,274,3
65788,624,763,3
65789,620,164,5
65790,747,1098,4
65791,405,571,5
65792,450,318,5
65793,912,172,3
65794,187,300,4
65795,343,203,5
65796,450,968,4
65797,697,323,4
65798,851,974,2
65799,817,840,2
65800,782,1191,3
65801,308,410,4
65802,748,186,5
65803,861,1148,3
65804,857,475,5
65805,521,324,2
65806,557,292,4
65807,654,114,5
65808,746,127,2
65809,914,197,4
65810,291,96,4
65811,627,197,5
65812,311,417,3
65813,870,499,4
65814,447,294,4
65815,682,433,3
65816,749,211,5
65817,373,856,3
65818,913,357,5
65819,682,685,3
65820,620,63,5
65821,894,285,4
65822,465,281,2
65823,615,357,5
65824,839,286,4
65825,705,222,5
65826,892,89,5
65827,887,84,4
65828,313,222,3
65829,875,651,5
65830,795,826,3
65831,746,685,3
65832,883,1019,5
65833,863,305,4
65834,303,679,2
65835,886,98,4
65836,456,697,4
65837,650,578,3
65838,775,327,5
65839,787,938,3
65840,301,402,2
65841,592,60,4
65842,880,546,3
65843,840,474,5
65844,705,95,4
65845,864,1210,2
65846,903,203,4
65847,458,460,4
65848,272,133,1
65849,393,1039,3
65850,757,939,4
65851,805,45,4
65852,727,570,2
65853,456,395,2
65854,467,258,2
65855,125,243,2
65856,7,602,3
65857,775,312,3
65858,188,684,3
65859,519,903,5
65860,927,222,5
65861,561,455,3
65862,197,311,4
65863,280,142,4
65864,318,121,1
65865,671,234,4
65866,864,483,5
65867,189,498,5
65868,752,346,4
65869,922,210,3
65870,682,55,4
65871,303,1337,1
65872,343,215,5
65873,715,24,3
65874,659,175,5
65875,916,229,3
65876,437,425,4
65877,381,159,3
65878,778,268,2
65879,896,597,4
65880,859,1061,4
65881,449,14,3
65882,751,417,2
65883,394,405,3
65884,921,1060,2
65885,790,552,2
65886,867,68,4
65887,721,1039,5
65888,545,80,3
65889,561,268,3
65890,176,293,5
65891,487,392,4
65892,892,63,4
65893,882,526,4
65894,788,318,5
65895,889,462,5
65896,831,50,5
65897,843,429,4
65898,847,645,3
65899,514,1039,5
65900,334,29,2
65901,395,1028,2
65902,832,294,4
65903,655,193,3
65904,417,90,3
65905,782,1417,2
65906,790,188,4
65907,748,451,1
65908,844,258,4
65909,416,15,4
65910,843,800,4
65911,591,13,4
65912,568,135,4
65913,922,371,3
65914,867,650,5
65915,488,234,4
65916,733,127,3
65917,630,193,3
65918,285,258,2
65919,321,491,3
65920,167,554,1
65921,554,770,1
65922,620,760,3
65923,833,730,4
65924,653,117,4
65925,927,138,4
65926,450,501,4
65927,267,1028,3
65928,831,300,3
65929,805,412,3
65930,838,275,5
65931,454,48,4
65932,846,451,4
65933,881,38,3
65934,694,187,4
65935,537,789,2
65936,568,661,4
65937,311,699,4
65938,90,505,5
65939,693,313,5
65940,92,228,4
65941,757,751,3
65942,857,348,1
65943,210,222,4
65944,708,9,1
65945,487,156,4
65946,682,657,4
65947,724,301,4
65948,179,682,5
65949,450,307,5
65950,804,226,4
65951,686,317,5
65952,727,526,4
65953,712,173,5
65954,924,96,4
65955,875,4,3
65956,851,682,1
65957,588,570,4
65958,552,873,3
65959,3,347,5
65960,625,212,3
65961,699,322,3
65962,923,333,5
65963,655,766,3
65964,385,182,5
65965,796,826,2
65966,130,347,4
65967,279,1030,4
65968,249,603,5
65969,464,307,5
65970,265,676,2
65971,682,231,1
65972,699,116,4
65973,878,416,5
65974,593,744,3
65975,886,636,3
65976,721,306,3
65977,761,864,4
65978,855,1021,3
65979,705,143,3
65980,889,782,2
65981,892,173,5
65982,360,520,4
65983,806,95,5
65984,905,328,3
65985,721,260,3
65986,504,633,3
65987,866,300,1
65988,423,293,4
65989,537,647,4
65990,899,751,4
65991,655,1193,3
65992,655,28,3
65993,929,89,5
65994,896,546,2
65995,445,1051,1
65996,650,185,3
65997,805,55,5
65998,886,129,5
65999,823,95,4
66000,788,409,3
66001,747,56,5
66002,109,25,4
66003,846,135,4
66004,807,451,5
66005,924,117,2
66006,456,824,3
66007,6,261,3
66008,847,144,4
66009,508,179,4
66010,923,827,3
66011,919,243,3
66012,842,270,5
66013,896,562,2
66014,92,702,3
66015,497,629,2
66016,880,233,4
66017,848,490,5
66018,847,485,3
66019,537,277,2
66020,885,239,3
66021,900,589,5
66022,642,651,4
66023,205,748,4
66024,758,603,5
66025,828,340,5
66026,838,206,4
66027,442,222,3
66028,897,202,2
66029,409,1392,1
66030,676,193,5
66031,640,189,5
66032,860,153,4
66033,852,7,3
66034,796,1285,4
66035,790,776,3
66036,913,301,1
66037,521,226,4
66038,698,486,4
66039,928,98,5
66040,919,690,3
66041,91,418,2
66042,844,326,3
66043,246,616,5
66044,602,237,4
66045,169,538,4
66046,540,9,5
66047,922,215,3
66048,405,381,1
66049,743,292,3
66050,870,520,5
66051,731,434,1
66052,854,200,5
66053,862,603,5
66054,553,45,4
66055,658,100,4
66056,429,99,3
66057,575,963,1
66058,374,684,5
66059,534,1052,4
66060,896,685,3
66061,854,125,3
66062,885,65,2
66063,177,307,4
66064,798,1425,4
66065,804,200,3
66066,748,200,3
66067,286,1079,3
66068,833,504,4
66069,896,452,3
66070,712,560,3
66071,931,50,3
66072,916,781,3
66073,881,478,4
66074,823,153,4
66075,875,96,4
66076,391,50,4
66077,817,363,3
66078,751,1446,2
66079,886,62,3
66080,355,1175,5
66081,7,463,4
66082,867,228,5
66083,642,2,4
66084,822,408,5
66085,738,697,2
66086,839,696,2
66087,924,174,5
66088,864,276,5
66089,701,303,4
66090,874,340,3
66091,786,204,4
66092,488,751,3
66093,312,97,5
66094,292,169,5
66095,572,9,5
66096,507,538,4
66097,707,953,4
66098,642,801,3
66099,650,483,5
66100,903,708,4
66101,428,303,3
66102,887,692,5
66103,758,234,4
66104,846,528,5
66105,189,486,5
66106,758,533,4
66107,130,471,2
66108,803,338,2
66109,655,642,3
66110,682,153,3
66111,151,277,4
66112,840,165,5
66113,397,665,3
66114,543,700,2
66115,872,111,4
66116,330,318,5
66117,904,694,3
66118,87,49,5
66119,889,1419,2
66120,887,99,5
66121,99,310,3
66122,759,117,5
66123,98,211,4
66124,790,66,3
66125,645,243,1
66126,561,4,3
66127,746,684,4
66128,887,826,1
66129,618,699,3
66130,826,391,4
66131,861,547,4
66132,781,258,2
66133,883,64,4
66134,913,92,4
66135,917,25,4
66136,119,924,4
66137,927,501,4
66138,886,238,3
66139,190,328,3
66140,25,408,5
66141,924,1400,4
66142,790,96,3
66143,174,648,5
66144,22,250,5
66145,801,294,5
66146,826,343,5
66147,751,300,2
66148,621,501,3
66149,524,1074,2
66150,595,14,5
66151,733,546,1
66152,711,213,5
66153,711,69,3
66154,864,623,3
66155,858,289,3
66156,453,453,2
66157,870,554,2
66158,655,214,3
66159,374,288,4
66160,402,748,3
66161,854,537,3
66162,12,328,4
66163,747,651,5
66164,619,827,3
66165,497,4,3
66166,660,472,2
66167,244,1028,3
66168,899,660,4
66169,574,344,5
66170,727,88,5
66171,892,191,5
66172,889,302,4
66173,346,233,4
66174,295,52,5
66175,455,449,4
66176,267,293,4
66177,894,847,4
66178,790,781,4
66179,843,959,2
66180,838,271,4
66181,738,176,5
66182,844,778,4
66183,122,239,4
66184,882,237,5
66185,896,141,3
66186,864,56,5
66187,885,95,4
66188,285,300,4
66189,660,90,2
66190,707,174,2
66191,94,627,3
66192,916,1335,4
66193,679,28,5
66194,675,900,4
66195,637,7,1
66196,862,201,3
66197,893,117,4
66198,846,50,5
66199,25,419,4
66200,463,25,3
66201,655,939,3
66202,354,610,4
66203,582,597,3
66204,927,294,5
66205,845,900,3
66206,711,135,4
66207,900,280,2
66208,481,252,4
66209,711,1163,4
66210,721,107,4
66211,850,174,5
66212,782,1256,2
66213,657,9,4
66214,776,675,3
66215,650,215,2
66216,455,269,4
66217,701,690,4
66218,535,963,5
66219,556,172,5
66220,862,919,4
66221,840,56,5
66222,896,227,4
66223,903,204,3
66224,647,1047,4
66225,391,125,3
66226,417,1057,2
66227,679,154,4
66228,822,1240,3
66229,694,1028,3
66230,595,258,4
66231,889,186,5
66232,707,660,5
66233,637,25,4
66234,504,418,3
66235,820,343,4
66236,545,77,3
66237,230,117,5
66238,57,845,4
66239,486,741,3
66240,715,470,4
66241,293,1135,3
66242,618,54,3
66243,711,169,5
66244,915,288,2
66245,750,245,3
66246,694,648,5
66247,916,244,4
66248,683,906,4
66249,342,293,4
66250,648,14,2
66251,896,200,4
66252,818,887,4
66253,889,386,3
66254,652,294,2
66255,524,466,4
66256,919,259,4
66257,673,258,2
66258,891,934,3
66259,932,135,5
66260,738,455,4
66261,820,316,3
66262,437,721,2
66263,128,496,5
66264,425,546,3
66265,635,117,2
66266,23,56,4
66267,711,313,4
66268,651,294,1
66269,116,343,2
66270,639,792,2
66271,880,692,3
66272,47,307,4
66273,932,7,4
66274,751,737,4
66275,909,286,4
66276,932,435,4
66277,908,98,5
66278,493,1016,4
66279,796,211,3
66280,776,816,2
66281,694,498,5
66282,172,642,4
66283,800,125,3
66284,416,447,4
66285,843,96,3
66286,883,715,5
66287,807,657,4
66288,889,175,4
66289,805,546,2
66290,358,45,3
66291,932,285,4
66292,771,294,4
66293,886,172,5
66294,682,762,3
66295,836,419,2
66296,499,257,5
66297,889,678,3
66298,562,153,4
66299,608,70,4
66300,921,8,3
66301,610,8,4
66302,321,19,4
66303,682,5,3
66304,279,1494,1
66305,896,1672,2
66306,752,351,3
66307,759,742,5
66308,527,185,5
66309,862,737,4
66310,102,229,3
66311,620,1036,4
66312,709,203,4
66313,416,151,3
66314,880,1000,3
66315,659,167,3
66316,877,300,3
66317,774,405,1
66318,346,68,3
66319,592,467,5
66320,764,70,4
66321,566,386,1
66322,826,435,4
66323,786,708,4
66324,326,550,5
66325,660,134,4
66326,551,69,4
66327,630,325,3
66328,703,993,4
66329,913,260,1
66330,922,1035,3
66331,223,71,5
66332,916,523,3
66333,921,1,3
66334,506,95,5
66335,823,188,5
66336,709,173,4
66337,112,313,5
66338,896,367,4
66339,790,181,4
66340,896,549,2
66341,450,713,3
66342,455,121,4
66343,291,742,3
66344,435,265,3
66345,887,1278,2
66346,880,65,4
66347,629,23,5
66348,932,105,2
66349,922,89,5
66350,198,181,4
66351,527,492,3
66352,846,1148,3
66353,417,322,3
66354,541,405,3
66355,773,382,3
66356,916,170,4
66357,497,90,4
66358,835,1673,3
66359,393,785,3
66360,601,141,4
66361,846,507,3
66362,848,530,5
66363,629,174,5
66364,870,209,4
66365,679,153,2
66366,880,69,4
66367,868,121,2
66368,206,1175,1
66369,932,1204,5
66370,790,762,5
66371,487,783,4
66372,757,746,3
66373,64,79,4
66374,811,892,4
66375,643,219,5
66376,833,636,3
66377,338,497,3
66378,762,173,5
66379,29,1019,4
66380,566,443,4
66381,626,272,5
66382,442,859,3
66383,868,188,3
66384,806,28,3
66385,632,132,5
66386,116,249,2
66387,716,387,4
66388,587,918,3
66389,110,238,3
66390,13,38,3
66391,854,604,4
66392,833,72,2
66393,218,603,4
66394,421,197,3
66395,463,1284,4
66396,889,520,4
66397,316,275,5
66398,671,802,3
66399,795,1555,3
66400,311,231,4
66401,922,72,4
66402,661,1035,3
66403,802,657,4
66404,445,433,2
66405,757,809,4
66406,783,258,4
66407,201,441,1
66408,399,468,3
66409,508,232,3
66410,846,486,5
66411,610,9,3
66412,666,647,5
66413,595,3,4
66414,13,211,4
66415,788,614,4
66416,774,53,4
66417,716,180,3
66418,864,794,3
66419,256,409,4
66420,871,751,4
66421,43,208,5
66422,707,297,3
66423,804,981,3
66424,661,140,3
66425,128,702,3
66426,755,271,1
66427,380,272,4
66428,232,508,1
66429,913,1112,1
66430,868,96,2
66431,606,684,3
66432,445,1047,1
66433,522,521,5
66434,397,186,5
66435,833,1154,4
66436,804,984,4
66437,796,112,4
66438,881,196,3
66439,682,258,3
66440,747,887,5
66441,880,1276,3
66442,712,196,4
66443,863,349,1
66444,772,310,4
66445,589,879,4
66446,790,41,3
66447,774,684,1
66448,908,701,4
66449,752,345,1
66450,862,820,4
66451,795,576,2
66452,522,48,4
66453,301,409,4
66454,66,284,3
66455,846,1473,5
66456,782,900,3
66457,833,144,4
66458,648,637,2
66459,623,186,3
66460,896,76,3
66461,847,732,4
66462,846,71,4
66463,663,748,2
66464,719,240,1
66465,795,204,3
66466,455,213,4
66467,780,79,4
66468,416,232,5
66469,846,393,3
66470,144,223,4
66471,472,660,5
66472,887,710,5
66473,766,396,2
66474,664,159,3
66475,262,92,3
66476,894,332,3
66477,758,462,4
66478,653,1135,2
66479,158,518,4
66480,305,474,5
66481,870,781,3
66482,896,414,3
66483,881,103,1
66484,711,542,1
66485,918,1065,4
66486,881,127,4
66487,807,415,3
66488,703,1197,3
66489,903,254,2
66490,757,11,4
66491,916,1135,3
66492,321,493,4
66493,806,155,3
66494,880,1030,2
66495,397,652,3
66496,705,210,5
66497,444,306,5
66498,178,511,5
66499,846,552,4
66500,328,1401,2
66501,256,841,2
66502,468,50,5
66503,622,280,3
66504,234,629,4
66505,868,225,1
66506,642,783,4
66507,306,258,2
66508,870,591,2
66509,145,590,1
66510,725,181,4
66511,843,99,2
66512,496,961,2
66513,807,739,4
66514,886,813,4
66515,181,508,3
66516,216,1,4
66517,466,17,5
66518,643,481,4
66519,919,19,4
66520,749,185,4
66521,749,89,4
66522,839,326,4
66523,406,491,4
66524,782,335,2
66525,463,237,4
66526,707,220,2
66527,554,4,2
66528,554,531,4
66529,796,321,2
66530,521,87,3
66531,450,188,3
66532,932,504,4
66533,552,1278,3
66534,864,476,2
66535,497,62,4
66536,846,719,2
66537,328,159,3
66538,872,237,4
66539,761,426,1
66540,707,1174,5
66541,774,519,5
66542,201,366,2
66543,763,61,5
66544,889,515,5
66545,624,455,3
66546,226,286,4
66547,887,235,3
66548,733,405,2
66549,553,181,4
66550,551,636,5
66551,756,123,2
66552,616,289,4
66553,833,933,4
66554,144,126,4
66555,716,614,4
66556,881,943,4
66557,704,611,3
66558,919,253,3
66559,853,271,3
66560,896,423,3
66561,853,328,3
66562,474,188,5
66563,82,50,5
66564,786,66,4
66565,506,517,2
66566,846,72,4
66567,1,55,5
66568,716,792,4
66569,416,353,2
66570,928,187,5
66571,913,8,2
66572,345,628,3
66573,541,66,4
66574,145,310,4
66575,804,240,4
66576,605,269,4
66577,514,511,3
66578,828,895,2
66579,575,79,5
66580,71,286,4
66581,272,194,5
66582,908,204,4
66583,915,310,3
66584,746,172,5
66585,897,194,5
66586,877,402,3
66587,897,568,5
66588,491,127,3
66589,535,517,4
66590,896,436,3
66591,878,82,3
66592,537,129,3
66593,894,582,4
66594,328,69,4
66595,790,940,3
66596,916,866,3
66597,567,89,5
66598,749,628,4
66599,716,493,5
66600,837,276,1
66601,864,140,3
66602,724,876,1
66603,886,67,4
66604,745,205,2
66605,758,1016,4
66606,868,427,4
66607,625,408,4
66608,804,929,3
66609,181,1187,1
66610,834,150,5
66611,247,121,4
66612,693,1248,3
66613,924,6,4
66614,682,268,5
66615,708,926,3
66616,119,299,4
66617,11,121,3
66618,630,550,3
66619,505,313,5
66620,886,824,4
66621,798,722,3
66622,868,501,3
66623,361,28,3
66624,287,168,5
66625,667,86,5
66626,587,334,3
66627,716,622,3
66628,262,132,3
66629,447,13,5
66630,887,206,5
66631,739,301,5
66632,59,525,3
66633,655,9,3
66634,594,15,4
66635,896,132,3
66636,881,739,4
66637,334,307,3
66638,889,1079,2
66639,934,50,5
66640,756,473,3
66641,892,500,5
66642,881,401,1
66643,592,747,4
66644,870,462,4
66645,843,679,4
66646,899,230,4
66647,138,1,4
66648,934,423,3
66649,863,332,4
66650,228,286,5
66651,178,684,5
66652,649,254,4
66653,848,154,5
66654,846,746,3
66655,782,1382,3
66656,815,127,3
66657,889,399,3
66658,565,971,5
66659,10,482,4
66660,61,751,3
66661,792,13,4
66662,698,1021,1
66663,871,335,3
66664,655,204,3
66665,674,742,5
66666,68,276,5
66667,721,65,1
66668,788,227,3
66669,606,585,4
66670,806,1074,3
66671,334,129,4
66672,828,270,5
66673,864,216,4
66674,462,261,2
66675,933,1017,3
66676,880,579,3
66677,704,661,4
66678,913,12,4
66679,911,185,5
66680,918,1200,4
66681,655,1479,2
66682,889,771,2
66683,312,223,5
66684,788,85,1
66685,457,1029,3
66686,694,663,4
66687,804,212,3
66688,807,21,4
66689,830,230,3
66690,360,69,3
66691,919,322,3
66692,868,210,5
66693,886,27,2
66694,154,200,5
66695,825,413,3
66696,536,568,4
66697,854,3,1
66698,519,1295,5
66699,653,168,3
66700,707,1101,4
66701,72,188,4
66702,886,182,4
66703,458,499,4
66704,327,537,4
66705,458,1226,2
66706,759,257,4
66707,525,269,5
66708,587,264,4
66709,665,660,4
66710,903,181,4
66711,59,182,5
66712,663,192,4
66713,62,1028,1
66714,380,845,4
66715,7,586,3
66716,807,820,3
66717,892,102,3
66718,796,402,5
66719,796,132,4
66720,911,174,4
66721,437,221,5
66722,935,476,4
66723,602,538,4
66724,813,901,1
66725,643,673,4
66726,7,96,5
66727,363,549,4
66728,370,302,5
66729,664,215,4
66730,537,837,3
66731,854,176,3
66732,798,560,3
66733,693,855,2
66734,889,1072,3
66735,38,294,5
66736,194,518,4
66737,655,1514,2
66738,896,215,5
66739,711,318,5
66740,690,1041,3
66741,194,1107,3
66742,893,294,3
66743,130,257,4
66744,44,520,5
66745,416,1011,4
66746,539,132,5
66747,819,248,5
66748,830,432,3
66749,754,276,5
66750,59,1112,3
66751,727,845,3
66752,843,21,2
66753,584,230,4
66754,707,949,3
66755,666,169,4
66756,739,172,4
66757,709,728,4
66758,758,238,5
66759,889,747,4
66760,622,1203,3
66761,450,662,4
66762,843,176,4
66763,105,343,2
66764,130,355,4
66765,819,268,4
66766,730,258,5
66767,891,281,5
66768,643,153,4
66769,900,493,2
66770,682,1079,3
66771,497,237,3
66772,747,392,3
66773,585,919,2
66774,705,403,4
66775,478,12,5
66776,324,690,4
66777,897,1254,2
66778,885,418,4
66779,854,488,4
66780,842,886,4
66781,932,1065,5
66782,533,216,4
66783,460,298,2
66784,663,89,4
66785,889,183,3
66786,733,1115,3
66787,887,82,4
66788,846,102,2
66789,847,567,3
66790,938,864,4
66791,933,317,4
66792,899,2,3
66793,862,657,5
66794,291,184,4
66795,604,441,2
66796,896,462,3
66797,922,756,2
66798,343,403,4
66799,442,153,3
66800,812,261,1
66801,772,300,4
66802,602,358,4
66803,774,448,2
66804,774,1218,3
66805,900,474,4
66806,659,431,4
66807,843,447,2
66808,94,67,3
66809,455,144,3
66810,753,435,4
66811,903,276,5
66812,35,300,5
66813,821,427,5
66814,575,182,3
66815,868,524,3
66816,523,1047,5
66817,707,1068,4
66818,805,501,5
66819,589,322,3
66820,878,137,3
66821,895,284,3
66822,738,206,3
66823,328,235,3
66824,815,193,4
66825,374,294,2
66826,924,523,5
66827,887,423,2
66828,420,173,3
66829,435,58,3
66830,746,8,4
66831,222,150,3
66832,459,259,4
66833,833,670,1
66834,707,811,4
66835,721,873,3
66836,655,1529,2
66837,897,204,4
66838,919,358,3
66839,909,582,5
66840,399,302,4
66841,62,190,5
66842,935,284,4
66843,406,660,3
66844,476,66,3
66845,892,97,5
66846,339,343,3
66847,21,986,1
66848,909,292,4
66849,650,393,3
66850,160,213,4
66851,761,455,2
66852,846,780,4
66853,874,748,3
66854,500,183,4
66855,913,527,5
66856,435,144,4
66857,256,228,3
66858,724,1062,1
66859,660,227,2
66860,504,1147,4
66861,387,1011,3
66862,518,628,5
66863,792,591,2
66864,271,654,5
66865,919,887,3
66866,833,320,4
66867,727,398,2
66868,878,181,3
66869,716,172,4
66870,774,23,3
66871,868,273,3
66872,846,679,3
66873,442,447,3
66874,747,290,3
66875,295,1,4
66876,825,12,5
66877,501,597,3
66878,461,258,4
66879,385,1449,4
66880,891,471,5
66881,79,222,4
66882,497,210,4
66883,339,200,5
66884,234,989,2
66885,853,258,3
66886,899,218,4
66887,630,932,2
66888,846,1248,4
66889,664,285,5
66890,889,173,5
66891,815,200,5
66892,854,285,4
66893,870,396,3
66894,445,289,1
66895,458,735,2
66896,682,299,4
66897,474,469,4
66898,693,174,4
66899,775,329,3
66900,758,705,5
66901,862,183,5
66902,107,325,3
66903,929,209,3
66904,747,1225,3
66905,394,89,5
66906,815,50,5
66907,532,136,5
66908,484,2,4
66909,874,289,4
66910,885,91,3
66911,796,191,4
66912,343,198,4
66913,817,324,2
66914,352,431,2
66915,749,620,4
66916,788,211,4
66917,711,425,4
66918,863,898,1
66919,327,246,4
66920,634,272,5
66921,486,21,3
66922,878,15,4
66923,251,125,4
66924,709,11,5
66925,506,202,5
66926,285,270,4
66927,276,1213,1
66928,771,79,1
66929,707,1642,5
66930,496,842,2
66931,707,93,5
66932,927,24,3
66933,303,1039,5
66934,901,623,4
66935,745,427,4
66936,940,193,3
66937,642,237,5
66938,404,750,3
66939,387,563,2
66940,773,258,5
66941,655,1633,3
66942,883,28,3
66943,119,204,4
66944,897,143,5
66945,864,382,3
66946,882,222,5
66947,916,214,3
66948,474,200,3
66949,804,183,4
66950,916,175,4
66951,497,725,3
66952,87,476,2
66953,372,292,5
66954,790,1091,1
66955,747,313,5
66956,804,756,3
66957,628,1025,5
66958,632,143,5
66959,739,197,1
66960,378,949,3
66961,846,1118,5
66962,551,84,1
66963,919,347,3
66964,888,869,4
66965,900,183,3
66966,905,282,3
66967,524,570,4
66968,524,523,4
66969,642,571,3
66970,868,417,1
66971,788,661,5
66972,616,343,4
66973,497,49,3
66974,880,402,3
66975,223,313,5
66976,397,298,4
66977,474,1011,4
66978,932,176,5
66979,393,449,2
66980,313,15,2
66981,882,988,5
66982,782,898,3
66983,7,577,2
66984,881,1540,1
66985,894,83,4
66986,749,526,5
66987,833,396,3
66988,269,735,2
66989,593,233,2
66990,889,461,3
66991,819,1160,4
66992,707,1211,4
66993,886,171,4
66994,59,603,5
66995,454,480,4
66996,551,451,1
66997,608,1221,2
66998,940,568,3
66999,592,482,4
67000,897,56,2
67001,831,31,4
67002,222,770,3
67003,624,122,3
67004,870,68,3
67005,641,209,4
67006,621,88,2
67007,935,100,3
67008,715,274,3
67009,693,281,3
67010,872,748,3
67011,696,427,5
67012,892,144,5
67013,116,292,4
67014,940,14,3
67015,860,305,4
67016,771,69,5
67017,922,382,4
67018,863,1022,2
67019,331,22,4
67020,802,234,5
67021,899,172,4
67022,625,235,3
67023,925,5,4
67024,488,136,4
67025,771,144,1
67026,934,573,2
67027,710,174,4
67028,568,56,4
67029,595,275,4
67030,313,141,4
67031,942,117,4
67032,863,873,2
67033,889,155,3
67034,286,330,5
67035,771,408,5
67036,774,241,4
67037,466,895,3
67038,697,118,3
67039,123,14,5
67040,894,863,5
67041,664,408,5
67042,721,172,5
67043,880,864,3
67044,940,205,3
67045,548,181,4
67046,587,358,3
67047,444,328,5
67048,933,28,4
67049,84,318,5
67050,234,1075,3
67051,897,497,3
67052,256,50,4
67053,399,222,3
67054,846,967,3
67055,865,676,2
67056,940,272,4
67057,194,679,2
67058,640,461,4
67059,712,388,3
67060,846,727,4
67061,406,180,5
67062,911,496,3
67063,868,919,4
67064,817,546,4
67065,830,480,5
67066,766,393,3
67067,622,162,3
67068,847,404,3
67069,279,32,3
67070,608,22,4
67071,864,1228,3
67072,912,132,5
67073,610,127,5
67074,886,789,3
67075,937,275,4
67076,152,88,5
67077,868,117,2
67078,557,682,2
67079,1,42,5
67080,610,185,5
67081,882,33,2
67082,833,92,2
67083,706,181,4
67084,889,24,4
67085,835,313,5
67086,405,44,1
67087,748,326,3
67088,346,177,4
67089,825,117,5
67090,781,215,3
67091,860,300,4
67092,830,2,3
67093,394,252,3
67094,828,509,2
67095,253,490,5
67096,716,225,3
67097,606,111,4
67098,1,139,3
67099,790,25,2
67100,487,802,4
67101,479,509,4
67102,301,122,2
67103,846,469,2
67104,942,200,4
67105,798,97,1
67106,371,31,5
67107,846,190,5
67108,940,655,4
67109,529,343,3
67110,173,326,5
67111,806,216,4
67112,601,864,1
67113,443,260,1
67114,840,197,5
67115,305,275,2
67116,825,1244,5
67117,789,1,3
67118,592,472,1
67119,767,483,5
67120,913,1240,2
67121,896,25,3
67122,321,127,3
67123,831,316,3
67124,722,476,4
67125,890,625,3
67126,682,660,2
67127,730,327,2
67128,933,187,4
67129,258,877,3
67130,271,470,3
67131,429,65,3
67132,215,159,3
67133,766,386,3
67134,758,526,4
67135,593,288,4
67136,892,118,4
67137,805,655,3
67138,859,294,3
67139,710,299,3
67140,345,1007,5
67141,433,286,5
67142,831,7,5
67143,125,1204,3
67144,835,527,4
67145,537,1166,2
67146,932,55,3
67147,864,99,3
67148,938,122,1
67149,393,729,4
67150,911,381,5
67151,792,147,4
67152,903,288,4
67153,650,419,4
67154,774,201,2
67155,178,628,4
67156,843,191,3
67157,848,89,5
67158,896,481,4
67159,73,894,1
67160,880,40,2
67161,867,98,5
67162,830,612,4
67163,770,303,4
67164,437,101,3
67165,444,307,3
67166,161,929,1
67167,235,429,4
67168,469,161,3
67169,833,943,4
67170,671,56,1
67171,897,477,3
67172,17,628,1
67173,556,340,5
67174,865,268,4
67175,747,111,4
67176,883,212,5
67177,766,89,4
67178,843,675,5
67179,865,91,3
67180,753,294,5
67181,559,520,5
67182,194,79,3
67183,527,427,4
67184,903,191,5
67185,745,125,5
67186,389,302,5
67187,773,179,5
67188,655,5,2
67189,653,526,3
67190,551,294,4
67191,747,133,5
67192,688,359,5
67193,305,318,3
67194,450,96,4
67195,567,498,4
67196,435,44,2
67197,455,147,4
67198,92,385,4
67199,899,640,1
67200,893,148,3
67201,653,225,1
67202,864,87,5
67203,937,9,5
67204,542,627,3
67205,662,1652,3
67206,846,1311,2
67207,924,127,3
67208,805,631,5
67209,584,249,4
67210,905,300,4
67211,913,481,3
67212,379,1113,4
67213,659,568,4
67214,486,304,3
67215,128,258,2
67216,846,219,4
67217,779,109,3
67218,497,450,2
67219,825,293,3
67220,626,266,1
67221,637,301,1
67222,942,604,4
67223,452,663,2
67224,185,178,4
67225,881,117,5
67226,566,181,2
67227,826,510,4
67228,940,315,4
67229,642,742,5
67230,125,205,5
67231,911,98,2
67232,801,288,5
67233,141,1282,3
67234,681,1176,4
67235,587,689,1
67236,74,508,4
67237,144,56,4
67238,321,116,3
67239,902,50,5
67240,880,367,4
67241,885,195,4
67242,851,343,2
67243,301,205,4
67244,650,80,2
67245,795,42,3
67246,617,567,2
67247,701,328,4
67248,698,96,4
67249,645,186,4
67250,735,283,2
67251,854,1677,3
67252,291,98,5
67253,869,240,4
67254,642,780,5
67255,183,121,3
67256,544,288,2
67257,709,859,3
67258,885,56,3
67259,807,210,4
67260,442,433,4
67261,919,321,2
67262,826,678,4
67263,379,286,4
67264,654,153,4
67265,707,294,2
67266,828,1056,1
67267,588,1219,2
67268,435,687,2
67269,782,1380,2
67270,844,7,3
67271,378,98,5
67272,758,505,5
67273,826,570,4
67274,654,151,4
67275,474,467,4
67276,933,64,5
67277,401,286,2
67278,407,204,3
67279,325,383,1
67280,896,1018,3
67281,864,234,4
67282,910,845,4
67283,890,449,1
67284,886,218,3
67285,871,547,3
67286,733,117,2
67287,409,61,4
67288,881,94,2
67289,843,581,3
67290,643,169,4
67291,880,1053,3
67292,892,95,4
67293,710,510,4
67294,877,79,4
67295,537,714,3
67296,551,363,4
67297,942,423,5
67298,886,76,4
67299,41,96,4
67300,877,748,4
67301,933,447,2
67302,863,1679,3
67303,739,176,1
67304,887,91,5
67305,496,495,3
67306,671,779,3
67307,655,1473,3
67308,459,696,4
67309,474,174,5
67310,499,527,5
67311,915,300,3
67312,536,720,4
67313,870,395,3
67314,222,91,2
67315,850,121,5
67316,889,187,4
67317,622,210,3
67318,339,1258,3
67319,95,398,1
67320,503,130,5
67321,804,139,3
67322,472,432,5
67323,655,1129,3
67324,773,231,2
67325,896,20,1
67326,846,2,5
67327,621,432,4
67328,587,680,1
67329,452,842,2
67330,184,313,4
67331,892,596,3
67332,553,497,4
67333,846,588,4
67334,818,751,5
67335,583,708,5
67336,428,315,5
67337,734,193,4
67338,908,657,4
67339,846,654,5
67340,795,214,4
67341,910,237,4
67342,397,65,2
67343,181,596,4
67344,399,379,3
67345,521,751,3
67346,503,463,1
67347,802,53,4
67348,798,623,3
67349,894,1131,4
67350,894,511,4
67351,877,566,4
67352,916,81,5
67353,798,740,2
67354,620,313,5
67355,49,465,3
67356,703,508,3
67357,805,143,3
67358,871,22,5
67359,315,164,4
67360,760,739,4
67361,790,228,3
67362,940,66,4
67363,454,283,3
67364,868,81,4
67365,109,572,3
67366,933,156,4
67367,862,203,4
67368,892,110,3
67369,747,615,5
67370,561,542,1
67371,417,1230,2
67372,416,1119,5
67373,890,258,3
67374,885,173,4
67375,678,275,2
67376,648,161,3
67377,815,584,3
67378,568,234,3
67379,385,1456,4
67380,894,1560,4
67381,605,70,3
67382,474,96,4
67383,796,735,2
67384,894,257,3
67385,616,288,4
67386,798,603,3
67387,673,327,4
67388,919,596,3
67389,881,934,3
67390,917,471,4
67391,839,111,4
67392,923,237,4
67393,765,137,5
67394,815,174,4
67395,354,221,4
67396,934,1425,1
67397,926,286,4
67398,932,1266,4
67399,637,9,1
67400,181,678,2
67401,201,10,3
67402,899,282,5
67403,227,741,3
67404,778,568,3
67405,303,375,2
67406,768,310,4
67407,823,182,4
67408,690,435,5
67409,366,773,3
67410,320,185,4
67411,747,40,2
67412,222,67,4
67413,924,195,5
67414,882,660,3
67415,815,181,5
67416,943,58,4
67417,452,100,5
67418,503,694,5
67419,886,371,1
67420,884,165,3
67421,527,191,5
67422,794,269,5
67423,738,64,4
67424,825,243,4
67425,709,228,3
67426,424,286,4
67427,561,603,4
67428,478,11,4
67429,285,64,3
67430,417,231,4
67431,414,886,4
67432,686,173,5
67433,524,715,4
67434,932,679,2
67435,795,1199,3
67436,872,288,5
67437,924,273,3
67438,883,277,4
67439,864,161,4
67440,870,494,3
67441,745,204,3
67442,463,302,5
67443,907,317,5
67444,682,943,3
67445,782,1534,2
67446,751,917,2
67447,405,1577,1
67448,296,114,5
67449,499,588,4
67450,870,528,4
67451,541,584,3
67452,622,581,4
67453,880,722,3
67454,751,710,3
67455,480,443,4
67456,591,306,5
67457,676,295,1
67458,854,129,3
67459,776,195,3
67460,833,977,2
67461,551,1028,4
67462,860,347,4
67463,835,499,5
67464,846,1179,2
67465,693,121,2
67466,540,597,4
67467,622,484,3
67468,927,228,5
67469,655,170,3
67470,899,250,2
67471,551,226,5
67472,332,41,5
67473,693,157,4
67474,862,484,4
67475,456,952,4
67476,368,5,3
67477,655,1111,3
67478,561,1044,2
67479,116,246,5
67480,630,216,5
67481,837,275,4
67482,592,176,5
67483,882,225,5
67484,751,197,3
67485,919,462,3
67486,903,23,5
67487,840,144,3
67488,250,9,2
67489,669,151,5
67490,354,222,3
67491,896,1221,2
67492,650,622,3
67493,276,397,1
67494,104,246,3
67495,878,496,5
67496,921,932,3
67497,761,988,1
67498,592,224,5
67499,892,237,4
67500,867,250,4
67501,864,969,4
67502,682,683,2
67503,768,815,3
67504,31,1022,5
67505,744,340,3
67506,830,56,2
67507,305,326,2
67508,437,71,3
67509,901,929,4
67510,256,381,5
67511,788,621,3
67512,536,436,3
67513,846,387,3
67514,185,845,4
67515,833,511,4
67516,790,145,2
67517,59,524,3
67518,853,300,5
67519,782,873,4
67520,940,873,3
67521,370,137,4
67522,613,272,5
67523,298,50,5
67524,374,227,4
67525,383,660,4
67526,474,737,4
67527,276,385,4
67528,886,393,3
67529,27,930,2
67530,880,79,4
67531,416,550,4
67532,508,47,3
67533,634,473,2
67534,903,187,5
67535,764,121,5
67536,92,44,3
67537,627,328,4
67538,909,116,5
67539,541,659,5
67540,826,230,4
67541,627,358,3
67542,379,7,5
67543,398,231,2
67544,450,389,4
67545,868,98,4
67546,935,471,4
67547,618,52,3
67548,450,50,5
67549,327,181,4
67550,648,234,5
67551,425,12,5
67552,868,662,2
67553,825,1163,3
67554,840,515,5
67555,815,141,4
67556,907,620,4
67557,727,455,3
67558,933,98,5
67559,837,280,2
67560,495,1079,5
67561,301,233,4
67562,796,692,5
67563,561,1010,3
67564,773,958,4
67565,445,300,1
67566,360,223,5
67567,922,202,5
67568,664,664,4
67569,723,189,3
67570,658,42,4
67571,943,111,4
67572,889,1070,3
67573,716,418,4
67574,87,765,3
67575,907,274,5
67576,864,2,4
67577,708,473,1
67578,932,1305,2
67579,812,286,2
67580,843,582,2
67581,795,477,3
67582,889,755,3
67583,207,195,3
67584,610,172,4
67585,524,14,5
67586,939,931,2
67587,890,662,3
67588,6,531,4
67589,622,253,3
67590,344,546,3
67591,895,181,5
67592,840,257,3
67593,697,595,4
67594,823,90,4
67595,497,7,3
67596,401,428,4
67597,145,118,3
67598,751,704,2
67599,892,732,4
67600,880,44,4
67601,683,880,3
67602,181,1034,1
67603,684,158,3
67604,883,549,4
67605,870,179,4
67606,778,367,5
67607,747,234,5
67608,867,117,3
67609,829,222,4
67610,823,1267,4
67611,144,7,2
67612,741,118,1
67613,262,609,3
67614,130,326,5
67615,460,1067,4
67616,654,143,5
67617,406,122,3
67618,276,217,4
67619,58,137,5
67620,885,501,3
67621,731,613,2
67622,782,688,2
67623,854,4,2
67624,593,282,5
67625,788,120,2
67626,393,1076,3
67627,815,257,3
67628,889,223,4
67629,788,281,4
67630,462,326,4
67631,661,165,5
67632,394,358,3
67633,790,158,2
67634,548,56,5
67635,218,23,4
67636,604,7,4
67637,850,584,4
67638,886,1,4
67639,472,405,5
67640,671,265,3
67641,896,358,1
67642,586,581,2
67643,701,289,4
67644,665,202,3
67645,540,340,4
67646,286,42,4
67647,62,455,3
67648,618,218,3
67649,592,23,5
67650,222,167,3
67651,848,118,2
67652,843,551,3
67653,911,485,3
67654,864,747,3
67655,655,300,3
67656,239,531,5
67657,883,168,5
67658,303,1,5
67659,846,494,5
67660,446,245,4
67661,788,231,3
67662,608,317,5
67663,311,705,3
67664,344,431,3
67665,892,11,3
67666,573,157,4
67667,848,1021,5
67668,683,270,3
67669,896,175,2
67670,896,603,4
67671,833,7,3
67672,605,238,1
67673,943,11,4
67674,823,13,5
67675,872,363,4
67676,682,179,4
67677,38,637,2
67678,899,186,4
67679,916,46,4
67680,796,755,4
67681,936,1258,2
67682,650,478,4
67683,866,242,3
67684,882,243,4
67685,795,465,3
67686,921,313,5
67687,699,370,3
67688,458,204,4
67689,624,25,4
67690,796,1217,3
67691,908,133,5
67692,665,50,4
67693,577,313,4
67694,592,382,4
67695,853,259,3
67696,399,96,3
67697,846,554,4
67698,536,778,4
67699,917,50,3
67700,161,70,3
67701,715,135,2
67702,313,1470,1
67703,468,174,5
67704,894,713,4
67705,889,89,4
67706,680,269,4
67707,234,527,3
67708,731,136,4
67709,755,289,1
67710,690,1185,1
67711,665,473,4
67712,734,191,4
67713,162,179,3
67714,820,288,5
67715,886,801,3
67716,510,292,4
67717,776,564,3
67718,919,1136,2
67719,667,98,4
67720,806,1514,3
67721,928,496,5
67722,521,754,3
67723,655,458,3
67724,887,72,4
67725,741,204,4
67726,668,289,2
67727,747,606,5
67728,841,307,5
67729,727,760,1
67730,643,132,5
67731,601,436,4
67732,784,313,5
67733,773,198,4
67734,938,313,5
67735,731,521,1
67736,446,307,3
67737,339,396,4
67738,629,173,5
67739,756,274,3
67740,42,655,3
67741,275,380,3
67742,782,876,2
67743,932,614,4
67744,749,414,4
67745,413,327,3
67746,171,270,4
67747,564,1025,2
67748,536,79,4
67749,491,513,5
67750,357,121,5
67751,541,1047,2
67752,655,11,2
67753,194,204,4
67754,307,161,3
67755,901,12,5
67756,754,118,2
67757,336,1,3
67758,748,495,3
67759,795,209,5
67760,894,690,4
67761,489,885,4
67762,127,230,5
67763,445,257,2
67764,929,31,2
67765,95,8,5
67766,836,611,5
67767,505,132,5
67768,514,655,4
67769,650,218,3
67770,654,196,5
67771,802,263,1
67772,918,640,3
67773,851,301,3
67774,655,467,3
67775,541,140,5
67776,870,38,3
67777,43,257,4
67778,234,106,4
67779,763,462,5
67780,834,255,3
67781,621,7,4
67782,922,249,3
67783,474,924,4
67784,608,204,4
67785,622,588,4
67786,790,709,3
67787,504,187,3
67788,368,559,3
67789,864,780,2
67790,883,1591,3
67791,344,1048,3
67792,10,414,4
67793,880,746,4
67794,533,226,4
67795,13,903,3
67796,500,60,5
67797,518,129,5
67798,588,206,4
67799,328,903,3
67800,554,245,3
67801,759,937,4
67802,472,367,5
67803,788,223,4
67804,339,218,3
67805,643,674,3
67806,313,237,2
67807,886,388,1
67808,862,1117,4
67809,210,163,3
67810,577,102,4
67811,666,1071,3
67812,543,160,3
67813,870,1112,2
67814,929,517,5
67815,881,472,4
67816,715,227,3
67817,907,825,3
67818,805,106,5
67819,378,96,4
67820,910,245,2
67821,13,911,2
67822,835,543,5
67823,488,191,3
67824,868,150,5
67825,749,1615,4
67826,893,1,5
67827,814,665,4
67828,536,8,5
67829,244,58,3
67830,269,604,3
67831,862,117,5
67832,660,183,2
67833,77,519,5
67834,223,1284,1
67835,871,213,3
67836,299,515,4
67837,868,195,2
67838,630,323,4
67839,321,704,3
67840,896,515,3
67841,804,748,4
67842,845,268,3
67843,720,286,5
67844,738,203,3
67845,663,1017,2
67846,869,284,1
67847,727,199,4
67848,13,569,2
67849,894,344,4
67850,120,127,4
67851,868,178,5
67852,389,1168,3
67853,932,497,5
67854,550,1,3
67855,934,177,3
67856,792,1,4
67857,562,135,5
67858,639,213,5
67859,90,511,5
67860,464,299,4
67861,306,19,5
67862,749,223,4
67863,843,563,2
67864,846,493,5
67865,751,302,4
67866,600,232,3
67867,719,58,3
67868,867,289,5
67869,448,302,5
67870,854,55,4
67871,150,150,3
67872,923,472,4
67873,814,56,3
67874,408,327,5
67875,932,1184,3
67876,435,721,4
67877,451,335,4
67878,260,334,5
67879,503,503,3
67880,862,982,4
67881,897,172,4
67882,312,530,5
67883,395,286,4
67884,782,1302,3
67885,916,824,3
67886,894,355,3
67887,854,483,4
67888,931,237,3
67889,82,241,3
67890,893,405,5
67891,344,762,3
67892,458,519,4
67893,882,235,3
67894,738,423,4
67895,629,137,5
67896,918,428,5
67897,580,147,3
67898,655,980,2
67899,910,288,3
67900,851,291,4
67901,363,223,5
67902,790,208,3
67903,711,1170,3
67904,919,270,4
67905,774,118,1
67906,721,327,2
67907,862,179,5
67908,90,275,5
67909,311,96,5
67910,890,427,5
67911,533,169,4
67912,896,152,3
67913,869,50,4
67914,807,8,4
67915,97,69,5
67916,851,685,4
67917,942,261,4
67918,615,427,5
67919,694,1269,5
67920,826,449,4
67921,919,1047,3
67922,758,629,4
67923,187,707,5
67924,283,1009,3
67925,887,832,2
67926,618,183,4
67927,835,735,5
67928,757,222,4
67929,537,289,1
67930,709,441,4
67931,848,633,3
67932,903,1008,3
67933,885,233,3
67934,450,347,4
67935,13,288,1
67936,624,127,4
67937,483,283,5
67938,843,95,2
67939,907,282,4
67940,305,475,4
67941,886,71,4
67942,899,25,3
67943,897,951,3
67944,618,159,3
67945,299,480,4
67946,693,216,4
67947,667,238,3
67948,201,1426,2
67949,608,182,4
67950,210,655,5
67951,808,313,5
67952,409,1541,4
67953,825,546,5
67954,347,926,1
67955,921,282,2
67956,824,322,4
67957,938,240,2
67958,913,265,4
67959,708,150,4
67960,922,216,3
67961,930,121,4
67962,377,689,3
67963,276,586,3
67964,914,387,3
67965,881,678,2
67966,815,172,5
67967,881,178,3
67968,511,300,4
67969,921,720,4
67970,500,532,4
67971,495,511,4
67972,532,980,4
67973,918,204,1
67974,664,367,3
67975,943,570,1
67976,661,175,2
67977,790,248,4
67978,158,651,5
67979,435,527,4
67980,833,432,4
67981,465,48,3
67982,936,818,4
67983,868,419,3
67984,381,307,2
67985,347,418,4
67986,417,203,4
67987,524,521,4
67988,782,252,3
67989,758,144,4
67990,210,969,4
67991,932,967,4
67992,11,401,3
67993,716,22,5
67994,437,13,4
67995,319,358,3
67996,645,319,3
67997,915,1038,2
67998,940,289,3
67999,541,946,5
68000,508,710,4
68001,840,272,4
68002,760,928,1
68003,782,1666,2
68004,815,665,2
68005,913,237,4
68006,886,746,3
68007,788,620,3
68008,316,162,3
68009,508,524,5
68010,880,222,4
68011,406,629,3
68012,286,232,4
68013,653,307,4
68014,733,220,2
68015,896,872,3
68016,450,230,4
68017,768,471,3
68018,561,194,4
68019,457,371,4
68020,446,879,3
68021,846,230,3
68022,896,174,5
68023,846,716,3
68024,943,232,4
68025,621,1093,4
68026,619,181,4
68027,864,1217,3
68028,487,380,2
68029,505,123,3
68030,887,1473,1
68031,913,98,4
68032,707,1120,4
68033,339,639,4
68034,416,542,1
68035,754,328,3
68036,708,713,4
68037,577,568,3
68038,582,547,4
68039,788,164,3
68040,702,230,4
68041,786,423,5
68042,592,116,4
68043,700,28,3
68044,851,121,4
68045,823,1,4
68046,904,628,3
68047,665,631,2
68048,399,419,3
68049,713,344,5
68050,816,355,2
68051,922,56,1
68052,619,685,3
68053,801,300,5
68054,896,182,4
68055,804,227,4
68056,537,753,2
68057,655,1186,3
68058,807,684,5
68059,532,304,5
68060,901,196,4
68061,863,682,3
68062,890,135,5
68063,293,173,5
68064,672,109,4
68065,889,1006,4
68066,933,577,1
68067,62,466,3
68068,846,426,1
68069,788,657,4
68070,803,242,5
68071,661,181,5
68072,863,872,2
68073,709,192,4
68074,666,175,4
68075,875,71,2
68076,682,108,3
68077,899,265,4
68078,788,1518,3
68079,453,85,3
68080,757,271,3
68081,437,1063,5
68082,417,343,2
68083,896,217,2
68084,889,696,3
68085,454,632,3
68086,722,471,4
68087,901,168,4
68088,429,257,4
68089,834,288,5
68090,791,181,5
68091,311,496,5
68092,619,195,5
68093,896,880,4
68094,683,472,3
68095,798,423,3
68096,790,411,3
68097,13,158,1
68098,177,748,3
68099,7,341,3
68100,881,483,4
68101,786,125,4
68102,646,349,2
68103,880,140,4
68104,84,4,3
68105,787,1434,1
68106,897,177,5
68107,536,228,5
68108,942,427,5
68109,270,219,5
68110,846,415,2
68111,901,498,4
68112,60,237,4
68113,920,347,4
68114,102,947,3
68115,479,480,5
68116,870,447,4
68117,699,1187,4
68118,781,191,4
68119,919,298,3
68120,823,111,4
68121,334,246,4
68122,230,174,5
68123,286,41,2
68124,682,542,2
68125,392,589,4
68126,854,358,2
68127,618,420,3
68128,864,137,4
68129,758,152,5
68130,291,592,3
68131,59,219,5
68132,741,427,5
68133,567,187,5
68134,889,240,3
68135,851,1028,3
68136,485,301,2
68137,892,284,5
68138,764,294,3
68139,357,1048,2
68140,425,190,3
68141,756,53,3
68142,532,1428,4
68143,663,151,3
68144,487,248,1
68145,759,328,5
68146,298,121,4
68147,748,180,4
68148,850,742,5
68149,436,435,4
68150,932,229,4
68151,405,4,4
68152,593,153,5
68153,58,121,2
68154,798,486,4
68155,766,367,2
68156,47,303,4
68157,621,65,3
68158,747,483,5
68159,347,282,5
68160,805,769,2
68161,450,372,4
68162,931,678,3
68163,774,168,1
68164,922,395,4
68165,727,260,1
68166,654,381,3
68167,739,603,4
68168,930,148,1
68169,894,264,3
68170,455,568,4
68171,854,823,2
68172,409,1070,4
68173,897,409,4
68174,482,245,4
68175,805,225,1
68176,737,187,5
68177,620,174,5
68178,178,194,4
68179,894,1315,3
68180,618,1039,4
68181,308,479,5
68182,899,435,3
68183,623,286,2
68184,541,254,3
68185,776,438,2
68186,933,523,4
68187,935,846,4
68188,833,405,3
68189,654,1165,1
68190,913,234,4
68191,647,15,4
68192,942,487,4
68193,896,97,4
68194,416,846,3
68195,851,892,2
68196,836,134,3
68197,840,143,4
68198,897,603,5
68199,747,625,3
68200,533,549,4
68201,240,242,5
68202,425,217,1
68203,312,661,5
68204,887,871,5
68205,378,183,4
68206,916,82,4
68207,877,83,3
68208,881,129,4
68209,807,173,3
68210,625,484,4
68211,368,7,4
68212,839,1085,5
68213,894,346,4
68214,889,952,3
68215,655,461,2
68216,863,1237,4
68217,886,5,3
68218,655,240,3
68219,822,272,3
68220,222,100,5
68221,694,1020,4
68222,718,405,5
68223,789,1008,4
68224,275,473,3
68225,711,272,5
68226,840,632,3
68227,26,271,3
68228,102,384,2
68229,863,690,4
68230,727,233,4
68231,145,271,4
68232,419,191,4
68233,26,291,3
68234,669,222,3
68235,889,39,2
68236,577,1044,4
68237,556,323,2
68238,637,244,1
68239,799,690,3
68240,733,1114,3
68241,537,547,1
68242,788,193,4
68243,846,721,4
68244,200,380,5
68245,174,11,5
68246,355,1233,4
68247,592,92,5
68248,795,568,3
68249,907,828,5
68250,852,405,3
68251,793,456,3
68252,647,1014,3
68253,327,324,3
68254,682,551,2
68255,859,955,5
68256,464,257,4
68257,936,285,4
68258,385,215,2
68259,897,69,5
68260,911,423,4
68261,128,633,4
68262,748,425,4
68263,236,28,4
68264,72,654,4
68265,538,137,3
68266,883,1041,3
68267,846,479,4
68268,474,186,4
68269,642,472,5
68270,435,179,5
68271,889,212,2
68272,647,237,3
68273,4,359,5
68274,907,125,4
68275,760,841,3
68276,627,22,5
68277,435,298,4
68278,597,326,1
68279,145,228,4
68280,870,1042,2
68281,868,219,2
68282,279,193,2
68283,568,79,4
68284,562,385,2
68285,864,184,4
68286,822,410,1
68287,387,29,1
68288,782,1016,3
68289,929,419,4
68290,764,280,4
68291,551,128,4
68292,758,955,2
68293,887,410,4
68294,693,229,2
68295,119,28,5
68296,650,152,3
68297,717,126,5
68298,887,258,1
68299,929,134,4
68300,316,462,3
68301,639,174,4
68302,79,515,5
68303,807,121,4
68304,481,198,4
68305,303,293,4
68306,630,153,3
68307,356,322,3
68308,907,472,5
68309,790,235,1
68310,889,475,4
68311,465,528,3
68312,790,417,2
68313,535,427,4
68314,492,514,3
68315,919,937,4
68316,653,229,3
68317,268,143,2
68318,932,709,4
68319,709,747,2
68320,645,173,4
68321,660,474,2
68322,661,174,5
68323,838,300,2
68324,642,427,3
68325,592,87,4
68326,618,770,2
68327,665,69,5
68328,500,121,3
68329,821,509,5
68330,621,879,4
68331,886,22,4
68332,721,174,5
68333,632,99,5
68334,222,54,4
68335,907,301,4
68336,102,447,4
68337,764,276,3
68338,595,288,3
68339,474,197,5
68340,806,82,4
68341,823,428,5
68342,669,329,1
68343,870,90,4
68344,295,144,4
68345,625,210,3
68346,909,275,5
68347,865,845,1
68348,222,188,3
68349,537,699,4
68350,574,346,4
68351,896,798,2
68352,711,121,1
68353,752,316,3
68354,588,1061,5
68355,733,290,4
68356,840,611,4
68357,321,511,4
68358,886,96,3
68359,488,478,3
68360,766,183,4
68361,345,385,3
68362,532,313,5
68363,85,281,3
68364,783,872,4
68365,690,585,2
68366,787,898,3
68367,94,673,3
68368,788,12,5
68369,780,497,2
68370,665,274,3
68371,568,30,4
68372,11,83,5
68373,332,1157,4
68374,823,217,3
68375,806,153,4
68376,354,724,2
68377,508,204,3
68378,653,508,3
68379,776,50,5
68380,862,1110,5
68381,374,153,5
68382,911,1203,4
68383,790,274,3
68384,741,265,5
68385,355,689,4
68386,99,172,5
68387,450,181,4
68388,833,302,3
68389,710,180,4
68390,741,194,4
68391,474,611,4
68392,637,1033,3
68393,883,172,4
68394,753,527,4
68395,913,465,2
68396,715,7,3
68397,751,578,4
68398,897,588,4
68399,938,125,3
68400,13,370,1
68401,664,655,3
68402,889,1170,2
68403,741,1152,3
68404,844,210,4
68405,303,403,5
68406,758,751,4
68407,569,257,4
68408,908,185,4
68409,593,732,3
68410,95,431,3
68411,14,195,5
68412,919,50,3
68413,751,87,5
68414,886,732,3
68415,644,330,4
68416,885,949,4
68417,726,249,1
68418,907,86,5
68419,543,61,4
68420,698,204,2
68421,823,239,4
68422,90,156,4
68423,506,216,4
68424,329,1011,3
68425,782,1138,2
68426,931,476,3
68427,560,458,3
68428,716,479,4
68429,790,122,2
68430,939,106,3
68431,372,1090,5
68432,399,665,3
68433,453,215,3
68434,804,411,3
68435,768,476,4
68436,792,9,3
68437,487,809,2
68438,500,117,4
68439,642,628,3
68440,854,303,3
68441,903,845,1
68442,774,411,1
68443,942,323,3
68444,727,207,5
68445,833,573,1
68446,724,879,1
68447,409,115,2
68448,699,309,3
68449,551,508,4
68450,711,959,5
68451,794,248,4
68452,781,403,4
68453,758,802,3
68454,883,9,4
68455,682,232,3
68456,793,597,3
68457,890,183,3
68458,840,566,5
68459,393,96,4
68460,166,688,3
68461,917,740,5
68462,766,602,4
68463,416,265,5
68464,548,696,4
68465,615,26,4
68466,158,978,3
68467,751,79,4
68468,643,273,3
68469,562,174,5
68470,92,732,3
68471,252,847,4
68472,641,1194,3
68473,880,1059,4
68474,731,170,5
68475,567,223,4
68476,436,423,4
68477,190,100,4
68478,721,720,5
68479,868,455,5
68480,855,531,3
68481,897,871,3
68482,804,84,3
68483,271,215,4
68484,934,25,4
68485,693,144,4
68486,493,358,4
68487,880,12,5
68488,919,202,3
68489,886,150,4
68490,735,245,3
68491,655,636,3
68492,537,175,4
68493,710,172,4
68494,19,8,5
68495,668,882,3
68496,551,34,4
68497,731,127,4
68498,45,278,3
68499,905,150,4
68500,385,198,3
68501,608,517,4
68502,806,228,4
68503,819,340,5
68504,768,248,3
68505,609,894,1
68506,664,14,4
68507,870,443,3
68508,374,79,4
68509,773,1,3
68510,643,72,4
68511,916,1113,4
68512,686,192,5
68513,487,689,1
68514,418,300,3
68515,472,403,5
68516,642,35,2
68517,909,531,4
68518,833,198,4
68519,295,951,5
68520,880,92,4
68521,606,281,4
68522,921,1047,1
68523,665,410,3
68524,805,269,5
68525,854,829,2
68526,83,248,3
68527,885,356,3
68528,49,54,2
68529,627,431,4
68530,864,238,5
68531,442,188,3
68532,367,268,4
68533,851,916,3
68534,796,187,5
68535,707,603,3
68536,796,821,4
68537,115,684,3
68538,689,50,5
68539,709,117,4
68540,847,948,1
68541,657,273,3
68542,54,634,1
68543,269,939,2
68544,363,770,4
68545,560,301,3
68546,119,194,5
68547,941,147,4
68548,921,72,4
68549,795,403,3
68550,869,1134,1
68551,828,1672,2
68552,896,228,5
68553,903,91,5
68554,653,802,2
68555,807,554,4
68556,637,181,4
68557,786,222,4
68558,627,228,4
68559,432,15,4
68560,239,483,5
68561,704,22,2
68562,159,299,3
68563,627,180,5
68564,896,765,4
68565,385,55,2
68566,938,988,3
68567,606,293,5
68568,524,559,3
68569,640,174,5
68570,889,64,5
68571,806,2,3
68572,708,685,3
68573,713,327,2
68574,271,203,4
68575,903,521,5
68576,693,96,4
68577,890,101,2
68578,695,682,1
68579,235,524,5
68580,438,284,2
68581,844,511,3
68582,654,408,5
68583,667,79,3
68584,346,79,5
68585,336,257,4
68586,610,187,4
68587,573,216,4
68588,647,203,3
68589,757,176,5
68590,713,286,3
68591,642,441,1
68592,862,105,3
68593,487,231,1
68594,932,525,5
68595,918,419,3
68596,542,202,3
68597,870,69,4
68598,499,208,4
68599,854,134,4
68600,802,567,4
68601,524,476,3
68602,14,430,5
68603,405,1019,1
68604,896,161,3
68605,130,1142,4
68606,13,310,4
68607,727,1437,2
68608,644,298,4
68609,857,687,1
68610,826,576,4
68611,836,657,5
68612,894,129,4
68613,95,234,2
68614,503,13,3
68615,905,7,4
68616,935,127,4
68617,790,209,1
68618,752,904,4
68619,843,28,3
68620,838,100,4
68621,530,255,4
68622,934,197,5
68623,790,186,3
68624,316,716,5
68625,850,480,5
68626,942,615,3
68627,918,923,4
68628,49,820,1
68629,805,105,2
68630,504,176,3
68631,940,96,5
68632,924,1036,2
68633,892,472,3
68634,773,221,2
68635,875,692,2
68636,642,217,2
68637,932,1397,4
68638,13,172,5
68639,523,407,4
68640,37,210,4
68641,130,373,4
68642,570,879,2
68643,774,1017,3
68644,856,750,5
68645,677,1049,3
68646,159,130,1
68647,798,289,3
68648,843,135,5
68649,11,28,5
68650,924,300,2
68651,931,1152,4
68652,555,318,4
68653,693,298,3
68654,756,71,3
68655,624,928,3
68656,758,748,1
68657,828,382,3
68658,863,313,5
68659,832,873,2
68660,928,333,3
68661,308,654,5
68662,850,494,3
68663,892,5,4
68664,586,569,3
68665,851,352,1
68666,923,148,4
68667,897,455,3
68668,92,111,3
68669,697,820,3
68670,839,532,3
68671,822,432,3
68672,346,164,3
68673,881,443,5
68674,639,451,4
68675,846,168,5
68676,911,238,2
68677,738,434,4
68678,889,455,4
68679,566,523,4
68680,916,53,4
68681,629,416,4
68682,929,515,5
68683,886,1074,2
68684,650,550,3
68685,716,1020,5
68686,537,1400,2
68687,495,225,4
68688,454,972,2
68689,823,762,4
68690,13,722,3
68691,695,895,1
68692,447,15,1
68693,579,435,5
68694,913,789,4
68695,699,1033,4
68696,682,2,3
68697,592,69,5
68698,856,310,3
68699,648,295,4
68700,299,481,3
68701,541,79,5
68702,804,206,3
68703,825,984,5
68704,877,538,4
68705,700,222,3
68706,655,1022,3
68707,606,568,4
68708,452,83,3
68709,610,750,4
68710,532,1312,4
68711,873,294,4
68712,821,79,5
68713,664,1109,4
68714,407,95,3
68715,790,931,2
68716,712,210,5
68717,894,147,3
68718,859,368,3
68719,478,202,4
68720,757,91,4
68721,500,727,2
68722,749,210,4
68723,831,270,4
68724,332,471,4
68725,864,44,4
68726,733,534,3
68727,747,418,5
68728,901,71,4
68729,678,15,3
68730,912,154,4
68731,805,742,3
68732,796,659,3
68733,276,472,3
68734,464,255,4
68735,894,326,3
68736,668,269,5
68737,940,194,5
68738,904,66,4
68739,889,403,3
68740,406,521,3
68741,908,181,3
68742,932,179,5
68743,529,327,4
68744,890,85,1
68745,370,427,5
68746,918,137,5
68747,933,470,4
68748,522,200,4
68749,697,270,5
68750,860,245,3
68751,623,525,4
68752,883,270,4
68753,320,625,4
68754,444,286,2
68755,655,459,2
68756,90,268,4
68757,897,222,4
68758,835,23,4
68759,285,319,3
68760,639,311,3
68761,504,174,4
68762,823,150,4
68763,314,787,2
68764,886,186,4
68765,703,764,2
68766,765,14,5
68767,7,365,4
68768,854,616,4
68769,846,786,4
68770,560,928,3
68771,181,1382,1
68772,633,921,3
68773,130,552,5
68774,621,1228,3
68775,843,77,2
68776,916,506,3
68777,916,1206,2
68778,42,969,5
68779,826,373,3
68780,690,780,4
68781,627,7,5
68782,894,283,3
68783,174,384,1
68784,638,168,4
68785,933,63,2
68786,913,179,3
68787,881,15,3
68788,49,4,2
68789,894,336,3
68790,541,378,5
68791,807,511,5
68792,392,510,4
68793,660,318,3
68794,901,228,5
68795,766,72,2
68796,429,200,3
68797,112,333,4
68798,62,511,4
68799,778,451,1
68800,741,790,3
68801,919,204,4
68802,928,1007,5
68803,523,874,4
68804,844,56,4
68805,927,380,5
68806,828,198,4
68807,796,155,5
68808,181,333,3
68809,796,275,4
68810,374,273,2
68811,584,227,4
68812,216,416,3
68813,702,879,1
68814,897,451,4
68815,707,1401,3
68816,522,135,5
68817,766,182,4
68818,116,1256,1
68819,422,248,3
68820,797,988,1
68821,875,1422,3
68822,430,121,2
68823,505,69,3
68824,571,1039,3
68825,937,285,4
68826,868,449,3
68827,380,498,4
68828,686,197,5
68829,491,116,5
68830,137,685,5
68831,896,431,3
68832,798,1023,3
68833,497,83,2
68834,644,457,4
68835,930,8,3
68836,488,418,3
68837,385,954,4
68838,896,1284,2
68839,495,521,5
68840,632,720,3
68841,94,94,2
68842,727,62,3
68843,87,433,3
68844,110,722,3
68845,773,655,3
68846,601,118,1
68847,38,406,2
68848,436,81,3
68849,899,496,5
68850,621,95,4
68851,574,100,5
68852,935,717,4
68853,642,931,4
68854,389,134,5
68855,385,205,2
68856,704,318,5
68857,943,1067,2
68858,666,118,3
68859,639,655,3
68860,498,109,3
68861,588,8,5
68862,536,10,4
68863,256,64,5
68864,875,504,5
68865,868,240,5
68866,774,449,1
68867,920,331,3
68868,690,4,3
68869,690,451,4
68870,883,147,2
68871,715,433,2
68872,867,511,5
68873,832,258,3
68874,7,179,5
68875,776,184,4
68876,711,197,4
68877,538,188,4
68878,924,526,3
68879,632,227,3
68880,934,297,5
68881,916,17,4
68882,764,1028,4
68883,764,220,3
68884,773,1018,3
68885,763,1065,5
68886,763,174,4
68887,790,217,4
68888,374,4,2
68889,145,1041,5
68890,472,366,4
68891,846,191,5
68892,286,401,1
68893,864,1047,3
68894,309,879,4
68895,730,7,4
68896,545,450,2
68897,860,1602,3
68898,125,1271,2
68899,724,327,4
68900,551,824,1
68901,158,302,4
68902,831,117,3
68903,734,213,5
68904,880,1423,3
68905,665,240,5
68906,908,322,2
68907,817,245,2
68908,567,50,1
68909,472,230,5
68910,894,479,5
68911,102,11,3
68912,908,69,3
68913,451,334,3
68914,747,98,5
68915,790,117,5
68916,329,186,3
68917,44,157,4
68918,514,208,4
68919,669,915,3
68920,878,531,2
68921,830,226,5
68922,846,609,5
68923,774,175,3
68924,823,175,4
68925,868,436,3
68926,881,477,4
68927,393,141,2
68928,804,260,2
68929,13,275,3
68930,688,349,5
68931,897,484,3
68932,854,1061,1
68933,456,258,4
68934,936,340,4
68935,759,275,4
68936,795,1101,4
68937,905,321,4
68938,942,584,4
68939,670,417,4
68940,109,63,3
68941,841,300,4
68942,230,56,3
68943,943,808,4
68944,753,242,4
68945,904,778,3
68946,857,259,4
68947,539,496,3
68948,479,193,3
68949,796,949,4
68950,867,216,3
68951,921,471,2
68952,889,94,4
68953,896,216,5
68954,796,396,2
68955,861,382,5
68956,681,328,3
68957,841,358,1
68958,758,890,3
68959,883,250,3
68960,721,243,3
68961,829,100,4
68962,665,687,2
68963,280,173,3
68964,593,1221,3
68965,592,1356,4
68966,932,570,4
68967,724,347,4
68968,832,323,3
68969,734,275,4
68970,472,1079,4
68971,722,508,4
68972,94,403,3
68973,819,182,4
68974,798,225,4
68975,883,589,5
68976,498,663,4
68977,495,183,5
68978,79,276,3
68979,717,831,3
68980,532,367,5
68981,774,122,1
68982,870,550,3
68983,228,812,5
68984,262,58,3
68985,790,1039,3
68986,838,405,4
68987,680,318,5
68988,845,1399,3
68989,942,347,5
68990,835,357,5
68991,671,88,4
68992,529,264,2
68993,280,673,4
68994,787,1024,2
68995,902,134,3
68996,865,24,4
68997,640,1067,4
68998,654,1283,1
68999,940,172,4
69000,918,289,2
69001,653,719,3
69002,561,1039,3
69003,835,612,4
69004,916,655,3
69005,727,70,5
69006,588,561,3
69007,790,15,5
69008,865,101,1
69009,907,147,5
69010,764,227,4
69011,882,932,4
69012,89,301,5
69013,648,291,3
69014,919,57,5
69015,409,1512,5
69016,538,199,5
69017,334,137,2
69018,397,182,5
69019,254,496,4
69020,699,275,3
69021,585,170,5
69022,666,46,4
69023,891,531,4
69024,356,294,1
69025,883,79,4
69026,747,179,5
69027,590,546,1
69028,804,237,4
69029,788,64,5
69030,80,79,4
69031,727,1222,1
69032,774,367,2
69033,782,1013,3
69034,298,427,5
69035,716,497,3
69036,727,1249,3
69037,506,525,4
69038,881,755,4
69039,707,736,4
69040,882,496,5
69041,653,1016,3
69042,566,69,4
69043,872,310,4
69044,512,50,5
69045,921,288,3
69046,648,758,2
69047,736,293,4
69048,864,250,3
69049,505,98,4
69050,922,227,4
69051,561,772,4
69052,450,627,3
69053,859,928,3
69054,733,107,4
69055,738,1047,3
69056,588,385,3
69057,435,91,4
69058,434,974,5
69059,406,433,3
69060,5,239,4
69061,758,184,5
69062,872,118,4
69063,796,1407,3
69064,595,826,1
69065,841,271,4
69066,754,117,4
69067,308,1140,4
69068,627,550,1
69069,875,181,4
69070,727,358,2
69071,727,567,2
69072,592,55,4
69073,922,588,4
69074,487,399,5
69075,805,1017,3
69076,892,12,5
69077,880,346,5
69078,102,234,3
69079,869,756,1
69080,897,195,5
69081,752,539,4
69082,851,331,3
69083,830,627,3
69084,896,1,4
69085,896,479,3
69086,910,293,4
69087,823,419,4
69088,606,249,3
69089,828,1622,1
69090,800,276,3
69091,648,1030,2
69092,903,317,4
69093,298,546,3
69094,851,1277,2
69095,862,141,4
69096,860,716,2
69097,834,127,5
69098,566,121,3
69099,428,894,4
69100,625,216,4
69101,794,150,4
69102,861,83,5
69103,522,530,4
69104,647,357,5
69105,405,205,3
69106,846,499,4
69107,514,1074,4
69108,116,300,3
69109,894,558,5
69110,815,433,3
69111,734,742,4
69112,694,526,5
69113,422,185,4
69114,898,300,2
69115,526,294,3
69116,488,15,4
69117,927,15,5
69118,488,197,2
69119,751,1140,2
69120,133,306,4
69121,910,23,4
69122,409,1020,5
69123,817,24,4
69124,864,1,5
69125,64,480,3
69126,889,153,5
69127,621,625,4
69128,10,518,4
69129,711,134,5
69130,694,582,4
69131,896,134,5
69132,119,298,4
69133,505,227,2
69134,76,1154,5
69135,878,8,3
69136,888,269,5
69137,790,742,4
69138,763,518,4
69139,293,11,3
69140,641,338,3
69141,318,531,4
69142,918,211,2
69143,112,328,4
69144,339,506,4
69145,686,435,5
69146,660,568,3
69147,109,1245,2
69148,934,151,3
69149,669,355,2
69150,727,80,4
69151,627,195,4
69152,456,382,1
69153,934,202,5
69154,846,530,5
69155,790,65,4
69156,881,449,3
69157,854,135,4
69158,389,67,2
69159,324,285,4
69160,690,1090,3
69161,521,568,3
69162,117,132,4
69163,184,1121,4
69164,749,80,1
69165,85,270,3
69166,639,519,4
69167,635,879,3
69168,453,99,3
69169,649,24,4
69170,854,244,3
69171,756,181,4
69172,919,1315,2
69173,387,516,3
69174,633,328,4
69175,870,219,2
69176,729,322,4
69177,851,1047,3
69178,699,523,2
69179,435,203,4
69180,378,47,4
69181,283,100,4
69182,234,694,3
69183,472,222,5
69184,893,471,4
69185,536,94,4
69186,587,888,3
69187,524,661,3
69188,541,63,3
69189,932,379,2
69190,889,70,3
69191,781,187,5
69192,868,156,3
69193,747,31,4
69194,305,86,4
69195,633,958,3
69196,638,96,4
69197,907,740,5
69198,49,62,2
69199,796,89,5
69200,64,655,4
69201,840,606,4
69202,774,228,4
69203,919,168,1
69204,918,275,4
69205,711,660,5
69206,929,188,4
69207,758,353,4
69208,745,510,3
69209,183,274,5
69210,890,271,3
69211,660,328,3
69212,38,940,1
69213,921,181,5
69214,894,319,4
69215,763,39,4
69216,898,324,4
69217,564,245,4
69218,707,88,3
69219,916,39,4
69220,474,318,5
69221,655,1516,3
69222,922,63,3
69223,325,469,4
69224,777,42,5
69225,535,389,4
69226,293,513,5
69227,939,258,4
69228,846,565,2
69229,579,520,4
69230,894,1313,3
69231,907,181,4
69232,896,504,3
69233,711,86,5
69234,878,1065,1
69235,907,287,4
69236,151,385,3
69237,923,456,4
69238,365,237,3
69239,472,125,5
69240,711,202,4
69241,64,258,3
69242,773,427,3
69243,655,428,3
69244,478,68,1
69245,314,808,4
69246,851,696,3
69247,64,28,4
69248,476,746,3
69249,542,420,3
69250,709,53,3
69251,82,170,4
69252,854,93,5
69253,637,847,3
69254,864,218,4
69255,804,211,4
69256,435,919,5
69257,864,47,5
69258,452,514,3
69259,804,768,3
69260,825,116,3
69261,921,87,2
69262,592,71,4
69263,921,728,3
69264,521,520,3
69265,892,481,5
69266,798,485,5
69267,682,627,4
69268,644,117,4
69269,896,708,2
69270,165,156,3
69271,890,479,5
69272,890,515,5
69273,766,705,4
69274,624,319,3
69275,831,315,3
69276,708,125,4
69277,889,1011,3
69278,506,945,4
69279,711,301,4
69280,655,236,3
69281,13,777,1
69282,519,333,3
69283,880,22,4
69284,829,198,4
69285,825,925,4
69286,64,718,4
69287,889,67,2
69288,716,203,4
69289,737,58,4
69290,883,707,3
69291,851,271,5
69292,877,170,5
69293,715,1,5
69294,911,383,3
69295,798,756,3
69296,514,79,4
69297,63,276,4
69298,871,197,3
69299,758,436,3
69300,796,258,4
69301,474,294,3
69302,76,955,4
69303,303,405,4
69304,904,421,5
69305,747,530,5
69306,532,277,5
69307,523,451,5
69308,535,100,5
69309,807,1089,4
69310,721,8,4
69311,682,163,3
69312,291,575,2
69313,498,480,5
69314,782,354,2
69315,639,48,4
69316,721,518,2
69317,493,806,3
69318,201,640,4
69319,939,1054,4
69320,210,79,4
69321,435,127,4
69322,658,195,3
69323,934,195,4
69324,881,228,3
69325,721,735,4
69326,421,331,2
69327,863,879,2
69328,940,181,3
69329,642,622,4
69330,489,269,3
69331,110,939,4
69332,823,125,4
69333,913,144,5
69334,724,308,1
69335,851,144,5
69336,423,620,4
69337,864,182,3
69338,804,39,2
69339,880,826,3
69340,131,287,4
69341,661,135,5
69342,622,213,5
69343,782,1662,4
69344,476,732,3
69345,782,1296,3
69346,788,7,4
69347,645,558,4
69348,918,582,4
69349,85,519,4
69350,795,710,3
69351,936,106,3
69352,7,629,3
69353,534,93,1
69354,877,269,4
69355,796,628,4
69356,406,208,2
69357,934,411,3
69358,290,181,5
69359,627,792,4
69360,796,588,5
69361,846,110,3
69362,650,118,4
69363,405,646,2
69364,861,584,5
69365,801,333,5
69366,916,65,3
69367,889,497,4
69368,624,898,1
69369,425,1110,1
69370,635,15,3
69371,633,98,4
69372,796,97,3
69373,684,1028,4
69374,109,826,3
69375,864,588,3
69376,682,475,3
69377,533,443,3
69378,454,313,5
69379,90,481,5
69380,399,39,2
69381,886,941,2
69382,856,315,5
69383,889,127,4
69384,788,282,4
69385,919,1137,4
69386,17,221,2
69387,659,693,4
69388,844,251,4
69389,792,1047,3
69390,914,371,4
69391,288,327,1
69392,916,708,4
69393,910,117,4
69394,896,187,5
69395,561,96,1
69396,48,323,3
69397,471,420,1
69398,921,692,4
69399,780,660,3
69400,870,649,4
69401,293,1228,1
69402,698,173,5
69403,918,645,4
69404,682,109,3
69405,308,501,4
69406,648,665,2
69407,606,209,4
69408,650,482,3
69409,878,50,4
69410,837,762,2
69411,735,242,5
69412,632,195,5
69413,476,393,4
69414,682,451,3
69415,840,443,5
69416,931,303,4
69417,295,1297,4
69418,817,928,3
69419,541,622,3
69420,756,860,1
69421,844,300,3
69422,883,566,3
69423,198,201,3
69424,943,356,4
69425,883,455,4
69426,796,272,4
69427,311,69,5
69428,738,429,3
69429,782,244,4
69430,885,208,3
69431,896,12,3
69432,798,98,1
69433,699,243,2
69434,593,237,4
69435,291,844,5
69436,385,874,3
69437,119,473,3
69438,417,780,4
69439,529,309,3
69440,197,568,4
69441,834,50,5
69442,749,685,4
69443,710,234,4
69444,719,69,5
69445,790,364,2
69446,559,174,4
69447,568,483,5
69448,207,211,5
69449,919,327,4
69450,848,135,4
69451,305,428,3
69452,897,66,3
69453,496,652,5
69454,15,121,3
69455,254,269,2
69456,896,1406,3
69457,447,737,4
69458,902,993,3
69459,796,709,3
69460,486,301,4
69461,736,993,4
69462,562,229,1
69463,366,288,4
69464,283,211,4
69465,807,29,4
69466,774,428,1
69467,896,233,2
69468,328,23,3
69469,903,977,1
69470,843,141,4
69471,918,433,2
69472,682,824,1
69473,773,567,2
69474,474,468,4
69475,498,496,3
69476,629,210,5
69477,755,872,1
69478,725,321,2
69479,271,148,3
69480,648,229,4
69481,867,50,5
69482,870,10,4
69483,886,240,3
69484,683,609,3
69485,640,827,3
69486,496,174,4
69487,299,118,2
69488,886,80,3
69489,637,245,3
69490,830,15,4
69491,848,747,5
69492,720,313,3
69493,532,588,5
69494,229,303,1
69495,886,187,4
69496,417,506,4
69497,405,436,1
69498,693,12,4
69499,864,210,4
69500,798,1540,4
69501,59,42,5
69502,70,655,4
69503,184,29,3
69504,586,195,4
69505,318,482,5
69506,151,686,3
69507,806,496,5
69508,804,514,4
69509,49,717,2
69510,828,955,3
69511,831,288,1
69512,394,141,3
69513,766,604,4
69514,321,173,4
69515,643,29,2
69516,787,904,3
69517,742,7,3
69518,932,177,4
69519,543,466,4
69520,747,390,4
69521,868,621,2
69522,782,1528,2
69523,889,820,2
69524,68,127,4
69525,782,1300,2
69526,842,344,1
69527,174,215,5
69528,864,710,2
69529,5,425,2
69530,562,591,4
69531,913,82,3
69532,874,276,4
69533,714,250,5
69534,708,300,4
69535,932,617,4
69536,906,696,4
69537,778,42,5
69538,798,768,4
69539,682,849,2
69540,151,805,4
69541,868,229,3
69542,823,566,4
69543,145,240,5
69544,727,148,2
69545,919,1152,4
69546,548,978,2
69547,268,117,4
69548,733,740,3
69549,185,47,4
69550,638,222,4
69551,712,69,3
69552,486,1226,4
69553,864,31,4
69554,510,299,3
69555,666,147,3
69556,916,14,5
69557,263,135,5
69558,222,588,4
69559,916,179,3
69560,806,176,5
69561,899,428,4
69562,457,121,4
69563,913,127,4
69564,846,612,5
69565,181,713,2
69566,882,427,5
69567,405,36,2
69568,391,176,3
69569,789,508,4
69570,682,186,4
69571,643,631,3
69572,312,813,5
69573,655,1160,3
69574,715,42,5
69575,693,234,2
69576,618,64,4
69577,889,194,5
69578,653,428,1
69579,255,328,2
69580,634,678,2
69581,271,649,3
69582,889,172,4
69583,582,405,3
69584,827,750,3
69585,414,288,5
69586,721,299,3
69587,836,170,5
69588,864,496,5
69589,786,133,5
69590,354,896,4
69591,804,23,4
69592,541,427,4
69593,243,699,4
69594,130,350,4
69595,894,1226,4
69596,802,330,2
69597,535,640,3
69598,686,214,5
69599,911,659,3
69600,435,210,4
69601,637,283,2
69602,891,1197,5
69603,709,172,5
69604,42,132,5
69605,933,231,1
69606,684,173,3
69607,864,144,5
69608,708,149,3
69609,847,444,3
69610,708,476,3
69611,259,172,4
69612,664,483,4
69613,324,763,5
69614,854,257,3
69615,911,143,5
69616,751,239,4
69617,795,118,2
69618,399,225,3
69619,823,77,4
69620,913,1,2
69621,796,50,5
69622,880,90,3
69623,897,228,4
69624,577,62,3
69625,868,470,1
69626,457,222,5
69627,548,17,3
69628,474,111,4
69629,850,181,5
69630,727,87,4
69631,865,919,5
69632,592,302,5
69633,654,8,5
69634,933,433,1
69635,807,435,3
69636,350,181,4
69637,72,642,4
69638,715,248,4
69639,837,286,4
69640,699,1093,3
69641,896,232,3
69642,345,470,4
69643,876,19,5
69644,244,171,5
69645,883,656,5
69646,840,88,4
69647,826,127,5
69648,569,298,3
69649,752,259,5
69650,804,566,4
69651,648,454,3
69652,179,916,5
69653,787,326,4
69654,726,248,2
69655,344,529,5
69656,222,542,2
69657,788,646,3
69658,426,663,4
69659,551,111,5
69660,898,683,3
69661,880,173,3
69662,451,326,4
69663,749,1028,4
69664,669,664,4
69665,608,327,2
69666,669,96,2
69667,703,181,5
69668,565,707,5
69669,804,510,5
69670,940,8,5
69671,900,429,2
69672,878,274,3
69673,567,514,5
69674,645,89,4
69675,901,546,4
69676,805,383,2
69677,847,7,3
69678,190,7,4
69679,924,283,4
69680,77,527,4
69681,868,136,5
69682,880,810,3
69683,881,11,4
69684,577,240,3
69685,881,174,5
69686,903,223,5
69687,903,56,5
69688,586,96,4
69689,506,71,5
69690,799,319,4
69691,545,266,2
69692,757,471,4
69693,30,751,3
69694,864,94,4
69695,773,145,3
69696,804,89,4
69697,846,449,3
69698,645,32,5
69699,400,748,2
69700,914,155,5
69701,184,504,4
69702,35,264,2
69703,742,475,4
69704,119,475,4
69705,901,144,5
69706,621,780,4
69707,697,591,4
69708,527,640,4
69709,566,210,4
69710,585,86,5
69711,940,153,2
69712,347,106,2
69713,655,1141,3
69714,881,134,5
69715,892,648,4
69716,495,432,5
69717,645,514,5
69718,455,435,4
69719,788,630,2
69720,905,717,1
69721,749,932,3
69722,621,173,4
69723,588,842,3
69724,667,23,3
69725,618,432,5
69726,871,511,2
69727,90,220,4
69728,708,347,3
69729,286,929,4
69730,587,876,2
69731,484,88,4
69732,932,652,3
69733,485,286,2
69734,655,1635,3
69735,681,310,3
69736,661,192,4
69737,846,1029,1
69738,645,469,5
69739,295,511,5
69740,907,821,5
69741,798,705,4
69742,720,898,4
69743,932,566,4
69744,115,772,4
69745,648,250,4
69746,643,659,5
69747,627,523,4
69748,910,282,3
69749,782,1160,2
69750,886,222,4
69751,629,223,5
69752,18,137,5
69753,716,723,4
69754,896,429,5
69755,721,199,4
69756,652,257,2
69757,628,1296,5
69758,933,182,4
69759,798,1411,1
69760,511,260,4
69761,484,231,2
69762,905,326,3
69763,934,183,2
69764,503,58,4
69765,592,325,2
69766,618,1225,2
69767,493,134,3
69768,655,578,2
69769,13,326,3
69770,773,13,4
69771,69,334,3
69772,774,501,1
69773,641,1039,4
69774,725,286,5
69775,655,178,4
69776,897,200,5
69777,934,269,2
69778,374,526,4
69779,930,651,3
69780,851,182,5
69781,741,134,5
69782,566,11,3
69783,346,182,5
69784,885,419,4
69785,385,2,3
69786,200,172,5
69787,831,687,2
69788,566,631,4
69789,354,655,3
69790,505,419,3
69791,655,1014,3
69792,548,55,5
69793,883,462,5
69794,864,91,5
69795,489,245,3
69796,868,412,5
69797,431,294,5
69798,268,24,2
69799,823,401,4
69800,756,258,3
69801,796,722,3
69802,643,240,5
69803,635,328,3
69804,647,173,5
69805,923,762,4
69806,391,1163,2
69807,933,399,3
69808,896,196,3
69809,420,1347,3
69810,758,301,3
69811,749,642,2
69812,645,709,3
69813,786,102,4
69814,104,340,3
69815,756,742,3
69816,505,259,3
69817,345,91,4
69818,417,4,3
69819,709,808,4
69820,942,539,3
69821,749,229,3
69822,824,289,2
69823,730,273,2
69824,804,755,3
69825,663,693,4
69826,648,726,3
69827,892,203,5
69828,766,8,5
69829,653,186,5
69830,460,100,5
69831,579,69,2
69832,882,929,1
69833,539,319,5
69834,667,269,5
69835,622,125,3
69836,9,50,5
69837,694,52,4
69838,405,65,1
69839,903,467,3
69840,610,352,1
69841,913,430,2
69842,716,659,4
69843,654,154,3
69844,631,1527,2
69845,931,245,4
69846,693,159,4
69847,856,749,3
69848,707,1163,4
69849,773,183,4
69850,787,302,3
69851,674,1197,3
69852,748,181,4
69853,59,30,5
69854,802,260,4
69855,667,962,2
69856,846,1188,2
69857,643,121,4
69858,394,651,4
69859,216,546,2
69860,913,117,1
69861,894,691,3
69862,56,167,3
69863,727,249,2
69864,918,1101,4
69865,294,840,3
69866,393,451,3
69867,663,124,3
69868,721,145,4
69869,788,55,4
69870,868,50,5
69871,435,1014,2
69872,577,470,5
69873,896,942,4
69874,670,199,4
69875,527,187,5
69876,884,736,3
69877,659,494,4
69878,655,1499,3
69879,899,463,4
69880,514,419,4
69881,551,386,1
69882,784,272,4
69883,890,435,5
69884,787,1433,3
69885,524,170,4
69886,854,293,5
69887,493,204,5
69888,394,204,5
69889,307,433,5
69890,643,385,3
69891,840,631,4
69892,11,729,4
69893,655,1070,4
69894,796,510,3
69895,425,898,3
69896,880,195,4
69897,456,405,1
69898,782,935,2
69899,480,50,4
69900,806,461,4
69901,392,513,5
69902,749,100,3
69903,766,22,3
69904,721,197,4
69905,314,365,3
69906,361,194,4
69907,698,423,2
69908,893,724,3
69909,916,474,4
69910,544,338,2
69911,776,656,5
69912,527,661,5
69913,796,549,3
69914,85,1018,4
69915,675,463,5
69916,534,148,4
69917,13,746,3
69918,942,313,3
69919,746,183,4
69920,117,184,3
69921,776,177,4
69922,682,385,3
69923,826,397,3
69924,326,611,3
69925,562,194,5
69926,588,1411,1
69927,712,398,4
69928,429,843,1
69929,303,401,3
69930,552,127,4
69931,843,270,4
69932,859,1132,3
69933,756,121,3
69934,389,485,5
69935,798,208,3
69936,314,827,4
69937,686,209,5
69938,606,148,3
69939,941,124,5
69940,804,423,3
69941,293,143,4
69942,648,412,1
69943,674,257,4
69944,347,210,4
69945,773,210,2
69946,939,689,5
69947,642,401,4
69948,724,307,3
69949,761,1157,5
69950,883,197,4
69951,699,283,4
69952,119,7,5
69953,405,187,5
69954,733,124,5
69955,303,123,4
69956,370,390,1
69957,514,209,3
69958,577,410,3
69959,936,281,4
69960,847,1086,4
69961,825,257,4
69962,92,1216,4
69963,450,336,3
69964,880,368,1
69965,870,218,4
69966,711,704,4
69967,833,1012,4
69968,561,1059,1
69969,128,416,3
69970,15,249,1
69971,338,143,2
69972,654,98,5
69973,896,299,1
69974,823,193,5
69975,889,1218,4
69976,806,122,3
69977,2,289,3
69978,710,333,3
69979,94,195,3
69980,655,1121,3
69981,711,995,4
69982,394,672,3
69983,897,8,3
69984,926,322,2
69985,95,215,4
69986,849,427,4
69987,479,915,4
69988,246,447,3
69989,571,45,4
69990,936,952,4
69991,884,582,5
69992,875,478,4
69993,922,229,4
69994,532,491,5
69995,91,1192,4
69996,788,174,2
69997,62,134,4
69998,699,762,3
69999,561,379,2
70000,338,517,5
70001,290,234,3
70002,458,762,3
70003,524,582,3
70004,530,176,3
70005,332,748,4
70006,747,989,3
70007,533,1048,3
70008,642,28,5
70009,883,312,3
70010,474,655,5
70011,180,53,5
70012,871,56,5
70013,344,50,5
70014,922,451,4
70015,535,950,3
70016,311,747,3
70017,650,121,3
70018,532,203,5
70019,181,743,1
70020,768,744,3
70021,896,135,3
70022,363,239,3
70023,854,922,5
70024,561,655,3
70025,886,43,2
70026,389,15,2
70027,458,484,5
70028,406,492,4
70029,537,550,2
70030,663,187,5
70031,399,545,2
70032,525,100,4
70033,913,310,3
70034,758,98,5
70035,940,56,5
70036,500,286,1
70037,911,313,2
70038,880,1296,3
70039,495,196,3
70040,922,191,3
70041,514,272,4
70042,758,346,2
70043,537,855,3
70044,790,472,2
70045,823,459,4
70046,28,5,3
70047,271,1117,3
70048,630,98,5
70049,178,161,5
70050,886,506,4
70051,641,511,5
70052,798,707,2
70053,579,7,3
70054,870,244,3
70055,844,181,5
70056,514,168,4
70057,805,28,3
70058,561,849,2
70059,793,591,4
70060,580,597,1
70061,758,171,5
70062,658,735,3
70063,900,121,2
70064,655,18,3
70065,889,729,3
70066,620,28,4
70067,762,515,5
70068,870,23,4
70069,307,472,3
70070,798,769,2
70071,919,7,3
70072,640,91,4
70073,92,729,4
70074,913,475,4
70075,922,290,4
70076,524,39,5
70077,480,527,4
70078,85,316,3
70079,741,742,4
70080,900,1028,2
70081,733,126,2
70082,942,269,2
70083,833,33,2
70084,780,183,2
70085,847,71,4
70086,84,282,4
70087,880,269,4
70088,724,286,1
70089,514,22,4
70090,329,50,4
70091,334,209,3
70092,551,100,4
70093,727,550,4
70094,764,282,4
70095,756,402,4
70096,721,239,4
70097,269,639,4
70098,654,638,4
70099,676,302,5
70100,795,705,4
70101,831,317,4
70102,921,173,5
70103,219,906,4
70104,593,51,3
70105,840,582,5
70106,721,937,3
70107,689,150,4
70108,749,812,3
70109,883,405,3
70110,45,742,4
70111,487,559,3
70112,888,792,5
70113,804,367,3
70114,236,135,2
70115,313,651,3
70116,821,274,5
70117,649,298,4
70118,878,100,2
70119,682,243,1
70120,922,151,5
70121,712,486,4
70122,731,611,3
70123,871,896,3
70124,747,524,5
70125,435,268,5
70126,630,69,3
70127,621,577,3
70128,889,202,3
70129,243,631,4
70130,868,567,1
70131,682,148,3
70132,348,117,4
70133,373,367,3
70134,843,590,3
70135,671,22,4
70136,608,195,1
70137,882,195,5
70138,782,259,1
70139,712,88,4
70140,880,276,4
70141,806,588,4
70142,85,428,5
70143,514,88,4
70144,122,57,2
70145,666,121,3
70146,705,193,3
70147,823,64,5
70148,919,15,5
70149,429,196,4
70150,222,412,1
70151,158,107,3
70152,916,593,4
70153,665,483,4
70154,385,1070,5
70155,589,333,5
70156,919,475,3
70157,523,14,5
70158,418,1313,2
70159,624,313,5
70160,753,286,3
70161,618,193,4
70162,714,291,3
70163,143,286,2
70164,757,56,4
70165,187,173,5
70166,916,831,1
70167,561,660,3
70168,1,240,3
70169,838,7,5
70170,532,427,5
70171,924,836,3
70172,881,218,4
70173,846,241,4
70174,943,186,5
70175,940,355,1
70176,815,134,4
70177,149,340,4
70178,10,617,5
70179,13,917,4
70180,674,597,3
70181,883,692,3
70182,870,210,4
70183,721,261,3
70184,679,63,3
70185,393,259,4
70186,875,321,3
70187,919,201,4
70188,864,12,5
70189,699,930,2
70190,554,202,4
70191,223,1052,1
70192,682,175,3
70193,847,218,3
70194,921,132,3
70195,854,225,1
70196,655,735,3
70197,774,429,1
70198,726,535,3
70199,89,86,5
70200,771,189,5
70201,640,693,5
70202,617,448,3
70203,234,939,2
70204,303,1335,3
70205,850,82,5
70206,798,380,3
70207,417,185,3
70208,843,209,3
70209,655,423,3
70210,334,190,4
70211,863,288,4
70212,305,464,3
70213,881,304,3
70214,134,294,4
70215,889,451,3
70216,648,1271,4
70217,788,187,4
70218,452,501,3
70219,823,747,4
70220,198,939,3
70221,515,300,5
70222,729,362,4
70223,750,303,4
70224,627,735,4
70225,555,505,4
70226,826,332,3
70227,646,678,3
70228,495,182,5
70229,22,405,1
70230,661,249,3
70231,508,514,5
70232,864,102,4
70233,896,739,2
70234,294,986,3
70235,657,294,5
70236,246,257,4
70237,796,566,4
70238,707,1479,5
70239,292,181,4
70240,655,1068,3
70241,870,792,3
70242,880,595,1
70243,786,127,4
70244,435,427,3
70245,638,450,1
70246,923,1028,4
70247,293,168,4
70248,299,1068,3
70249,916,944,2
70250,908,147,2
70251,152,763,5
70252,43,100,4
70253,892,187,5
70254,659,197,5
70255,847,104,3
70256,450,235,3
70257,42,595,1
70258,151,1047,2
70259,305,13,3
70260,892,178,5
70261,23,679,3
70262,862,480,5
70263,847,756,1
70264,643,435,5
70265,648,153,4
70266,586,172,4
70267,476,94,2
70268,234,724,4
70269,168,931,3
70270,601,96,2
70271,916,1268,3
70272,916,381,3
70273,727,291,4
70274,841,344,3
70275,862,1199,2
70276,537,641,4
70277,650,239,3
70278,881,333,5
70279,564,117,4
70280,883,174,4
70281,606,596,4
70282,710,418,3
70283,62,451,3
70284,523,523,3
70285,454,472,3
70286,719,423,3
70287,863,749,2
70288,782,1391,4
70289,918,658,3
70290,551,415,4
70291,429,786,2
70292,889,879,3
70293,194,168,5
70294,711,559,3
70295,790,89,4
70296,943,215,5
70297,774,210,1
70298,618,288,3
70299,919,508,5
70300,804,134,4
70301,599,476,4
70302,655,2,3
70303,851,157,4
70304,836,238,4
70305,273,313,3
70306,846,518,4
70307,804,480,5
70308,730,301,1
70309,407,153,4
70310,655,511,3
70311,647,71,4
70312,629,69,5
70313,514,81,4
70314,855,45,3
70315,707,490,2
70316,588,98,1
70317,530,174,4
70318,183,649,4
70319,755,887,3
70320,379,577,4
70321,899,228,3
70322,620,834,2
70323,28,96,5
70324,934,461,4
70325,476,245,4
70326,102,550,2
70327,559,660,1
70328,833,108,2
70329,694,606,4
70330,670,135,3
70331,435,609,4
70332,389,709,4
70333,224,555,3
70334,887,183,1
70335,899,135,4
70336,894,937,4
70337,764,946,4
70338,875,527,4
70339,891,15,4
70340,648,810,4
70341,458,1,4
70342,943,443,2
70343,881,100,4
70344,919,286,4
70345,788,291,4
70346,536,487,4
70347,712,367,4
70348,397,480,5
70349,59,929,2
70350,624,100,5
70351,474,471,3
70352,662,10,4
70353,918,28,4
70354,833,1017,4
70355,84,79,4
70356,932,671,3
70357,913,42,3
70358,919,289,3
70359,737,196,3
70360,655,315,4
70361,267,158,4
70362,807,235,1
70363,715,658,4
70364,760,288,4
70365,887,8,4
70366,892,385,3
70367,936,298,4
70368,727,161,4
70369,934,228,4
70370,885,97,5
70371,919,819,3
70372,698,606,2
70373,651,285,4
70374,639,162,3
70375,547,319,4
70376,622,202,4
70377,632,95,5
70378,840,489,3
70379,276,1483,3
70380,559,87,4
70381,313,742,3
70382,690,722,3
70383,894,877,3
70384,592,895,3
70385,110,63,3
70386,660,1050,4
70387,287,941,3
70388,685,324,3
70389,897,926,4
70390,757,1240,3
70391,693,977,3
70392,835,180,5
70393,648,208,5
70394,788,380,3
70395,693,664,2
70396,506,566,4
70397,501,122,4
70398,488,294,4
70399,833,206,4
70400,260,270,5
70401,495,96,4
70402,844,1039,4
70403,886,230,2
70404,918,487,4
70405,291,717,3
70406,537,343,2
70407,639,786,3
70408,798,1297,3
70409,716,257,5
70410,224,591,3
70411,653,213,2
70412,257,14,5
70413,864,419,4
70414,758,8,5
70415,890,204,4
70416,463,749,3
70417,806,50,5
70418,189,1056,3
70419,868,475,4
70420,932,483,5
70421,486,306,1
70422,886,474,4
70423,374,1197,4
70424,932,157,4
70425,682,769,2
70426,758,212,4
70427,385,421,2
70428,887,934,4
70429,713,302,4
70430,664,137,3
70431,805,1091,2
70432,836,258,4
70433,896,168,4
70434,406,216,3
70435,663,108,2
70436,625,678,3
70437,496,277,5
70438,790,222,3
70439,622,207,5
70440,102,449,4
70441,425,5,1
70442,847,735,4
70443,399,890,2
70444,776,441,2
70445,819,321,4
70446,821,1060,5
70447,942,511,4
70448,758,200,5
70449,758,1039,5
70450,334,193,4
70451,452,82,3
70452,935,257,2
70453,416,164,5
70454,776,437,1
70455,707,696,4
70456,561,72,2
70457,270,185,5
70458,884,300,1
70459,537,1025,1
70460,748,189,4
70461,886,288,4
70462,421,208,2
70463,524,235,1
70464,452,23,2
70465,162,826,3
70466,99,326,3
70467,909,300,5
70468,659,319,3
70469,843,204,3
70470,405,1334,1
70471,460,1137,3
70472,543,1174,3
70473,927,456,2
70474,327,178,4
70475,49,367,3
70476,361,443,3
70477,194,265,4
70478,907,813,5
70479,846,196,4
70480,488,742,4
70481,910,332,2
70482,707,747,3
70483,125,663,3
70484,901,476,5
70485,648,180,1
70486,714,151,3
70487,897,485,3
70488,550,181,5
70489,683,300,3
70490,227,100,5
70491,757,233,3
70492,62,172,5
70493,922,212,2
70494,314,1094,1
70495,831,12,5
70496,774,986,1
70497,700,531,4
70498,514,185,3
70499,179,353,1
70500,919,742,4
70501,181,593,1
70502,554,597,4
70503,655,156,2
70504,881,230,4
70505,934,315,4
70506,689,118,4
70507,804,468,4
70508,655,211,3
70509,750,328,4
70510,908,200,2
70511,727,1016,3
70512,815,432,5
70513,11,52,3
70514,610,505,4
70515,863,691,3
70516,936,111,4
70517,474,748,3
70518,840,367,4
70519,43,755,3
70520,522,205,4
70521,718,751,5
70522,753,347,2
70523,663,323,2
70524,708,508,4
70525,457,485,4
70526,919,325,4
70527,606,156,4
70528,778,186,4
70529,897,736,3
70530,207,685,3
70531,631,310,4
70532,756,245,3
70533,625,4,4
70534,819,315,5
70535,671,472,5
70536,745,64,5
70537,151,611,4
70538,615,528,4
70539,1,7,4
70540,811,289,2
70541,747,463,3
70542,847,257,3
70543,595,815,3
70544,747,209,3
70545,389,946,3
70546,279,713,3
70547,344,19,4
70548,451,886,4
70549,721,455,5
70550,709,578,4
70551,919,1086,4
70552,896,572,2
70553,758,25,4
70554,738,193,5
70555,592,340,5
70556,798,961,1
70557,771,216,5
70558,783,750,4
70559,881,524,4
70560,391,322,3
70561,429,530,4
70562,625,100,3
70563,279,462,3
70564,227,1068,4
70565,663,307,4
70566,649,282,4
70567,384,879,4
70568,62,739,2
70569,753,71,5
70570,606,717,3
70571,454,367,4
70572,648,83,4
70573,848,603,5
70574,883,919,4
70575,938,1033,2
70576,921,82,3
70577,586,1207,2
70578,639,647,3
70579,634,929,3
70580,802,218,3
70581,210,402,5
70582,796,389,4
70583,747,945,4
70584,580,343,5
70585,542,168,4
70586,354,13,3
70587,452,607,5
70588,782,1142,3
70589,929,474,4
70590,933,734,2
70591,551,673,4
70592,731,15,4
70593,886,229,3
70594,710,95,3
70595,486,16,3
70596,907,118,4
70597,498,531,3
70598,94,423,4
70599,118,188,5
70600,751,588,5
70601,537,185,4
70602,603,450,3
70603,465,357,4
70604,146,269,4
70605,846,202,5
70606,682,223,1
70607,710,1019,4
70608,659,443,5
70609,659,642,2
70610,854,919,4
70611,255,743,1
70612,409,1159,2
70613,97,172,4
70614,650,38,3
70615,833,195,5
70616,752,358,4
70617,786,121,2
70618,650,21,2
70619,886,241,4
70620,747,189,4
70621,666,478,4
70622,527,154,3
70623,637,125,3
70624,656,326,1
70625,854,288,5
70626,416,118,2
70627,863,900,3
70628,880,123,4
70629,23,1004,3
70630,399,658,3
70631,682,211,4
70632,833,642,3
70633,792,151,3
70634,314,117,4
70635,407,395,1
70636,862,431,5
70637,666,805,4
70638,94,939,4
70639,96,200,5
70640,705,655,3
70641,406,23,4
70642,665,421,4
70643,70,678,3
70644,793,257,4
70645,369,335,2
70646,458,1109,4
70647,303,873,3
70648,405,418,5
70649,116,145,2
70650,751,142,4
70651,393,892,3
70652,454,312,3
70653,42,1048,1
70654,942,304,5
70655,510,261,2
70656,490,100,3
70657,577,96,4
70658,655,276,4
70659,201,12,4
70660,405,1540,2
70661,499,166,5
70662,806,17,4
70663,653,429,3
70664,799,484,3
70665,707,1141,3
70666,489,754,5
70667,848,642,5
70668,881,356,3
70669,556,209,5
70670,766,485,3
70671,653,1267,1
70672,848,179,5
70673,456,98,3
70674,863,1234,3
70675,885,28,4
70676,435,401,3
70677,802,258,5
70678,429,587,3
70679,766,196,3
70680,919,318,5
70681,422,773,3
70682,709,567,2
70683,757,350,3
70684,864,501,3
70685,913,185,4
70686,551,40,1
70687,532,1162,2
70688,574,896,2
70689,940,147,4
70690,643,127,5
70691,932,209,5
70692,802,424,2
70693,748,650,1
70694,741,121,2
70695,619,750,3
70696,823,98,5
70697,40,1038,1
70698,655,896,4
70699,591,45,5
70700,897,742,3
70701,880,272,5
70702,617,672,3
70703,804,234,4
70704,648,29,2
70705,903,118,4
70706,660,294,3
70707,666,48,4
70708,666,435,4
70709,450,190,4
70710,747,21,2
70711,880,471,4
70712,653,779,1
70713,943,210,4
70714,627,174,3
70715,58,1008,1
70716,322,33,4
70717,593,131,4
70718,799,173,5
70719,506,1019,5
70720,619,554,3
70721,933,219,1
70722,741,781,4
70723,798,709,5
70724,334,866,3
70725,655,751,3
70726,807,597,4
70727,890,193,4
70728,766,613,3
70729,486,1137,5
70730,488,754,4
70731,655,796,2
70732,688,341,5
70733,447,257,3
70734,880,697,2
70735,886,451,3
70736,658,477,3
70737,454,751,4
70738,934,239,4
70739,405,735,5
70740,796,623,3
70741,388,98,5
70742,661,197,4
70743,374,276,4
70744,914,736,3
70745,798,204,4
70746,214,188,5
70747,911,7,4
70748,10,230,4
70749,405,203,1
70750,760,120,1
70751,588,366,5
70752,480,197,3
70753,29,180,4
70754,545,177,3
70755,925,678,3
70756,201,692,3
70757,778,150,3
70758,246,941,1
70759,94,208,4
70760,939,476,5
70761,780,485,4
70762,301,282,4
70763,936,236,5
70764,917,1014,2
70765,757,969,3
70766,503,79,5
70767,429,234,4
70768,303,1097,3
70769,825,248,4
70770,828,702,2
70771,415,204,4
70772,742,1,4
70773,832,322,3
70774,663,150,5
70775,705,227,4
70776,621,68,4
70777,391,651,5
70778,671,50,5
70779,532,495,4
70780,901,568,5
70781,875,12,5
70782,851,866,3
70783,705,843,2
70784,649,50,4
70785,920,300,3
70786,235,1105,2
70787,23,59,4
70788,897,679,5
70789,925,218,4
70790,664,518,4
70791,712,61,3
70792,429,510,4
70793,665,196,4
70794,229,886,1
70795,544,328,3
70796,532,105,3
70797,887,416,2
70798,222,637,2
70799,330,237,4
70800,896,15,3
70801,334,142,3
70802,580,125,3
70803,29,306,4
70804,784,310,4
70805,632,845,4
70806,600,431,3
70807,543,508,4
70808,474,515,5
70809,751,98,5
70810,886,651,5
70811,790,226,3
70812,556,988,1
70813,612,117,4
70814,303,725,1
70815,921,252,4
70816,537,124,4
70817,592,343,3
70818,13,497,5
70819,398,133,3
70820,776,218,4
70821,943,685,4
70822,608,111,1
70823,655,363,3
70824,846,715,4
70825,940,610,1
70826,900,508,3
70827,578,288,3
70828,870,185,4
70829,664,529,4
70830,732,245,4
70831,918,174,3
70832,736,1089,1
70833,896,70,4
70834,385,656,5
70835,706,325,1
70836,598,269,3
70837,653,227,3
70838,493,25,4
70839,650,561,3
70840,865,189,4
70841,907,497,5
70842,854,846,3
70843,561,549,2
70844,630,742,5
70845,893,122,2
70846,933,214,3
70847,303,92,4
70848,704,648,5
70849,889,137,4
70850,774,1079,1
70851,463,271,1
70852,526,121,2
70853,800,300,4
70854,798,949,3
70855,655,144,3
70856,537,279,2
70857,324,340,5
70858,654,95,4
70859,366,675,4
70860,786,9,5
70861,843,225,2
70862,898,748,4
70863,747,11,5
70864,223,329,2
70865,222,596,3
70866,673,292,4
70867,931,362,3
70868,693,48,5
70869,872,864,3
70870,641,513,5
70871,848,476,3
70872,918,45,4
70873,919,477,4
70874,883,568,3
70875,674,1620,4
70876,654,11,4
70877,466,899,5
70878,360,879,3
70879,889,597,3
70880,487,841,2
70881,29,657,4
70882,486,926,2
70883,823,135,4
70884,276,540,1
70885,907,756,4
70886,773,12,3
70887,676,303,4
70888,65,1041,3
70889,164,329,4
70890,588,815,4
70891,653,797,2
70892,867,475,5
70893,863,751,4
70894,437,26,2
70895,399,552,1
70896,484,183,4
70897,731,140,2
70898,840,64,4
70899,768,25,4
70900,435,768,3
70901,840,750,4
70902,943,12,5
70903,935,742,5
70904,887,87,5
70905,856,323,2
70906,5,66,1
70907,416,421,5
70908,314,38,5
70909,586,231,3
70910,749,158,3
70911,682,591,3
70912,853,678,4
70913,881,484,4
70914,693,177,3
70915,480,1121,4
70916,880,1197,3
70917,823,474,5
70918,933,215,3
70919,194,186,5
70920,523,954,5
70921,571,114,4
70922,617,357,4
70923,755,288,1
70924,658,273,4
70925,663,815,4
70926,624,824,2
70927,713,311,3
70928,830,310,4
70929,463,764,2
70930,938,477,1
70931,505,501,2
70932,615,180,4
70933,488,144,3
70934,674,827,4
70935,798,720,5
70936,10,470,4
70937,704,272,5
70938,231,300,4
70939,927,7,3
70940,747,416,5
70941,889,430,4
70942,833,5,1
70943,669,408,5
70944,890,134,5
70945,911,89,4
70946,528,427,4
70947,878,66,3
70948,715,168,4
70949,840,707,5
70950,669,647,5
70951,864,178,4
70952,189,1020,4
70953,721,1265,3
70954,249,50,4
70955,487,53,2
70956,869,242,2
70957,639,196,3
70958,766,633,4
70959,676,539,4
70960,881,476,2
70961,622,99,4
70962,622,159,3
70963,858,269,4
70964,552,181,3
70965,479,222,4
70966,923,174,5
70967,448,258,4
70968,474,505,5
70969,13,145,2
70970,59,60,5
70971,771,137,4
70972,916,28,4
70973,436,239,3
70974,804,144,4
70975,661,707,5
70976,774,215,3
70977,474,671,3
70978,854,815,2
70979,660,485,3
70980,54,250,4
70981,716,842,3
70982,87,66,5
70983,72,1148,4
70984,416,898,4
70985,919,418,4
70986,560,472,2
70987,669,246,4
70988,897,22,5
70989,702,222,5
70990,903,1073,3
70991,666,507,3
70992,586,411,2
70993,651,116,2
70994,795,655,3
70995,882,597,4
70996,897,82,5
70997,886,549,3
70998,796,286,2
70999,226,370,3
71000,848,638,5
71001,661,318,5
71002,816,313,5
71003,894,515,4
71004,503,489,4
71005,876,187,4
71006,480,79,4
71007,511,887,5
71008,892,174,5
71009,593,122,1
71010,524,126,4
71011,833,654,5
71012,727,635,2
71013,413,289,4
71014,919,268,3
71015,683,317,4
71016,303,204,4
71017,892,845,4
71018,158,385,3
71019,620,924,3
71020,655,242,4
71021,698,662,2
71022,521,108,3
71023,405,781,5
71024,648,561,2
71025,851,1089,3
71026,534,7,4
71027,748,64,4
71028,923,181,5
71029,343,217,3
71030,896,95,4
71031,417,411,2
71032,514,1115,4
71033,882,122,2
71034,940,1401,1
71035,919,5,4
71036,660,3,1
71037,311,222,4
71038,774,231,1
71039,174,407,1
71040,719,582,3
71041,919,1114,3
71042,263,484,4
71043,733,324,4
71044,766,62,3
71045,435,1069,4
71046,485,269,4
71047,477,794,4
71048,210,1118,4
71049,455,124,4
71050,540,181,4
71051,296,285,5
71052,360,285,5
71053,343,157,4
71054,773,924,1
71055,4,362,5
71056,868,228,5
71057,595,744,3
71058,652,984,2
71059,846,294,3
71060,497,719,3
71061,158,208,5
71062,668,355,2
71063,497,684,3
71064,554,527,4
71065,342,763,3
71066,664,57,4
71067,368,573,3
71068,893,237,4
71069,913,655,4
71070,820,271,2
71071,784,751,4
71072,816,288,4
71073,298,845,3
71074,851,353,3
71075,853,330,1
71076,798,88,4
71077,595,240,3
71078,738,527,5
71079,385,176,2
71080,435,636,4
71081,262,631,4
71082,716,606,5
71083,207,515,5
71084,890,142,3
71085,450,102,4
71086,683,323,3
71087,830,1,4
71088,937,268,1
71089,796,570,2
71090,898,751,3
71091,747,14,3
71092,720,268,4
71093,130,300,5
71094,727,413,2
71095,716,474,5
71096,115,79,4
71097,481,498,5
71098,70,343,4
71099,116,1258,2
71100,858,307,3
71101,399,24,4
71102,632,451,4
71103,919,582,5
71104,776,194,4
71105,896,238,3
71106,659,252,4
71107,847,476,4
71108,682,239,3
71109,529,332,4
71110,504,575,3
71111,606,619,4
71112,280,866,3
71113,585,1155,5
71114,867,181,5
71115,502,343,5
71116,378,44,3
71117,733,1,2
71118,276,65,4
71119,449,544,3
71120,676,174,5
71121,488,678,2
71122,658,467,4
71123,897,132,5
71124,896,271,1
71125,347,95,4
71126,240,349,1
71127,911,99,3
71128,301,866,4
71129,893,259,3
71130,790,273,5
71131,804,28,4
71132,795,928,1
71133,796,443,2
71134,262,476,3
71135,561,210,3
71136,380,50,4
71137,835,633,5
71138,833,826,2
71139,931,121,2
71140,576,210,4
71141,297,124,4
71142,326,227,3
71143,864,63,3
71144,747,117,2
71145,213,117,4
71146,83,1041,4
71147,37,7,4
71148,542,196,4
71149,733,150,2
71150,521,651,3
71151,621,50,5
71152,880,327,3
71153,334,71,3
71154,836,654,5
71155,660,95,2
71156,823,228,3
71157,624,980,4
71158,21,980,2
71159,487,966,5
71160,727,808,2
71161,922,406,4
71162,417,993,3
71163,279,95,3
71164,881,286,2
71165,875,512,5
71166,634,740,2
71167,690,655,4
71168,577,693,1
71169,253,121,5
71170,435,56,5
71171,868,201,2
71172,493,109,4
71173,286,169,3
71174,487,64,5
71175,655,581,2
71176,634,676,4
71177,413,460,3
71178,782,347,1
71179,854,664,4
71180,851,147,4
71181,846,663,4
71182,913,588,3
71183,880,1023,2
71184,922,449,4
71185,499,430,3
71186,880,71,4
71187,608,218,4
71188,934,223,5
71189,151,436,3
71190,178,215,5
71191,518,1,4
71192,544,313,5
71193,788,562,3
71194,655,82,2
71195,773,364,4
71196,543,318,3
71197,766,173,4
71198,596,295,4
71199,401,278,4
71200,590,1014,3
71201,938,763,4
71202,936,1086,3
71203,902,333,3
71204,839,410,1
71205,600,665,5
71206,897,161,5
71207,901,96,5
71208,919,1048,3
71209,923,831,4
71210,700,318,4
71211,649,471,5
71212,650,168,4
71213,538,712,3
71214,561,162,3
71215,306,303,3
71216,847,11,3
71217,373,135,1
71218,456,485,4
71219,436,348,4
71220,665,721,3
71221,872,280,3
71222,185,50,4
71223,797,127,4
71224,664,692,3
71225,618,660,3
71226,11,737,4
71227,775,302,3
71228,627,679,3
71229,361,283,4
71230,625,22,3
71231,795,96,2
71232,655,186,3
71233,293,1,2
71234,936,313,4
71235,881,625,5
71236,679,748,4
71237,897,199,4
71238,875,1073,5
71239,747,485,5
71240,878,707,2
71241,678,237,3
71242,537,690,2
71243,592,431,2
71244,892,423,5
71245,489,346,5
71246,332,226,5
71247,66,282,3
71248,727,841,3
71249,566,173,3
71250,894,170,4
71251,678,742,4
71252,864,229,4
71253,109,1016,5
71254,705,699,5
71255,610,162,5
71256,757,79,4
71257,776,708,5
71258,405,392,5
71259,840,168,5
71260,566,156,4
71261,924,1011,3
71262,682,1217,3
71263,647,79,4
71264,790,69,1
71265,751,91,4
71266,682,271,4
71267,463,1,1
71268,921,15,4
71269,303,333,4
71270,901,13,1
71271,94,91,5
71272,399,78,3
71273,748,515,4
71274,763,47,3
71275,256,96,5
71276,864,100,5
71277,633,318,4
71278,894,310,3
71279,537,190,4
71280,789,284,3
71281,712,71,5
71282,889,317,4
71283,67,756,3
71284,455,620,3
71285,536,304,3
71286,902,250,4
71287,774,393,1
71288,883,213,2
71289,847,121,3
71290,929,23,3
71291,527,129,2
71292,472,257,4
71293,919,221,4
71294,341,335,4
71295,844,24,5
71296,727,228,4
71297,216,27,3
71298,866,305,2
71299,567,492,4
71300,276,1036,2
71301,882,82,5
71302,629,357,4
71303,184,262,5
71304,457,388,2
71305,537,121,1
71306,385,715,3
71307,276,55,4
71308,900,200,2
71309,751,28,5
71310,840,1018,3
71311,630,1,4
71312,595,273,3
71313,702,449,3
71314,476,319,1
71315,899,51,1
71316,854,170,4
71317,13,853,1
71318,896,343,1
71319,500,370,3
71320,566,879,2
71321,933,546,2
71322,303,596,4
71323,406,558,3
71324,913,202,4
71325,880,603,5
71326,532,452,5
71327,897,193,3
71328,921,79,4
71329,496,705,2
71330,189,318,5
71331,407,195,4
71332,327,56,2
71333,655,340,3
71334,796,739,5
71335,844,1099,2
71336,886,231,2
71337,450,403,4
71338,790,825,3
71339,763,625,4
71340,294,93,4
71341,887,38,5
71342,16,591,4
71343,41,152,4
71344,831,64,5
71345,892,214,2
71346,788,550,3
71347,450,221,4
71348,488,873,3
71349,727,283,2
71350,874,150,4
71351,749,25,4
71352,941,117,5
71353,716,199,4
71354,910,252,2
71355,932,1512,5
71356,671,159,5
71357,766,965,3
71358,661,418,4
71359,455,50,5
71360,894,381,3
71361,447,228,4
71362,688,898,5
71363,360,83,4
71364,761,293,4
71365,243,367,3
71366,405,1006,1
71367,279,385,4
71368,166,315,3
71369,938,333,4
71370,884,381,5
71371,934,100,4
71372,756,89,4
71373,655,869,2
71374,654,535,3
71375,865,302,5
71376,881,432,3
71377,618,731,2
71378,178,410,4
71379,533,846,2
71380,42,826,3
71381,790,63,2
71382,545,510,3
71383,839,1009,3
71384,897,182,4
71385,833,209,5
71386,592,514,5
71387,803,339,3
71388,622,135,4
71389,694,510,5
71390,792,597,3
71391,870,2,2
71392,643,496,4
71393,815,542,4
71394,666,433,3
71395,181,106,2
71396,653,176,3
71397,290,993,4
71398,539,204,4
71399,486,950,4
71400,628,8,2
71401,830,71,4
71402,925,682,4
71403,407,747,3
71404,56,559,4
71405,645,22,4
71406,796,434,4
71407,269,17,2
71408,896,631,2
71409,435,1552,3
71410,923,245,3
71411,177,127,5
71412,552,1095,3
71413,796,188,2
71414,871,173,5
71415,621,313,5
71416,655,128,3
71417,401,751,1
71418,468,82,5
71419,663,1119,3
71420,913,175,5
71421,890,655,3
71422,774,7,2
71423,92,199,3
71424,472,150,3
71425,776,187,4
71426,879,15,4
71427,867,276,1
71428,930,763,3
71429,592,357,4
71430,521,343,3
71431,586,22,3
71432,303,461,4
71433,887,418,4
71434,637,931,1
71435,916,222,3
71436,588,222,3
71437,896,201,3
71438,474,187,5
71439,911,501,3
71440,577,708,3
71441,794,420,4
71442,939,409,4
71443,886,657,5
71444,265,288,4
71445,853,688,3
71446,119,1265,3
71447,618,458,3
71448,210,98,5
71449,854,463,3
71450,564,118,4
71451,527,69,4
71452,618,62,2
71453,198,475,4
71454,716,482,5
71455,704,528,3
71456,934,405,5
71457,818,690,3
71458,405,1487,1
71459,537,183,3
71460,752,882,4
71461,925,56,3
71462,689,410,1
71463,781,268,2
71464,286,413,3
71465,655,255,3
71466,846,1069,4
71467,504,330,4
71468,13,566,5
71469,280,392,5
71470,645,318,5
71471,635,682,2
71472,178,12,5
71473,379,151,4
71474,453,826,1
71475,198,343,3
71476,766,216,3
71477,828,14,4
71478,773,475,3
71479,805,47,5
71480,846,492,3
71481,111,311,4
71482,880,245,2
71483,711,42,3
71484,901,566,5
71485,815,191,5
71486,936,927,4
71487,841,873,4
71488,846,684,5
71489,749,1088,2
71490,422,567,3
71491,693,56,4
71492,612,259,3
71493,618,403,4
71494,700,423,4
71495,666,385,3
71496,849,174,5
71497,591,866,3
71498,524,704,4
71499,637,740,2
71500,663,15,4
71501,763,475,4
71502,704,493,4
71503,450,23,5
71504,655,23,3
71505,344,588,5
71506,882,228,5
71507,860,890,2
71508,303,1040,1
71509,696,748,1
71510,90,316,5
71511,536,148,4
71512,16,732,5
71513,894,898,4
71514,667,69,3
71515,268,96,5
71516,498,135,5
71517,499,624,2
71518,881,403,3
71519,828,381,3
71520,655,900,3
71521,682,790,3
71522,692,1047,2
71523,893,1218,3
71524,916,91,4
71525,474,255,4
71526,694,89,4
71527,479,431,4
71528,879,1284,3
71529,796,238,3
71530,420,190,5
71531,616,339,3
71532,790,68,3
71533,919,4,1
71534,128,69,4
71535,682,696,4
71536,798,1164,3
71537,890,215,4
71538,249,853,4
71539,608,190,4
71540,654,3,3
71541,923,689,3
71542,11,427,4
71543,864,628,4
71544,683,307,3
71545,542,282,3
71546,545,168,4
71547,900,834,1
71548,648,2,4
71549,43,421,3
71550,618,275,3
71551,174,951,1
71552,927,367,5
71553,671,566,4
71554,568,520,2
71555,666,135,4
71556,798,194,4
71557,524,1046,3
71558,543,183,4
71559,298,125,3
71560,608,443,5
71561,943,237,4
71562,825,130,2
71563,756,171,4
71564,899,95,5
71565,716,615,3
71566,796,45,3
71567,903,1101,4
71568,6,468,3
71569,712,168,2
71570,834,475,5
71571,677,289,1
71572,440,361,5
71573,374,54,4
71574,782,339,3
71575,867,168,4
71576,28,448,4
71577,160,11,4
71578,789,1017,3
71579,590,740,4
71580,95,250,4
71581,918,135,1
71582,854,24,4
71583,749,866,3
71584,804,195,5
71585,13,262,4
71586,714,3,5
71587,548,286,1
71588,406,724,3
71589,915,270,3
71590,562,185,5
71591,524,461,3
71592,190,258,3
71593,869,15,1
71594,717,300,5
71595,387,953,2
71596,883,49,3
71597,851,828,2
71598,186,12,1
71599,886,1208,3
71600,643,448,3
71601,406,444,3
71602,76,264,3
71603,345,248,5
71604,13,393,3
71605,727,941,2
71606,654,70,4
71607,524,4,4
71608,776,145,2
71609,916,721,4
71610,715,64,5
71611,929,1,3
71612,647,73,5
71613,373,233,3
71614,901,679,4
71615,790,246,4
71616,385,357,4
71617,788,963,4
71618,807,313,5
71619,632,527,4
71620,790,49,3
71621,95,1227,2
71622,181,1356,1
71623,667,210,3
71624,916,281,3
71625,416,791,2
71626,682,229,4
71627,394,24,5
71628,852,260,3
71629,749,167,2
71630,696,302,5
71631,868,198,5
71632,643,156,5
71633,13,127,5
71634,346,159,4
71635,927,274,1
71636,342,152,4
71637,404,272,4
71638,618,25,2
71639,187,137,5
71640,666,514,4
71641,240,358,2
71642,283,291,2
71643,774,44,1
71644,886,54,3
71645,7,592,5
71646,734,97,4
71647,406,602,3
71648,524,259,3
71649,732,875,1
71650,508,629,4
71651,373,88,4
71652,878,60,4
71653,796,1303,2
71654,694,143,4
71655,298,549,4
71656,485,346,4
71657,637,676,3
71658,846,1045,3
71659,474,284,4
71660,854,840,2
71661,211,528,4
71662,825,385,5
71663,788,177,3
71664,716,70,4
71665,883,331,3
71666,751,83,5
71667,64,174,5
71668,796,611,4
71669,498,517,4
71670,793,282,4
71671,690,1273,3
71672,850,294,5
71673,655,1648,2
71674,766,435,3
71675,672,1023,2
71676,268,219,3
71677,643,144,4
71678,900,471,2
71679,823,318,5
71680,706,148,4
71681,588,553,4
71682,887,365,5
71683,443,333,5
71684,26,284,3
71685,655,47,3
71686,790,7,4
71687,721,28,5
71688,562,318,3
71689,463,16,4
71690,880,185,5
71691,601,357,4
71692,840,430,5
71693,684,763,2
71694,743,308,2
71695,470,319,3
71696,387,286,2
71697,847,411,1
71698,354,710,4
71699,13,474,4
71700,754,477,5
71701,642,993,4
71702,764,132,5
71703,724,748,1
71704,653,984,4
71705,683,305,4
71706,311,371,5
71707,449,640,5
71708,505,724,4
71709,207,393,4
71710,806,179,5
71711,756,173,3
71712,450,734,2
71713,62,204,3
71714,514,1600,4
71715,790,678,3
71716,782,1399,2
71717,864,466,4
71718,527,86,4
71719,537,484,4
71720,662,275,4
71721,936,250,5
71722,694,69,5
71723,593,318,5
71724,535,955,3
71725,804,160,4
71726,943,471,5
71727,727,421,5
71728,164,9,4
71729,56,678,4
71730,916,51,2
71731,896,118,2
71732,841,678,4
71733,725,9,4
71734,669,191,3
71735,790,249,3
71736,836,89,4
71737,5,366,3
71738,10,699,4
71739,712,462,3
71740,934,617,4
71741,867,175,5
71742,435,824,1
71743,887,1079,1
71744,707,137,5
71745,838,455,4
71746,901,748,4
71747,311,51,4
71748,672,255,2
71749,345,200,4
71750,474,213,4
71751,788,726,4
71752,931,310,3
71753,290,66,4
71754,428,302,5
71755,468,963,5
71756,731,606,3
71757,405,1055,3
71758,715,39,3
71759,803,303,4
71760,788,100,5
71761,796,100,3
71762,690,402,3
71763,544,259,1
71764,807,418,4
71765,883,559,3
71766,144,284,3
71767,881,265,5
71768,706,682,2
71769,840,429,3
71770,149,303,4
71771,717,262,4
71772,773,710,3
71773,851,981,1
71774,618,181,5
71775,761,15,5
71776,650,432,4
71777,665,566,2
71778,650,160,3
71779,690,763,4
71780,480,185,2
71781,764,218,4
71782,927,421,4
71783,541,265,5
71784,452,385,4
71785,836,793,2
71786,697,122,4
71787,885,402,3
71788,748,498,4
71789,777,818,5
71790,857,547,3
71791,896,89,5
71792,916,1109,3
71793,648,1041,3
71794,942,193,5
71795,256,222,4
71796,46,332,4
71797,473,246,5
71798,655,381,3
71799,508,378,5
71800,826,181,5
71801,840,300,3
71802,826,195,5
71803,621,568,5
71804,661,274,4
71805,938,476,4
71806,846,133,4
71807,41,180,5
71808,934,229,4
71809,606,501,4
71810,663,237,4
71811,269,89,2
71812,886,384,3
71813,806,56,5
71814,513,685,4
71815,883,60,5
71816,774,450,2
71817,880,549,4
71818,660,809,2
71819,407,388,2
71820,925,185,4
71821,148,238,4
71822,940,170,4
71823,802,413,4
71824,393,322,4
71825,607,494,5
71826,416,72,2
71827,619,176,5
71828,95,472,5
71829,870,483,5
71830,938,9,3
71831,161,197,3
71832,893,410,4
71833,697,1012,1
71834,768,16,3
71835,368,53,2
71836,682,427,4
71837,854,238,5
71838,712,234,2
71839,783,881,4
71840,145,436,5
71841,450,671,3
71842,633,56,2
71843,537,642,4
71844,109,226,5
71845,504,1090,4
71846,665,238,4
71847,606,919,2
71848,537,419,2
71849,698,427,1
71850,619,562,3
71851,453,732,3
71852,758,540,3
71853,497,169,4
71854,610,70,4
71855,406,193,4
71856,488,239,4
71857,890,1039,4
71858,796,699,4
71859,754,15,5
71860,836,192,5
71861,399,794,3
71862,927,79,3
71863,530,1226,4
71864,535,276,3
71865,403,151,4
71866,881,826,1
71867,7,39,5
71868,524,943,3
71869,545,232,3
71870,625,423,4
71871,862,56,3
71872,798,588,4
71873,899,69,3
71874,500,151,3
71875,72,1051,4
71876,92,246,4
71877,472,140,3
71878,592,189,5
71879,881,168,3
71880,606,825,5
71881,804,732,4
71882,782,1527,2
71883,521,23,3
71884,659,1168,4
71885,535,566,3
71886,884,258,5
71887,595,1142,5
71888,639,739,3
71889,406,565,3
71890,650,732,3
71891,896,472,2
71892,670,485,5
71893,663,827,2
71894,796,1057,2
71895,697,7,5
71896,612,1060,4
71897,653,712,3
71898,437,606,4
71899,848,732,5
71900,758,344,3
71901,267,69,4
71902,920,332,3
71903,867,270,5
71904,62,237,3
71905,532,204,5
71906,632,739,3
71907,787,305,3
71908,830,211,4
71909,916,530,4
71910,121,25,5
71911,889,170,4
71912,279,152,5
71913,918,1171,4
71914,694,485,4
71915,916,143,3
71916,308,42,4
71917,653,185,2
71918,120,744,4
71919,592,268,5
71920,665,134,4
71921,484,211,4
71922,923,546,4
71923,815,435,4
71924,833,616,5
71925,13,322,3
71926,863,346,5
71927,537,216,3
71928,210,205,4
71929,833,30,4
71930,930,245,3
71931,573,276,3
71932,479,22,4
71933,889,180,4
71934,256,265,4
71935,851,595,3
71936,867,150,5
71937,521,222,4
71938,286,97,4
71939,782,1096,2
71940,758,227,4
71941,908,648,4
71942,679,168,5
71943,280,595,3
71944,887,24,5
71945,622,183,4
71946,934,554,4
71947,551,67,5
71948,862,742,5
71949,880,801,3
71950,851,1025,2
71951,810,288,3
71952,567,387,4
71953,454,530,2
71954,59,620,4
71955,533,748,3
71956,597,181,4
71957,40,343,1
71958,922,172,5
71959,854,294,2
71960,593,301,4
71961,779,1028,4
71962,393,1531,4
71963,897,622,3
71964,428,754,4
71965,717,888,5
71966,698,525,1
71967,586,80,2
71968,666,196,3
71969,933,550,1
71970,7,125,4
71971,327,1129,2
71972,878,20,2
71973,52,333,4
71974,837,25,3
71975,580,271,5
71976,150,124,2
71977,312,638,5
71978,373,69,4
71979,92,39,3
71980,47,304,3
71981,618,7,4
71982,676,269,2
71983,665,157,3
71984,868,1098,5
71985,624,236,3
71986,495,498,3
71987,848,679,3
71988,796,794,4
71989,714,284,3
71990,682,562,2
71991,412,214,3
71992,551,655,5
71993,579,382,3
71994,615,135,4
71995,901,56,1
71996,709,234,5
71997,262,727,3
71998,677,508,5
71999,746,403,4
72000,543,62,3
72001,575,176,4
72002,694,470,4
72003,288,98,5
72004,554,328,4
72005,890,524,4
72006,792,276,3
72007,860,846,2
72008,567,1012,3
72009,888,69,4
72010,704,679,2
72011,537,1163,1
72012,841,333,4
72013,682,801,3
72014,61,310,4
72015,844,168,4
72016,724,750,2
72017,747,304,4
72018,158,648,5
72019,548,1011,2
72020,715,118,2
72021,735,117,3
72022,795,429,3
72023,426,609,3
72024,130,1058,5
72025,698,428,1
72026,64,48,5
72027,932,1573,4
72028,853,288,4
72029,234,702,2
72030,831,323,2
72031,894,223,4
72032,551,531,5
72033,537,61,4
72034,809,307,5
72035,18,516,5
72036,374,274,4
72037,864,770,3
72038,887,187,4
72039,835,185,4
72040,864,541,2
72041,682,1067,3
72042,636,118,5
72043,663,1011,3
72044,689,596,3
72045,466,226,4
72046,889,676,2
72047,360,955,5
72048,273,304,3
72049,650,109,3
72050,601,743,1
72051,298,204,4
72052,339,293,5
72053,655,312,2
72054,453,780,3
72055,328,347,5
72056,887,697,1
72057,378,55,4
72058,677,300,5
72059,346,196,3
72060,913,174,5
72061,512,325,2
72062,405,380,2
72063,516,214,3
72064,643,447,4
72065,862,60,5
72066,763,234,3
72067,711,485,4
72068,451,678,5
72069,871,313,5
72070,693,528,1
72071,712,627,4
72072,670,8,4
72073,7,663,5
72074,669,522,4
72075,385,671,3
72076,933,110,1
72077,698,1115,2
72078,902,515,5
72079,713,269,4
72080,562,173,5
72081,447,278,3
72082,387,109,4
72083,903,98,5
72084,484,153,5
72085,405,1551,1
72086,663,313,5
72087,884,640,1
72088,912,483,5
72089,487,746,4
72090,863,268,5
72091,602,117,5
72092,689,260,3
72093,144,276,3
72094,883,322,5
72095,515,294,3
72096,606,181,5
72097,476,47,3
72098,666,663,4
72099,795,135,3
72100,804,552,4
72101,693,258,4
72102,758,1001,5
72103,863,748,3
72104,786,28,5
72105,639,483,5
72106,714,1,3
72107,831,307,2
72108,43,127,4
72109,617,453,1
72110,567,631,3
72111,655,1063,3
72112,645,340,4
72113,259,293,4
72114,846,96,4
72115,809,313,4
72116,887,718,1
72117,903,177,4
72118,773,855,2
72119,805,331,4
72120,810,902,5
72121,846,488,5
72122,213,64,5
72123,919,58,5
72124,877,226,3
72125,669,531,3
72126,435,33,3
72127,503,174,5
72128,833,452,1
72129,871,750,3
72130,804,1170,3
72131,464,295,5
72132,868,159,2
72133,907,281,5
72134,618,8,3
72135,931,744,4
72136,721,334,1
72137,828,904,3
72138,900,325,1
72139,931,275,5
72140,294,1028,3
72141,149,345,4
72142,788,931,2
72143,711,921,5
72144,548,305,1
72145,387,550,2
72146,393,1270,3
72147,201,479,4
72148,480,654,4
72149,118,508,4
72150,690,9,3
72151,901,949,3
72152,474,127,5
72153,537,528,3
72154,489,351,5
72155,13,78,1
72156,276,12,5
72157,683,272,4
72158,275,199,4
72159,653,174,5
72160,361,285,4
72161,482,328,4
72162,523,258,5
72163,763,25,4
72164,504,216,4
72165,846,575,2
72166,863,1434,2
72167,194,496,4
72168,682,628,4
72169,625,174,4
72170,452,1057,1
72171,661,657,4
72172,733,1226,3
72173,647,405,4
72174,805,469,4
72175,932,54,4
72176,276,303,4
72177,889,11,5
72178,747,393,2
72179,829,170,4
72180,435,181,5
72181,622,781,3
72182,679,1,3
72183,922,403,3
72184,804,1228,3
72185,881,71,4
72186,396,823,2
72187,198,423,3
72188,321,435,5
72189,785,168,4
72190,100,892,2
72191,13,691,4
72192,447,12,5
72193,457,284,3
72194,442,227,3
72195,659,474,2
72196,697,328,5
72197,358,114,5
72198,274,472,3
72199,387,513,5
72200,758,331,4
72201,671,1597,1
72202,454,147,3
72203,654,476,3
72204,844,144,3
72205,694,118,4
72206,907,333,5
72207,914,1355,1
72208,533,1174,3
72209,224,468,4
72210,889,979,3
72211,455,181,4
72212,840,512,5
72213,773,184,2
72214,514,949,3
72215,640,269,5
72216,707,64,3
72217,626,333,1
72218,943,595,2
72219,621,588,3
72220,843,133,3
72221,796,111,4
72222,699,137,4
72223,883,384,3
72224,834,25,3
72225,561,524,4
72226,889,29,3
72227,585,1475,3
72228,693,576,2
72229,116,298,3
72230,752,1127,3
72231,906,740,4
72232,498,673,3
72233,121,736,5
72234,532,234,5
72235,667,28,5
72236,679,727,4
72237,890,423,5
72238,262,255,3
72239,847,216,3
72240,883,137,5
72241,429,39,3
72242,749,658,4
72243,557,289,4
72244,606,50,5
72245,148,174,5
72246,937,515,5
72247,860,900,3
72248,787,877,2
72249,877,55,4
72250,699,220,2
72251,738,231,3
72252,869,269,4
72253,880,1151,3
72254,515,342,3
72255,868,825,1
72256,922,265,5
72257,788,444,3
72258,291,800,2
72259,500,411,2
72260,378,1074,3
72261,607,887,3
72262,276,39,3
72263,338,275,5
72264,409,180,5
72265,480,249,1
72266,432,288,5
72267,881,202,4
72268,218,204,3
72269,795,432,3
72270,763,607,4
72271,344,83,4
72272,790,431,3
72273,627,520,5
72274,18,242,5
72275,488,215,5
72276,93,276,2
72277,624,117,3
72278,796,151,5
72279,730,875,2
72280,776,432,1
72281,679,294,1
72282,826,679,2
72283,922,71,4
72284,450,43,4
72285,655,645,3
72286,843,56,3
72287,466,173,3
72288,440,923,5
72289,95,399,4
72290,843,566,3
72291,890,637,3
72292,671,1109,2
72293,804,692,5
72294,870,154,4
72295,236,510,3
72296,870,988,2
72297,476,90,3
72298,749,98,5
72299,899,471,4
72300,921,190,2
72301,932,589,5
72302,916,727,4
72303,690,70,2
72304,324,125,5
72305,122,357,3
72306,698,175,3
72307,468,135,5
72308,809,302,5
72309,747,603,5
72310,896,46,2
72311,537,497,4
72312,857,116,5
72313,311,91,3
72314,542,42,3
72315,271,472,2
72316,504,729,5
72317,918,190,5
72318,459,619,4
72319,435,685,2
72320,189,137,4
72321,943,62,3
72322,795,25,5
72323,795,120,3
72324,706,273,3
72325,527,558,4
72326,934,388,3
72327,462,655,5
72328,666,195,3
72329,256,1471,3
72330,660,1135,2
72331,303,636,3
72332,279,450,4
72333,608,303,4
72334,527,214,4
72335,796,484,5
72336,110,364,3
72337,912,496,4
72338,450,172,4
72339,929,271,2
72340,405,373,2
72341,916,134,5
72342,940,95,5
72343,601,135,4
72344,906,628,5
72345,912,143,5
72346,94,636,4
72347,336,585,3
72348,716,420,4
72349,857,988,2
72350,666,153,4
72351,889,190,3
72352,660,403,3
72353,125,1170,1
72354,838,235,2
72355,880,254,2
72356,900,294,4
72357,774,808,1
72358,765,222,2
72359,883,1222,5
72360,655,902,2
72361,936,14,4
72362,245,151,3
72363,608,23,5
72364,486,1176,3
72365,28,31,4
72366,653,809,3
72367,843,436,2
72368,709,214,1
72369,890,489,4
72370,747,875,3
72371,932,647,5
72372,774,307,1
72373,660,470,2
72374,269,186,2
72375,897,566,2
72376,655,118,2
72377,496,483,4
72378,504,205,3
72379,840,664,3
72380,532,339,5
72381,773,61,5
72382,177,174,4
72383,877,702,4
72384,745,207,2
72385,545,175,4
72386,925,323,4
72387,743,269,4
72388,504,476,5
72389,789,137,2
72390,18,88,3
72391,527,192,4
72392,843,271,5
72393,665,188,4
72394,616,349,4
72395,927,41,4
72396,532,739,5
72397,854,69,4
72398,622,174,4
72399,823,531,4
72400,889,17,4
72401,912,423,5
72402,807,969,4
72403,712,401,3
72404,807,161,4
72405,870,697,4
72406,174,99,3
72407,793,293,4
72408,152,294,4
72409,619,96,5
72410,506,529,3
72411,778,157,3
72412,103,294,4
72413,786,237,5
72414,857,283,5
72415,883,226,3
72416,393,288,3
72417,728,304,4
72418,18,856,5
72419,540,280,3
72420,280,3,2
72421,361,603,5
72422,875,753,3
72423,101,546,4
72424,936,249,5
72425,407,739,3
72426,833,240,4
72427,709,431,5
72428,919,1012,4
72429,901,35,4
72430,345,974,3
72431,633,77,3
72432,880,734,3
72433,442,268,4
72434,838,12,4
72435,851,881,3
72436,766,672,3
72437,64,234,4
72438,907,198,5
72439,627,28,3
72440,786,696,3
72441,896,474,3
72442,684,67,3
72443,7,132,5
72444,394,69,5
72445,293,185,5
72446,289,121,3
72447,804,432,3
72448,699,50,3
72449,447,25,4
72450,815,65,5
72451,603,222,4
72452,632,693,2
72453,804,265,4
72454,788,270,2
72455,119,751,3
72456,804,173,4
72457,747,86,5
72458,885,946,3
72459,791,9,5
72460,274,629,5
72461,918,179,2
72462,894,744,3
72463,393,398,4
72464,618,99,3
72465,870,471,4
72466,758,364,4
72467,156,157,4
72468,498,9,2
72469,931,116,4
72470,655,566,3
72471,889,97,3
72472,924,202,4
72473,600,373,3
72474,897,73,3
72475,749,9,3
72476,218,663,3
72477,592,1258,1
72478,486,831,3
72479,880,88,3
72480,690,73,2
72481,940,174,4
72482,623,202,1
72483,711,189,5
72484,736,286,4
72485,709,1218,4
72486,321,603,5
72487,128,468,1
72488,437,121,3
72489,878,317,4
72490,474,929,3
72491,541,110,4
72492,766,402,3
72493,102,785,2
72494,890,737,3
72495,837,1047,1
72496,721,323,3
72497,880,405,4
72498,870,641,4
72499,700,169,3
72500,94,1009,4
72501,535,25,4
72502,71,52,4
72503,128,229,2
72504,712,66,5
72505,870,192,5
72506,417,268,4
72507,664,611,5
72508,334,1202,4
72509,757,175,3
72510,896,1078,3
72511,693,697,4
72512,655,658,3
72513,907,713,5
72514,684,1301,3
72515,937,297,4
72516,487,431,3
72517,846,179,5
72518,805,772,3
72519,5,455,4
72520,411,8,3
72521,867,207,5
72522,887,760,5
72523,615,168,5
72524,474,582,5
72525,825,235,3
72526,409,475,4
72527,827,301,4
72528,648,197,3
72529,459,105,4
72530,747,39,4
72531,423,339,2
72532,881,106,4
72533,437,511,5
72534,434,15,3
72535,671,17,4
72536,207,73,3
72537,757,276,4
72538,843,275,3
72539,572,14,4
72540,586,218,3
72541,764,89,4
72542,815,650,2
72543,911,404,3
72544,897,97,5
72545,716,122,2
72546,89,15,5
72547,433,205,3
72548,751,179,4
72549,716,175,2
72550,513,841,4
72551,932,238,3
72552,940,319,2
72553,184,238,4
72554,504,185,5
72555,693,649,2
72556,719,620,4
72557,299,1300,2
72558,347,123,3
72559,870,302,4
72560,846,143,5
72561,783,331,3
72562,267,233,4
72563,678,515,4
72564,751,215,4
72565,674,539,1
72566,134,269,3
72567,215,181,4
72568,11,8,4
72569,624,307,3
72570,815,631,4
72571,701,275,5
72572,880,365,2
72573,751,117,4
72574,788,79,4
72575,863,339,3
72576,587,914,4
72577,763,730,5
72578,654,291,4
72579,853,299,4
72580,923,288,5
72581,640,184,5
72582,828,60,4
72583,796,316,5
72584,880,768,2
72585,907,729,5
72586,719,97,3
72587,887,252,4
72588,129,990,2
72589,665,126,4
72590,787,352,2
72591,135,554,3
72592,659,241,3
72593,788,363,2
72594,817,289,2
72595,435,549,3
72596,85,515,5
72597,629,144,5
72598,543,463,3
72599,838,408,4
72600,234,611,5
72601,537,948,1
72602,847,456,1
72603,790,585,2
72604,727,39,2
72605,443,175,2
72606,912,482,5
72607,887,926,5
72608,815,163,4
72609,256,245,4
72610,911,204,4
72611,592,1016,4
72612,82,895,1
72613,682,1178,1
72614,707,200,2
72615,795,121,3
72616,363,176,4
72617,627,1478,3
72618,700,73,3
72619,694,215,3
72620,758,1143,5
72621,537,508,4
72622,897,183,5
72623,883,227,3
72624,454,252,2
72625,198,526,4
72626,326,178,5
72627,914,451,2
72628,788,436,3
72629,622,1407,1
72630,880,719,3
72631,908,488,4
72632,724,1234,1
72633,868,180,4
72634,682,678,1
72635,263,323,1
72636,823,8,5
72637,930,283,4
72638,451,988,1
72639,223,405,1
72640,846,23,4
72641,821,476,4
72642,503,183,5
72643,666,273,3
72644,913,530,2
72645,771,304,5
72646,173,301,5
72647,788,97,3
72648,907,1119,5
72649,373,1530,2
72650,201,770,3
72651,908,479,4
72652,943,1011,2
72653,571,484,4
72654,916,154,4
72655,694,451,4
72656,536,378,5
72657,920,682,3
72658,630,357,3
72659,620,1066,5
72660,542,95,3
72661,711,116,5
72662,778,200,5
72663,812,678,4
72664,642,136,3
72665,885,196,3
72666,537,639,2
72667,889,512,5
72668,398,705,5
72669,707,4,3
72670,621,1035,4
72671,313,511,4
72672,429,25,4
72673,178,283,5
72674,727,440,1
72675,860,285,5
72676,577,196,5
72677,583,425,5
72678,527,168,5
72679,389,521,3
72680,663,276,3
72681,504,629,4
72682,772,259,2
72683,833,649,3
72684,711,180,4
72685,10,589,5
72686,497,22,5
72687,712,1221,4
72688,267,1145,3
72689,863,877,1
72690,806,1016,1
72691,435,2,4
72692,924,1,5
72693,693,591,3
72694,531,892,3
72695,767,505,4
72696,931,515,5
72697,507,252,5
72698,881,276,5
72699,802,261,3
72700,919,1109,3
72701,689,405,5
72702,661,170,4
72703,499,429,4
72704,318,692,4
72705,777,527,4
72706,364,268,3
72707,666,116,4
72708,854,8,5
72709,472,426,4
72710,711,238,4
72711,699,458,4
72712,429,1076,2
72713,747,85,3
72714,671,181,5
72715,629,245,3
72716,864,93,3
72717,288,211,5
72718,758,118,2
72719,268,37,3
72720,804,163,3
72721,405,140,3
72722,889,55,4
72723,859,293,4
72724,378,292,3
72725,299,785,2
72726,894,753,5
72727,347,180,5
72728,474,357,5
72729,707,921,4
72730,655,1161,3
72731,899,527,4
72732,632,679,4
72733,682,866,2
72734,862,79,5
72735,571,191,4
72736,343,202,4
72737,921,651,3
72738,550,313,5
72739,933,934,1
72740,360,651,4
72741,230,233,1
72742,775,690,3
72743,851,264,2
72744,519,1238,5
72745,919,326,3
72746,942,31,5
72747,385,504,4
72748,456,580,4
72749,10,238,4
72750,695,268,5
72751,711,66,4
72752,396,472,5
72753,682,184,4
72754,943,549,1
72755,880,625,4
72756,660,231,2
72757,429,469,4
72758,716,218,3
72759,500,443,4
72760,878,197,4
72761,85,204,4
72762,355,682,4
72763,527,234,5
72764,200,176,5
72765,717,333,4
72766,762,955,5
72767,554,1046,4
72768,934,1037,1
72769,864,471,5
72770,815,434,3
72771,927,1089,5
72772,788,68,3
72773,847,211,4
72774,548,233,5
72775,186,55,4
72776,921,422,3
72777,900,124,4
72778,771,181,4
72779,796,12,5
72780,77,121,2
72781,894,107,3
72782,777,202,5
72783,109,144,4
72784,588,755,3
72785,747,1631,3
72786,826,554,4
72787,368,448,3
72788,655,942,4
72789,684,66,4
72790,850,71,5
72791,889,248,4
72792,618,470,3
72793,606,204,4
72794,215,208,4
72795,766,234,4
72796,552,237,4
72797,711,566,2
72798,551,1304,1
72799,279,805,3
72800,314,173,1
72801,922,568,3
72802,940,549,2
72803,643,474,5
72804,456,747,4
72805,440,57,5
72806,6,464,2
72807,127,50,4
72808,587,333,4
72809,624,293,4
72810,705,625,5
72811,854,744,2
72812,716,662,3
72813,372,326,4
72814,537,328,2
72815,710,185,4
72816,690,1118,1
72817,606,257,5
72818,561,762,3
72819,667,357,5
72820,599,1278,5
72821,659,234,4
72822,655,6,4
72823,805,209,4
72824,690,240,1
72825,905,475,3
72826,751,144,4
72827,629,196,4
72828,389,182,5
72829,360,257,4
72830,912,602,5
72831,897,385,3
72832,940,474,3
72833,766,747,5
72834,666,405,2
72835,468,584,4
72836,500,31,4
72837,622,721,4
72838,924,277,3
72839,663,318,4
72840,843,1480,2
72841,601,318,4
72842,524,230,3
72843,764,673,4
72844,774,412,3
72845,198,71,3
72846,625,204,3
72847,900,480,4
72848,620,323,5
72849,924,228,4
72850,673,345,4
72851,757,515,5
72852,794,127,5
72853,370,650,5
72854,901,1620,5
72855,259,294,3
72856,119,458,5
72857,708,1152,5
72858,655,912,3
72859,905,313,4
72860,665,154,3
72861,881,506,4
72862,419,212,1
72863,896,275,4
72864,894,751,3
72865,682,559,4
72866,537,286,3
72867,521,290,3
72868,643,179,4
72869,903,281,4
72870,49,301,3
72871,707,305,5
72872,240,340,4
72873,746,62,3
72874,331,467,3
72875,7,427,5
72876,634,515,4
72877,13,424,1
72878,429,506,4
72879,641,64,4
72880,749,1139,3
72881,891,717,4
72882,698,131,4
72883,886,803,2
72884,881,523,4
72885,286,189,3
72886,709,546,4
72887,637,685,3
72888,537,72,1
72889,453,750,4
72890,838,168,5
72891,777,204,5
72892,537,140,2
72893,899,410,1
72894,918,170,4
72895,666,1013,3
72896,730,873,2
72897,712,94,4
72898,899,188,2
72899,429,111,2
72900,308,550,4
72901,568,199,3
72902,429,167,3
72903,655,31,3
72904,911,203,4
72905,654,689,3
72906,831,748,2
72907,661,258,4
72908,73,197,5
72909,875,481,5
72910,447,200,3
72911,506,836,4
72912,689,475,4
72913,902,176,5
72914,458,302,5
72915,605,215,3
72916,559,70,3
72917,450,345,2
72918,640,55,5
72919,402,95,5
72920,336,294,4
72921,856,688,2
72922,934,629,4
72923,933,52,3
72924,716,136,5
72925,43,102,4
72926,896,302,2
72927,923,3,4
72928,438,281,4
72929,354,185,3
72930,46,93,4
72931,881,121,5
72932,630,123,4
72933,922,94,3
72934,437,203,1
72935,792,544,4
72936,79,10,5
72937,875,172,4
72938,788,503,4
72939,903,649,4
72940,903,412,2
72941,847,161,2
72942,443,748,4
72943,909,1121,5
72944,374,55,2
72945,923,117,4
72946,684,217,2
72947,461,575,2
72948,833,68,4
72949,588,1091,4
72950,526,100,5
72951,655,1113,3
72952,543,212,4
72953,13,184,1
72954,699,9,2
72955,880,87,4
72956,796,483,5
72957,864,658,2
72958,798,491,4
72959,487,385,4
72960,887,1033,4
72961,387,521,3
72962,909,509,5
72963,151,418,3
72964,732,322,3
72965,919,471,3
72966,385,234,1
72967,263,196,4
72968,84,70,5
72969,271,97,5
72970,758,479,5
72971,833,96,5
72972,601,173,5
72973,709,672,2
72974,795,768,3
72975,655,1356,3
72976,606,202,4
72977,860,286,4
72978,901,578,3
72979,870,385,3
72980,524,515,4
72981,660,657,2
72982,303,236,4
72983,934,88,4
72984,141,1280,1
72985,716,660,4
72986,627,289,2
72987,940,4,2
72988,643,629,3
72989,714,1028,4
72990,913,656,3
72991,666,127,5
72992,265,284,4
72993,327,305,5
72994,194,125,2
72995,94,238,5
72996,682,941,4
72997,677,151,4
72998,588,239,5
72999,249,195,4
73000,716,174,5
73001,889,178,5
73002,894,45,4
73003,538,172,4
73004,845,346,3
73005,880,1478,3
73006,804,64,5
73007,62,217,2
73008,729,313,3
73009,291,64,5
73010,642,51,5
73011,919,741,3
73012,532,918,4
73013,394,940,3
73014,796,724,2
73015,719,456,1
73016,684,265,4
73017,697,127,5
73018,807,624,3
73019,682,405,2
73020,790,926,2
73021,897,71,5
73022,717,685,4
73023,59,515,4
73024,72,518,4
73025,276,179,5
73026,450,741,3
73027,221,246,5
73028,286,455,1
73029,807,63,5
73030,600,182,4
73031,916,298,3
73032,389,135,2
73033,121,257,5
73034,645,191,5
73035,622,248,4
73036,716,428,3
73037,634,15,4
73038,913,183,4
73039,503,496,5
73040,889,652,5
73041,761,275,4
73042,863,306,5
73043,940,317,4
73044,751,399,3
73045,798,377,3
73046,255,840,1
73047,64,463,4
73048,938,595,2
73049,373,528,3
73050,558,744,4
73051,871,258,5
73052,474,222,4
73053,694,657,4
73054,593,949,2
73055,879,127,5
73056,483,50,5
73057,576,294,3
73058,940,751,3
73059,674,751,3
73060,645,172,4
73061,663,696,3
73062,634,933,3
73063,668,367,5
73064,800,751,4
73065,839,50,5
73066,544,294,2
73067,186,294,3
73068,881,175,2
73069,650,493,4
73070,454,471,3
73071,698,25,2
73072,662,13,4
73073,670,484,5
73074,272,174,5
73075,37,578,3
73076,552,100,4
73077,324,286,5
73078,183,449,2
73079,695,903,4
73080,711,381,5
73081,911,102,3
73082,216,496,5
73083,747,269,4
73084,934,208,5
73085,127,690,1
73086,506,710,5
73087,517,237,1
73088,721,84,3
73089,291,1489,2
73090,268,61,4
73091,738,260,2
73092,682,183,3
73093,887,699,1
73094,883,342,4
73095,669,269,3
73096,866,302,2
73097,735,277,3
73098,664,1098,3
73099,655,657,3
73100,494,845,4
73101,207,208,4
73102,210,1,5
73103,868,56,3
73104,453,273,4
73105,592,410,5
73106,919,144,4
73107,13,174,4
73108,927,560,2
73109,933,179,5
73110,530,443,4
73111,697,1089,3
73112,727,66,3
73113,632,64,5
73114,299,642,4
73115,807,96,3
73116,863,1243,4
73117,303,783,2
73118,663,173,3
73119,712,230,3
73120,842,754,1
73121,889,185,4
73122,897,435,3
73123,397,58,5
73124,807,968,4
73125,887,1051,4
73126,203,237,3
73127,655,1380,4
73128,835,272,4
73129,883,45,5
73130,671,210,5
73131,148,969,4
73132,709,79,3
73133,629,234,4
73134,652,286,3
73135,823,660,5
73136,893,1215,3
73137,110,1055,2
73138,542,952,4
73139,276,407,2
73140,343,13,5
73141,816,349,4
73142,912,318,4
73143,846,505,5
73144,871,435,3
73145,608,286,4
73146,240,307,4
73147,717,250,1
73148,297,248,3
73149,823,218,4
73150,560,249,5
73151,588,107,5
73152,499,915,4
73153,246,155,1
73154,727,393,3
73155,453,797,1
73156,503,823,2
73157,591,1041,2
73158,796,775,2
73159,607,435,3
73160,637,1028,3
73161,413,307,2
73162,587,315,4
73163,726,117,1
73164,912,197,5
73165,846,1035,4
73166,774,550,2
73167,569,7,4
73168,899,385,3
73169,234,686,3
73170,445,274,2
73171,215,172,4
73172,761,358,3
73173,896,1217,2
73174,943,181,4
73175,653,248,3
73176,764,95,5
73177,189,157,4
73178,764,591,3
73179,697,284,5
73180,788,427,2
73181,758,968,5
73182,125,168,5
73183,934,709,3
73184,90,192,4
73185,690,294,3
73186,656,896,5
73187,451,261,2
73188,892,501,3
73189,923,281,4
73190,822,1110,4
73191,833,56,4
73192,642,318,2
73193,287,222,5
73194,557,875,4
73195,503,269,5
73196,671,679,3
73197,916,427,4
73198,500,483,4
73199,807,174,5
73200,213,831,4
73201,247,340,3
73202,938,105,1
73203,931,1022,1
73204,750,304,4
73205,479,273,4
73206,18,100,5
73207,889,1195,3
73208,156,655,3
73209,622,8,4
73210,314,1053,5
73211,809,258,3
73212,883,399,5
73213,235,66,2
73214,796,301,1
73215,682,210,4
73216,639,661,4
73217,771,768,4
73218,671,176,2
73219,750,876,2
73220,330,376,4
73221,280,112,3
73222,808,286,4
73223,167,1200,4
73224,846,427,4
73225,495,185,5
73226,435,76,3
73227,889,154,4
73228,892,100,5
73229,374,443,5
73230,622,665,2
73231,576,255,3
73232,864,1016,4
73233,815,616,1
73234,772,323,4
73235,901,234,4
73236,406,88,2
73237,712,38,4
73238,451,878,1
73239,708,127,3
73240,894,307,3
73241,337,25,3
73242,943,412,2
73243,189,8,5
73244,559,661,3
73245,918,737,3
73246,916,2,3
73247,545,431,3
73248,405,59,1
73249,537,174,3
73250,114,153,3
73251,878,70,3
73252,804,180,4
73253,501,979,3
73254,749,584,3
73255,738,408,5
73256,366,637,5
73257,639,382,2
73258,666,1154,3
73259,450,118,3
73260,371,127,4
73261,591,216,4
73262,542,393,3
73263,437,94,4
73264,645,960,4
73265,855,86,2
73266,842,751,4
73267,558,275,4
73268,874,191,4
73269,916,317,4
73270,694,630,3
73271,865,111,1
73272,119,124,4
73273,796,178,3
73274,932,234,3
73275,663,56,5
73276,297,181,4
73277,748,328,4
73278,746,281,3
73279,660,266,2
73280,92,118,2
73281,393,249,3
73282,2,304,4
73283,887,763,5
73284,655,1107,4
73285,85,921,3
73286,759,222,5
73287,505,584,4
73288,7,31,4
73289,26,293,3
73290,532,352,3
73291,450,386,4
73292,472,1139,5
73293,698,143,3
73294,625,283,3
73295,641,30,4
73296,708,278,4
73297,939,121,5
73298,807,416,3
73299,707,648,4
73300,150,123,4
73301,922,173,5
73302,896,86,1
73303,481,580,4
73304,910,289,3
73305,281,323,3
73306,658,471,4
73307,915,328,2
73308,886,663,4
73309,724,683,1
73310,815,69,4
73311,854,597,2
73312,724,333,4
73313,303,97,5
73314,554,15,4
73315,805,1054,3
73316,849,633,5
73317,532,87,5
73318,324,310,4
73319,670,175,2
73320,835,97,5
73321,738,200,3
73322,634,285,4
73323,711,1168,4
73324,185,703,4
73325,880,124,5
73326,722,100,4
73327,577,174,5
73328,894,327,4
73329,374,278,2
73330,119,64,4
73331,885,383,2
73332,682,111,3
73333,924,121,4
73334,184,1101,4
73335,710,419,4
73336,864,38,3
73337,716,222,4
73338,796,451,5
73339,878,116,2
73340,637,13,1
73341,773,1071,2
73342,823,198,4
73343,581,222,3
73344,342,149,5
73345,840,132,4
73346,409,289,1
73347,498,134,3
73348,200,812,4
73349,796,516,4
73350,699,15,1
73351,788,591,3
73352,898,242,4
73353,686,11,4
73354,240,748,3
73355,848,25,5
73356,927,780,1
73357,417,49,3
73358,1,149,2
73359,291,195,4
73360,814,218,3
73361,883,134,5
73362,825,181,4
73363,587,258,4
73364,70,91,3
73365,72,58,4
73366,181,871,2
73367,632,196,3
73368,625,294,3
73369,76,182,4
73370,618,568,4
73371,936,181,4
73372,268,475,4
73373,417,180,5
73374,942,969,4
73375,805,288,1
73376,43,845,5
73377,932,380,4
73378,718,831,3
73379,364,687,1
73380,249,408,5
73381,751,367,4
73382,885,189,5
73383,749,141,4
73384,447,79,3
73385,314,419,4
73386,896,732,4
73387,773,265,2
73388,628,258,5
73389,675,286,4
73390,727,268,4
73391,452,945,4
73392,660,174,4
73393,222,734,2
73394,831,83,4
73395,936,333,3
73396,805,94,1
73397,894,748,3
73398,770,15,5
73399,733,286,4
73400,790,50,4
73401,248,806,3
73402,828,510,3
73403,655,1646,3
73404,690,238,5
73405,460,321,3
73406,632,1183,2
73407,514,306,4
73408,773,121,2
73409,735,676,3
73410,15,283,4
73411,707,347,5
73412,646,908,3
73413,268,51,3
73414,943,184,5
73415,798,781,2
73416,872,763,3
73417,13,619,3
73418,693,97,5
73419,417,713,2
73420,634,1049,2
73421,94,746,4
73422,498,234,4
73423,747,663,5
73424,661,64,4
73425,487,67,3
73426,666,640,4
73427,36,261,5
73428,896,721,4
73429,813,898,1
73430,681,990,4
73431,407,491,4
73432,800,292,5
73433,741,692,1
73434,892,291,4
73435,312,50,5
73436,203,879,4
73437,801,354,4
73438,416,311,3
73439,292,282,4
73440,655,874,4
73441,514,12,5
73442,786,71,5
73443,851,619,4
73444,62,207,3
73445,665,418,4
73446,60,654,4
73447,896,230,4
73448,854,511,4
73449,347,249,5
73450,867,183,3
73451,719,64,5
73452,764,117,5
73453,342,88,1
73454,246,651,4
73455,870,195,4
73456,896,226,3
73457,162,122,2
73458,666,499,4
73459,933,451,1
73460,253,699,4
73461,942,131,5
73462,892,172,5
73463,592,15,5
73464,472,252,4
73465,649,181,4
73466,790,298,5
73467,18,418,3
73468,472,678,4
73469,834,294,3
73470,239,12,5
73471,807,526,5
73472,401,678,3
73473,666,310,5
73474,715,158,2
73475,934,121,3
73476,883,506,5
73477,934,771,3
73478,724,328,4
73479,743,276,5
73480,552,323,2
73481,684,756,4
73482,660,1,3
73483,927,230,5
73484,624,845,3
73485,916,22,4
73486,35,266,3
73487,327,168,4
73488,870,28,4
73489,554,179,3
73490,537,428,4
73491,620,1503,4
73492,663,9,2
73493,457,956,4
73494,888,286,5
73495,356,258,5
73496,862,228,5
73497,275,229,3
73498,478,946,2
73499,825,245,5
73500,684,8,5
73501,880,678,3
73502,817,327,4
73503,692,208,4
73504,121,50,5
73505,671,686,3
73506,648,62,5
73507,785,183,5
73508,721,582,3
73509,888,762,5
73510,401,490,3
73511,8,336,3
73512,934,210,4
73513,463,866,3
73514,727,227,4
73515,664,321,3
73516,323,847,3
73517,770,326,4
73518,693,521,5
73519,201,566,3
73520,883,372,3
73521,774,204,3
73522,564,298,3
73523,833,249,1
73524,707,618,3
73525,330,989,5
73526,739,318,4
73527,847,153,4
73528,586,183,4
73529,655,1084,3
73530,698,1,4
73531,435,39,3
73532,501,100,4
73533,657,111,5
73534,578,298,4
73535,743,302,5
73536,711,265,2
73537,877,176,5
73538,648,7,3
73539,770,328,3
73540,642,173,5
73541,798,1066,2
73542,537,39,2
73543,823,83,3
73544,906,307,3
73545,788,554,3
73546,730,100,5
73547,130,928,4
73548,193,182,4
73549,670,969,2
73550,919,193,2
73551,932,498,5
73552,387,239,1
73553,741,239,2
73554,416,179,2
73555,94,357,5
73556,666,213,4
73557,825,250,5
73558,435,420,4
73559,796,554,2
73560,322,507,4
73561,932,515,4
73562,880,815,4
73563,707,527,5
73564,872,925,4
73565,478,283,4
73566,913,273,3
73567,499,173,5
73568,666,98,4
73569,13,774,1
73570,486,515,5
73571,636,10,5
73572,757,665,3
73573,580,866,4
73574,916,4,4
73575,889,435,4
73576,757,257,4
73577,848,65,2
73578,731,283,4
73579,669,323,1
73580,388,672,4
73581,269,202,2
73582,90,209,5
73583,927,67,4
73584,934,675,4
73585,848,133,4
73586,924,742,3
73587,460,137,5
73588,677,243,3
73589,896,542,3
73590,592,58,5
73591,683,271,3
73592,472,67,4
73593,943,655,4
73594,820,313,5
73595,882,1060,3
73596,784,333,4
73597,66,535,4
73598,539,306,4
73599,394,202,5
73600,943,96,4
73601,807,133,5
73602,21,619,2
73603,436,840,3
73604,143,288,5
73605,782,691,3
73606,645,258,3
73607,709,402,3
73608,924,173,5
73609,898,286,2
73610,648,1033,2
73611,682,86,2
73612,44,625,3
73613,938,1012,5
73614,821,161,4
73615,864,181,5
73616,921,1034,3
73617,935,121,4
73618,346,88,4
73619,833,1118,3
73620,645,208,5
73621,176,458,4
73622,391,187,4
73623,598,690,3
73624,739,465,1
73625,727,546,2
73626,409,705,2
73627,179,538,4
73628,733,742,3
73629,57,988,4
73630,708,258,5
73631,269,1103,5
73632,654,269,4
73633,886,1435,3
73634,661,304,2
73635,474,1286,2
73636,23,154,3
73637,682,820,3
73638,892,403,3
73639,389,603,5
73640,942,500,5
73641,910,508,4
73642,524,311,4
73643,655,514,5
73644,682,738,3
73645,868,214,3
73646,650,620,2
73647,932,1451,5
73648,500,16,4
73649,843,1118,2
73650,537,517,4
73651,943,373,3
73652,605,619,4
73653,880,421,2
73654,560,151,3
73655,653,1183,1
73656,887,318,5
73657,880,689,4
73658,921,755,4
73659,877,70,5
73660,911,835,3
73661,153,568,4
73662,932,161,3
73663,872,977,3
73664,653,161,4
73665,707,381,3
73666,885,237,5
73667,888,137,4
73668,422,302,3
73669,138,14,3
73670,770,1012,5
73671,463,1009,3
73672,727,665,3
73673,763,222,5
73674,848,501,3
73675,878,481,5
73676,942,479,4
73677,497,231,3
73678,650,1215,3
73679,730,237,3
73680,398,96,4
73681,542,181,4
73682,717,299,4
73683,363,1067,3
73684,581,475,4
73685,884,475,4
73686,417,743,2
73687,611,680,4
73688,532,22,5
73689,910,414,4
73690,674,313,5
73691,899,934,3
73692,630,535,4
73693,796,281,4
73694,776,866,3
73695,892,88,4
73696,659,70,4
73697,713,882,3
73698,883,55,4
73699,703,322,3
73700,707,317,3
73701,659,315,3
73702,676,750,4
73703,268,176,5
73704,57,323,3
73705,690,208,5
73706,845,909,4
73707,913,210,2
73708,251,79,5
73709,916,135,4
73710,457,676,3
73711,880,21,2
73712,916,50,5
73713,728,116,4
73714,812,245,2
73715,911,240,1
73716,643,159,3
73717,286,250,4
73718,405,26,3
73719,679,322,3
73720,650,391,2
73721,405,1041,5
73722,659,708,3
73723,774,447,1
73724,332,678,4
73725,531,898,5
73726,455,550,4
73727,830,265,5
73728,934,179,2
73729,754,237,3
73730,524,82,4
73731,843,69,3
73732,274,1051,4
73733,25,121,4
73734,452,179,5
73735,919,246,3
73736,522,480,5
73737,613,435,5
73738,882,416,4
73739,734,487,4
73740,474,479,5
73741,712,1503,4
73742,823,173,5
73743,715,28,5
73744,393,125,4
73745,317,260,4
73746,597,151,4
73747,919,717,3
73748,697,975,1
73749,13,49,4
73750,883,1115,4
73751,526,273,2
73752,889,226,2
73753,883,65,4
73754,553,506,4
73755,486,408,3
73756,85,1113,2
73757,608,735,4
73758,894,311,4
73759,210,174,5
73760,606,475,4
73761,318,275,4
73762,815,614,3
73763,707,638,4
73764,497,1046,3
73765,894,1379,4
73766,744,9,3
73767,918,64,4
73768,790,51,3
73769,860,311,4
73770,872,350,3
73771,693,191,2
73772,769,235,3
73773,233,70,5
73774,749,740,3
73775,660,742,2
73776,611,288,3
73777,234,641,4
73778,751,382,3
73779,932,489,4
73780,684,483,5
73781,59,1074,4
73782,877,582,2
73783,804,123,4
73784,551,209,5
73785,313,232,3
73786,883,89,5
73787,942,172,5
73788,886,1231,3
73789,938,300,3
73790,287,64,5
73791,712,417,4
73792,207,597,3
73793,669,482,4
73794,795,588,5
73795,389,1121,4
73796,805,806,4
73797,406,513,5
73798,151,427,5
73799,795,257,3
73800,747,1134,5
73801,201,1398,4
73802,342,1012,4
73803,660,238,3
73804,853,332,3
73805,883,770,4
73806,215,54,4
73807,553,528,3
73808,101,866,4
73809,551,1253,2
73810,303,993,2
73811,303,514,5
73812,811,307,4
73813,932,1050,4
73814,684,411,3
73815,650,133,4
73816,713,750,3
73817,314,949,4
73818,737,474,5
73819,704,173,4
73820,692,411,4
73821,862,597,3
73822,159,591,4
73823,758,91,4
73824,731,482,3
73825,933,209,2
73826,588,380,3
73827,806,521,3
73828,561,470,3
73829,332,769,3
73830,567,657,5
73831,889,71,3
73832,269,717,1
73833,931,312,4
73834,894,471,4
73835,846,69,5
73836,622,1060,3
73837,718,685,4
73838,805,195,3
73839,474,423,5
73840,458,845,3
73841,472,421,5
73842,97,173,3
73843,42,111,1
73844,489,299,2
73845,408,272,4
73846,858,690,3
73847,436,925,4
73848,838,128,4
73849,889,150,5
73850,435,472,2
73851,894,275,4
73852,494,181,4
73853,703,123,4
73854,435,501,3
73855,334,761,2
73856,326,520,5
73857,805,568,3
73858,26,751,4
73859,896,497,3
73860,532,549,5
73861,379,94,5
73862,314,756,3
73863,926,300,3
73864,889,734,3
73865,577,768,3
73866,557,246,5
73867,737,11,3
73868,481,663,4
73869,823,69,5
73870,504,364,2
73871,44,328,4
73872,716,432,5
73873,601,325,4
73874,496,559,5
73875,14,654,4
73876,870,79,4
73877,200,470,4
73878,721,991,3
73879,659,479,5
73880,176,340,5
73881,553,81,3
73882,893,411,3
73883,731,66,4
73884,573,179,4
73885,738,659,4
73886,402,228,3
73887,664,53,3
73888,716,208,5
73889,877,203,4
73890,821,56,5
73891,833,177,5
73892,883,86,3
73893,288,199,4
73894,909,682,3
73895,721,678,3
73896,882,684,3
73897,721,423,5
73898,902,294,2
73899,891,25,5
73900,835,294,3
73901,670,603,5
73902,453,120,1
73903,878,517,4
73904,918,638,4
73905,8,510,4
73906,224,991,1
73907,379,181,4
73908,567,527,3
73909,876,276,4
73910,932,428,4
73911,653,581,1
73912,301,69,5
73913,798,1469,3
73914,573,286,3
73915,711,736,5
73916,409,538,3
73917,496,721,5
73918,56,225,2
73919,679,50,5
73920,862,173,5
73921,191,315,5
73922,909,165,5
73923,314,1217,2
73924,690,202,2
73925,698,499,3
73926,648,205,3
73927,868,233,2
73928,116,56,5
73929,889,327,3
73930,425,92,5
73931,719,285,4
73932,731,207,4
73933,524,708,4
73934,286,274,2
73935,553,498,4
73936,913,302,4
73937,429,596,3
73938,90,1192,5
73939,291,223,5
73940,479,137,4
73941,897,205,3
73942,341,299,5
73943,676,687,1
73944,405,209,3
73945,345,38,2
73946,637,246,2
73947,295,461,5
73948,130,419,5
73949,270,234,5
73950,655,411,3
73951,514,24,3
73952,726,323,3
73953,487,720,4
73954,721,660,5
73955,763,1101,3
73956,432,827,3
73957,925,299,3
73958,425,1416,3
73959,748,234,4
73960,914,692,3
73961,416,302,5
73962,712,588,4
73963,918,213,5
73964,291,27,3
73965,285,183,4
73966,751,558,3
73967,387,175,5
73968,650,506,3
73969,665,98,4
73970,425,294,2
73971,222,17,2
73972,1,43,4
73973,716,185,5
73974,828,275,3
73975,405,856,1
73976,178,993,5
73977,822,25,3
73978,592,1022,5
73979,535,86,4
73980,668,50,5
73981,666,194,3
73982,943,127,5
73983,865,294,4
73984,926,288,3
73985,121,12,5
73986,707,882,4
73987,896,411,2
73988,799,174,5
73989,851,125,4
73990,503,223,5
73991,625,751,4
73992,880,435,4
73993,880,1013,3
73994,697,815,3
73995,334,187,4
73996,843,185,3
73997,870,186,4
73998,567,178,4
73999,41,194,3
74000,666,7,4
74001,231,866,3
74002,643,197,4
74003,586,288,4
74004,862,462,4
74005,918,606,4
74006,155,306,5
74007,660,746,4
74008,213,627,4
74009,291,785,4
74010,696,1126,3
74011,708,546,3
74012,866,887,3
74013,298,9,4
74014,474,487,4
74015,286,123,5
74016,902,480,5
74017,653,167,2
74018,263,434,4
74019,788,1112,3
74020,854,49,4
74021,773,154,5
74022,891,1028,3
74023,889,271,3
74024,229,316,1
74025,715,222,3
74026,710,135,5
74027,325,176,3
74028,802,299,4
74029,379,1075,3
74030,918,16,4
74031,269,65,4
74032,497,394,3
74033,933,80,2
74034,405,241,1
74035,627,665,3
74036,698,257,3
74037,878,99,4
74038,452,481,5
74039,634,109,4
74040,718,750,3
74041,927,125,4
74042,433,457,1
74043,793,129,4
74044,804,1210,2
74045,880,100,5
74046,720,262,4
74047,43,4,4
74048,922,50,5
74049,937,224,4
74050,569,325,1
74051,703,300,4
74052,496,651,2
74053,805,719,4
74054,776,479,4
74055,303,997,2
74056,716,399,3
74057,188,455,4
74058,892,588,5
74059,308,546,3
74060,724,893,3
74061,751,111,3
74062,459,455,2
74063,722,628,4
74064,864,191,4
74065,533,215,4
74066,484,22,5
74067,810,269,5
74068,557,176,4
74069,720,310,4
74070,524,796,3
74071,740,302,5
74072,736,127,4
74073,719,88,3
74074,641,134,5
74075,691,500,3
74076,210,302,5
74077,927,739,3
74078,687,313,5
74079,938,873,3
74080,601,168,5
74081,870,949,3
74082,77,156,4
74083,885,451,2
74084,378,531,4
74085,829,124,4
74086,749,357,4
74087,655,863,3
74088,303,83,5
74089,81,116,3
74090,92,707,4
74091,421,98,5
74092,426,143,3
74093,523,732,4
74094,902,181,3
74095,325,616,4
74096,698,404,1
74097,491,23,2
74098,62,167,2
74099,587,289,3
74100,268,713,4
74101,758,488,3
74102,301,117,5
74103,474,609,4
74104,249,223,4
74105,154,187,5
74106,708,111,4
74107,709,209,3
74108,363,12,5
74109,620,243,3
74110,815,252,2
74111,897,133,4
74112,90,656,5
74113,941,181,5
74114,716,1016,3
74115,806,168,4
74116,54,823,2
74117,826,1222,3
74118,486,685,3
74119,889,546,4
74120,747,845,2
74121,655,742,3
74122,932,175,4
74123,497,29,4
74124,271,9,4
74125,894,1381,3
74126,705,62,5
74127,214,253,5
74128,843,53,2
74129,847,99,2
74130,699,288,3
74131,885,278,3
74132,764,1,4
74133,239,633,5
74134,889,95,4
74135,416,742,4
74136,169,199,4
74137,749,99,5
74138,716,216,5
74139,268,273,3
74140,128,186,5
74141,831,1012,4
74142,648,121,5
74143,597,688,4
74144,902,304,3
74145,268,210,3
74146,359,930,4
74147,890,230,3
74148,828,271,2
74149,899,283,4
74150,130,404,5
74151,846,1004,3
74152,790,763,3
74153,276,902,4
74154,379,185,5
74155,677,742,4
74156,748,132,3
74157,747,69,5
74158,933,475,2
74159,893,172,5
74160,290,385,4
74161,883,902,4
74162,422,859,3
74163,870,527,5
74164,758,1023,4
74165,747,12,4
74166,835,423,4
74167,830,210,5
74168,87,222,4
74169,871,345,3
74170,497,367,4
74171,659,159,4
74172,622,98,5
74173,524,203,4
74174,517,25,2
74175,880,111,4
74176,561,79,3
74177,865,432,1
74178,671,455,4
74179,533,936,4
74180,655,12,3
74181,699,619,2
74182,924,258,3
74183,495,82,5
74184,181,1296,1
74185,430,235,2
74186,173,329,4
74187,551,1044,3
74188,8,222,5
74189,936,547,5
74190,8,431,2
74191,891,459,5
74192,906,10,4
74193,363,737,1
74194,711,354,3
74195,894,900,3
74196,537,283,4
74197,736,678,1
74198,883,229,4
74199,407,184,4
74200,943,1074,4
74201,595,410,4
74202,675,1628,5
74203,5,367,3
74204,519,879,5
74205,655,127,5
74206,853,327,3
74207,666,216,3
74208,806,181,2
74209,624,321,4
74210,666,143,2
74211,806,210,5
74212,499,143,3
74213,749,164,3
74214,753,185,3
74215,324,339,3
74216,734,603,4
74217,725,333,5
74218,798,1239,4
74219,805,1,4
74220,535,645,4
74221,665,1,4
74222,59,434,4
74223,429,147,2
74224,843,443,4
74225,854,274,3
74226,463,19,5
74227,303,121,3
74228,415,136,5
74229,724,259,2
74230,59,1093,5
74231,503,582,5
74232,644,250,4
74233,825,406,2
74234,14,919,4
74235,682,196,5
74236,537,271,2
74237,833,443,3
74238,160,458,5
74239,653,1207,1
74240,479,357,4
74241,13,916,4
74242,542,12,4
74243,924,705,5
74244,729,300,4
74245,478,195,4
74246,868,408,5
74247,297,144,3
74248,909,289,3
74249,804,168,5
74250,395,127,5
74251,223,873,3
74252,363,24,3
74253,592,196,5
74254,501,294,3
74255,747,519,5
74256,682,713,3
74257,796,859,2
74258,412,939,4
74259,893,144,4
74260,758,430,5
74261,697,1047,3
74262,778,281,2
74263,690,56,4
74264,345,238,5
74265,666,963,3
74266,683,269,3
74267,674,289,2
74268,891,285,5
74269,639,526,4
74270,796,307,4
74271,871,908,3
74272,896,993,4
74273,721,245,3
74274,916,295,2
74275,301,658,3
74276,409,923,5
74277,702,748,2
74278,889,470,4
74279,354,747,2
74280,13,235,2
74281,797,687,2
74282,664,83,4
74283,632,609,3
74284,348,237,4
74285,295,546,4
74286,846,184,5
74287,653,156,4
74288,669,132,4
74289,756,230,3
74290,438,148,5
74291,506,79,5
74292,758,887,5
74293,653,143,3
74294,894,535,4
74295,638,385,5
74296,936,741,4
74297,792,926,3
74298,807,381,2
74299,630,121,4
74300,602,880,4
74301,476,401,3
74302,655,1426,2
74303,592,117,5
74304,747,93,4
74305,665,239,3
74306,931,269,3
74307,540,333,4
74308,727,405,3
74309,663,235,2
74310,702,258,5
74311,528,258,4
74312,921,274,4
74313,893,246,3
74314,896,640,2
74315,246,418,3
74316,894,923,5
74317,645,47,4
74318,620,138,5
74319,688,307,4
74320,497,440,1
74321,782,247,1
74322,58,1,5
74323,543,660,3
74324,389,524,5
74325,725,322,4
74326,334,1020,4
74327,833,262,2
74328,846,42,5
74329,129,300,3
74330,221,12,5
74331,805,748,2
74332,308,273,2
74333,936,591,4
74334,92,685,3
74335,561,473,3
74336,419,28,3
74337,312,213,5
74338,474,323,2
74339,847,261,1
74340,648,449,3
74341,560,264,3
74342,385,1118,3
74343,638,523,4
74344,568,519,3
74345,897,33,5
74346,795,395,2
74347,885,88,4
74348,851,228,4
74349,880,156,4
74350,152,283,4
74351,458,433,4
74352,880,11,4
74353,864,231,3
74354,57,477,4
74355,455,230,3
74356,906,475,3
74357,85,405,2
74358,682,290,1
74359,328,983,3
74360,894,1010,4
74361,922,257,4
74362,694,836,4
74363,48,1063,3
74364,566,86,4
74365,234,837,3
74366,756,235,3
74367,733,1163,2
74368,933,583,3
74369,455,82,5
74370,168,546,3
74371,592,285,5
74372,145,449,3
74373,500,582,4
74374,454,463,2
74375,130,123,4
74376,618,121,4
74377,894,111,3
74378,130,291,4
74379,184,160,3
74380,606,468,4
74381,711,655,4
74382,727,278,2
74383,680,150,5
74384,627,187,5
74385,934,1449,5
74386,288,176,4
74387,830,98,5
74388,741,699,4
74389,896,1134,3
74390,913,432,3
74391,450,776,4
74392,758,38,3
74393,545,434,3
74394,159,873,2
74395,586,184,2
74396,747,525,5
74397,774,196,3
74398,922,471,3
74399,235,170,4
74400,804,1411,3
74401,780,164,4
74402,778,54,2
74403,793,508,4
74404,762,274,4
74405,892,50,5
74406,815,647,5
74407,501,1014,4
74408,145,628,2
74409,901,140,4
74410,741,174,5
74411,417,40,3
74412,559,205,5
74413,838,286,4
74414,119,449,5
74415,613,576,3
74416,537,513,4
74417,900,288,2
74418,479,474,5
74419,545,944,4
74420,639,604,4
74421,747,190,4
74422,880,288,4
74423,63,14,4
74424,851,977,3
74425,882,662,3
74426,840,7,4
74427,906,7,3
74428,864,67,4
74429,587,1265,4
74430,568,179,2
74431,885,151,4
74432,514,89,4
74433,677,109,1
74434,942,878,4
74435,357,926,4
74436,717,288,1
74437,885,386,2
74438,851,346,5
74439,690,167,2
74440,242,294,4
74441,385,558,2
74442,846,498,4
74443,895,13,5
74444,727,685,3
74445,653,531,5
74446,210,168,5
74447,565,190,5
74448,733,744,4
74449,934,436,3
74450,911,190,5
74451,733,1085,4
74452,875,183,5
74453,699,10,4
74454,896,87,4
74455,435,194,4
74456,145,742,4
74457,848,200,2
74458,941,993,4
74459,450,519,4
74460,660,219,1
74461,350,187,5
74462,481,88,4
74463,406,702,3
74464,455,250,3
74465,454,285,2
74466,846,1066,3
74467,698,487,2
74468,882,168,5
74469,59,193,4
74470,919,285,5
74471,660,456,1
74472,844,260,1
74473,840,121,2
74474,306,1251,5
74475,624,477,3
74476,757,153,3
74477,735,748,3
74478,533,1291,1
74479,858,100,3
74480,405,99,5
74481,428,352,4
74482,269,52,4
74483,616,879,4
74484,664,182,4
74485,131,297,4
74486,499,525,4
74487,766,133,3
74488,395,866,3
74489,314,1063,5
74490,600,511,5
74491,828,1466,4
74492,650,301,2
74493,328,313,4
74494,921,227,3
74495,835,196,5
74496,561,802,1
74497,826,176,5
74498,744,302,5
74499,704,269,4
74500,630,213,2
74501,44,87,5
74502,606,211,5
74503,617,656,4
74504,59,519,4
74505,552,756,2
74506,344,408,5
74507,751,11,1
74508,620,237,4
74509,889,121,4
74510,374,829,2
74511,508,183,5
74512,871,17,3
74513,682,833,1
74514,716,486,5
74515,365,1011,3
74516,601,294,1
74517,883,209,3
74518,927,69,4
74519,798,378,4
74520,727,511,4
74521,905,124,4
74522,749,291,4
74523,686,265,4
74524,622,586,3
74525,796,879,4
74526,865,472,1
74527,622,404,3
74528,577,472,4
74529,160,129,4
74530,934,393,2
74531,867,186,5
74532,507,288,5
74533,625,1016,2
74534,286,280,4
74535,550,596,2
74536,802,302,4
74537,871,876,3
74538,276,428,4
74539,644,871,4
74540,389,969,4
74541,717,298,3
74542,799,289,3
74543,930,151,2
74544,918,443,3
74545,756,197,2
74546,299,12,5
74547,13,826,5
74548,655,640,2
74549,883,464,5
74550,665,151,3
74551,788,331,4
74552,625,522,3
74553,721,406,1
74554,199,269,5
74555,655,160,3
74556,697,257,5
74557,693,742,3
74558,898,270,4
74559,330,403,5
74560,605,371,5
74561,696,311,5
74562,295,402,5
74563,807,1133,3
74564,254,451,2
74565,192,255,2
74566,363,751,1
74567,452,504,2
74568,860,202,4
74569,896,291,3
74570,361,319,5
74571,930,288,1
74572,297,357,4
74573,451,302,3
74574,117,931,3
74575,218,514,4
74576,860,316,3
74577,1,165,5
74578,442,218,3
74579,655,785,2
74580,577,48,5
74581,860,333,3
74582,794,275,4
74583,586,3,5
74584,661,210,5
74585,569,100,5
74586,429,227,2
74587,833,381,4
74588,877,258,4
74589,343,150,4
74590,535,707,4
74591,715,108,4
74592,757,313,3
74593,646,751,2
74594,910,137,3
74595,807,257,4
74596,932,172,5
74597,758,898,3
74598,505,144,3
74599,846,570,4
74600,718,15,5
74601,457,147,5
74602,705,183,2
74603,681,682,1
74604,348,685,4
74605,535,265,3
74606,692,866,4
74607,883,703,3
74608,758,154,5
74609,431,269,3
74610,222,446,3
74611,652,96,4
74612,303,869,2
74613,290,95,4
74614,937,242,3
74615,429,155,2
74616,732,289,3
74617,933,196,4
74618,904,328,2
74619,916,212,5
74620,474,608,4
74621,721,684,4
74622,95,511,4
74623,921,892,3
74624,591,709,4
74625,416,80,2
74626,870,384,3
74627,716,519,3
74628,579,202,5
74629,747,507,3
74630,741,173,2
74631,497,1415,2
74632,567,127,5
74633,393,121,4
74634,329,8,2
74635,707,248,4
74636,648,452,3
74637,853,264,3
74638,889,12,5
74639,699,124,4
74640,826,501,3
74641,856,313,5
74642,708,118,5
74643,674,245,4
74644,456,547,3
74645,903,333,4
74646,767,183,4
74647,536,427,5
74648,303,147,4
74649,374,779,3
74650,721,51,4
74651,804,284,4
74652,643,238,3
74653,532,240,3
74654,709,7,3
74655,943,51,1
74656,87,121,5
74657,682,195,4
74658,773,185,4
74659,298,357,5
74660,738,2,3
74661,610,508,3
74662,940,855,5
74663,932,154,5
74664,429,204,4
74665,864,789,4
74666,899,483,4
74667,45,284,4
74668,75,289,1
74669,881,375,1
74670,640,391,3
74671,458,513,4
74672,682,1093,3
74673,42,1050,3
74674,800,294,3
74675,716,202,4
74676,655,262,5
74677,882,21,2
74678,500,1311,1
74679,883,4,4
74680,908,151,3
74681,154,496,3
74682,749,135,4
74683,714,471,4
74684,690,197,4
74685,217,17,3
74686,553,514,3
74687,847,95,4
74688,263,23,3
74689,936,243,2
74690,868,227,1
74691,711,181,4
74692,936,1014,3
74693,901,161,5
74694,666,162,4
74695,883,873,3
74696,452,199,5
74697,70,559,3
74698,933,72,3
74699,933,1246,1
74700,847,198,4
74701,487,349,3
74702,714,410,3
74703,649,250,3
74704,653,154,3
74705,903,186,5
74706,707,318,5
74707,82,640,3
74708,847,428,3
74709,916,223,4
74710,717,866,1
74711,655,761,2
74712,429,381,3
74713,927,288,5
74714,659,603,5
74715,825,289,1
74716,788,144,4
74717,810,243,4
74718,325,771,1
74719,373,529,4
74720,201,603,4
74721,760,66,2
74722,444,272,5
74723,303,289,2
74724,397,289,3
74725,308,770,4
74726,883,346,4
74727,943,226,4
74728,715,88,3
74729,311,47,2
74730,699,482,2
74731,23,89,5
74732,445,96,4
74733,798,692,4
74734,298,187,5
74735,414,324,4
74736,294,881,3
74737,433,137,5
74738,758,338,4
74739,276,316,4
74740,913,269,5
74741,927,240,3
74742,187,52,4
74743,922,183,3
74744,883,19,2
74745,875,461,4
74746,630,11,5
74747,894,86,4
74748,916,393,2
74749,877,197,4
74750,374,281,3
74751,479,157,5
74752,901,257,4
74753,655,182,4
74754,474,956,4
74755,693,192,2
74756,503,949,3
74757,615,100,3
74758,535,275,4
74759,615,97,4
74760,783,307,5
74761,297,196,4
74762,795,167,3
74763,643,845,3
74764,774,545,1
74765,234,964,4
74766,913,89,5
74767,447,276,4
74768,577,546,3
74769,725,19,5
74770,272,56,5
74771,835,484,4
74772,137,96,5
74773,915,313,4
74774,315,4,4
74775,821,560,3
74776,749,1023,3
74777,548,762,4
74778,223,155,5
74779,664,845,2
74780,919,687,1
74781,758,514,5
74782,940,708,3
74783,642,1239,4
74784,126,316,4
74785,151,174,5
74786,279,971,4
74787,782,1514,2
74788,750,873,3
74789,838,8,4
74790,351,895,3
74791,826,226,4
74792,707,458,3
74793,655,723,3
74794,758,628,4
74795,692,211,4
74796,474,650,4
74797,934,174,5
74798,753,181,3
74799,850,97,5
74800,743,326,3
74801,500,295,4
74802,749,153,4
74803,109,151,5
74804,732,937,4
74805,749,968,3
74806,788,637,2
74807,896,1423,2
74808,894,59,5
74809,416,477,4
74810,269,281,1
74811,686,178,5
74812,936,301,3
74813,442,89,4
74814,363,150,5
74815,897,410,3
74816,934,514,5
74817,334,44,4
74818,846,268,4
74819,674,15,4
74820,393,395,3
74821,437,443,4
74822,712,1037,4
74823,903,1070,4
74824,151,629,4
74825,629,309,3
74826,840,96,2
74827,711,79,4
74828,648,72,4
74829,749,418,5
74830,322,1019,4
74831,436,167,3
74832,274,873,3
74833,310,294,1
74834,830,172,5
74835,379,435,5
74836,615,191,5
74837,425,319,1
74838,474,421,3
74839,145,308,2
74840,429,100,5
74841,305,49,3
74842,584,450,2
74843,193,826,2
74844,567,608,4
74845,921,845,4
74846,749,527,4
74847,1,116,3
74848,28,219,5
74849,738,517,3
74850,243,237,2
74851,904,739,4
74852,896,824,1
74853,234,119,3
74854,880,144,5
74855,618,651,5
74856,514,180,3
74857,622,532,3
74858,886,518,4
74859,18,510,4
74860,554,133,4
74861,863,340,3
74862,617,531,2
74863,750,322,2
74864,193,1407,3
74865,892,182,5
74866,151,945,5
74867,94,1221,3
74868,385,528,4
74869,174,65,5
74870,760,451,5
74871,696,9,5
74872,426,100,4
74873,488,486,4
74874,615,192,5
74875,889,1188,2
74876,768,315,3
74877,931,258,3
74878,328,646,3
74879,50,100,2
74880,504,441,4
74881,546,758,4
74882,839,277,2
74883,843,550,3
74884,500,552,1
74885,918,792,3
74886,797,181,5
74887,822,111,4
74888,639,286,4
74889,232,294,2
74890,535,471,4
74891,721,304,3
74892,743,744,5
74893,256,11,5
74894,733,713,4
74895,870,239,3
74896,943,200,4
74897,704,135,5
74898,758,654,4
74899,545,28,4
74900,489,322,5
74901,233,523,4
74902,731,143,5
74903,630,239,4
74904,271,506,4
74905,555,111,4
74906,664,494,5
74907,227,823,2
74908,719,214,2
74909,896,157,4
74910,521,246,4
74911,290,402,4
74912,757,206,4
74913,729,294,2
74914,941,258,4
74915,263,31,4
74916,815,712,3
74917,865,1011,1
74918,912,194,4
74919,372,872,4
74920,933,173,3
74921,251,1,4
74922,248,79,3
74923,940,89,4
74924,13,175,4
74925,933,318,4
74926,899,193,3
74927,739,55,1
74928,724,1127,3
74929,669,216,3
74930,134,508,3
74931,729,751,3
74932,870,1267,2
74933,868,184,3
74934,921,125,3
74935,676,546,3
74936,308,211,4
74937,184,371,5
74938,855,179,3
74939,843,498,2
74940,727,118,4
74941,724,343,1
74942,642,588,5
74943,602,294,5
74944,94,51,3
74945,744,156,4
74946,737,64,4
74947,897,660,4
74948,896,576,2
74949,472,231,5
74950,536,588,3
74951,426,519,4
74952,707,1168,3
74953,564,272,3
74954,894,904,4
74955,663,763,5
74956,495,1542,4
74957,805,122,5
74958,591,64,5
74959,238,257,4
74960,942,216,4
74961,326,588,3
74962,313,427,5
74963,393,1225,3
74964,491,654,5
74965,736,254,1
74966,752,325,2
74967,570,286,4
74968,234,82,3
74969,119,31,5
74970,694,135,5
74971,403,147,5
74972,618,895,3
74973,788,546,3
74974,768,742,3
74975,313,89,5
74976,870,715,3
74977,506,496,5
74978,779,328,4
74979,458,76,4
74980,804,498,5
74981,597,477,5
74982,919,217,4
74983,892,176,5
74984,940,427,5
74985,379,524,4
74986,790,384,2
74987,666,188,5
74988,891,282,5
74989,727,169,5
74990,326,568,4
74991,886,475,5
74992,804,401,2
74993,819,319,4
74994,561,546,1
74995,796,1522,3
74996,443,269,3
74997,705,69,3
74998,549,1,5
74999,561,153,3
75000,498,317,3
75001,840,492,5
75002,406,282,3
75003,221,847,4
75004,757,98,4
75005,287,246,4
75006,417,161,3
75007,712,365,3
75008,630,465,1
75009,833,69,2
75010,297,485,3
75011,683,301,2
75012,417,163,4
75013,758,1527,3
75014,484,951,1
75015,655,131,2
75016,13,165,3
75017,415,258,4
75018,890,527,4
75019,682,708,3
75020,922,222,4
75021,734,173,3
75022,495,67,3
75023,901,174,5
75024,937,126,4
75025,464,520,5
75026,741,274,4
75027,921,560,2
75028,880,188,4
75029,932,226,3
75030,269,23,5
75031,621,692,4
75032,630,819,3
75033,896,198,4
75034,804,172,4
75035,883,553,4
75036,16,939,4
75037,279,1001,4
75038,409,657,3
75039,719,87,2
75040,778,28,4
75041,589,688,4
75042,495,80,3
75043,447,201,2
75044,757,151,4
75045,232,50,4
75046,807,477,4
75047,608,83,5
75048,509,892,1
75049,561,423,2
75050,627,591,3
75051,790,108,3
75052,271,566,4
75053,87,252,3
75054,551,97,5
75055,643,88,2
75056,825,593,3
75057,537,515,4
75058,666,527,4
75059,363,589,3
75060,843,25,2
75061,707,880,2
75062,737,154,4
75063,168,276,1
75064,326,9,1
75065,892,25,4
75066,632,356,4
75067,877,111,3
75068,757,742,4
75069,868,189,5
75070,216,315,5
75071,264,150,5
75072,480,152,4
75073,929,174,3
75074,767,724,4
75075,677,7,4
75076,894,13,4
75077,883,461,5
75078,868,922,5
75079,687,300,4
75080,846,452,3
75081,634,25,4
75082,751,1,3
75083,545,167,3
75084,591,956,4
75085,666,180,4
75086,755,300,4
75087,798,946,2
75088,456,550,2
75089,85,141,3
75090,462,539,3
75091,109,53,4
75092,450,866,4
75093,868,447,2
75094,899,73,4
75095,698,100,2
75096,246,50,5
75097,537,109,1
75098,712,495,4
75099,254,138,1
75100,489,323,5
75101,472,1215,4
75102,709,423,3
75103,56,238,5
75104,460,124,4
75105,628,690,5
75106,847,243,1
75107,606,516,4
75108,751,216,4
75109,174,240,1
75110,723,322,2
75111,857,275,5
75112,481,393,3
75113,550,222,4
75114,943,188,4
75115,436,50,4
75116,773,6,3
75117,551,587,4
75118,770,258,5
75119,935,237,5
75120,159,291,4
75121,761,205,4
75122,239,505,5
75123,486,9,5
75124,615,213,5
75125,498,179,4
75126,654,597,4
75127,762,270,4
75128,18,958,5
75129,892,429,4
75130,399,540,2
75131,537,222,2
75132,618,154,3
75133,881,528,5
75134,642,1078,5
75135,788,684,5
75136,471,82,5
75137,363,312,3
75138,894,14,4
75139,916,48,5
75140,14,240,5
75141,747,262,5
75142,691,604,5
75143,561,1229,1
75144,589,339,5
75145,24,655,5
75146,213,7,4
75147,693,449,2
75148,405,1556,1
75149,561,512,4
75150,894,909,3
75151,889,721,3
75152,884,100,5
75153,406,466,4
75154,521,550,3
75155,189,792,5
75156,669,150,3
75157,807,491,5
75158,778,132,2
75159,94,411,3
75160,705,546,3
75161,489,897,2
75162,896,518,3
75163,887,1116,5
75164,913,222,3
75165,218,153,4
75166,747,423,5
75167,222,1079,1
75168,911,727,2
75169,38,1028,5
75170,39,301,3
75171,538,527,3
75172,846,91,4
75173,343,496,5
75174,551,720,2
75175,495,1157,4
75176,733,696,3
75177,764,405,4
75178,860,949,3
75179,707,168,3
75180,406,281,3
75181,586,118,4
75182,827,689,3
75183,393,627,4
75184,586,159,4
75185,541,278,2
75186,739,751,3
75187,587,331,3
75188,807,199,5
75189,537,186,4
75190,486,324,4
75191,534,410,5
75192,916,702,3
75193,825,591,4
75194,276,554,2
75195,938,281,2
75196,907,409,4
75197,899,257,4
75198,727,423,3
75199,773,462,5
75200,435,193,3
75201,887,472,4
75202,707,6,3
75203,422,237,4
75204,13,749,3
75205,787,300,4
75206,796,69,5
75207,92,322,3
75208,766,414,4
75209,892,671,5
75210,769,1312,2
75211,799,748,2
75212,429,582,3
75213,560,24,2
75214,699,685,3
75215,771,892,5
75216,119,827,3
75217,896,55,3
75218,807,605,3
75219,415,483,5
75220,807,1411,1
75221,716,732,5
75222,846,1209,1
75223,452,625,3
75224,906,15,3
75225,763,230,3
75226,786,866,3
75227,627,199,5
75228,883,283,4
75229,345,570,2
75230,871,121,4
75231,899,746,4
75232,691,318,5
75233,760,365,5
75234,606,959,5
75235,767,242,4
75236,74,315,5
75237,758,687,3
75238,388,218,5
75239,387,399,3
75240,546,258,4
75241,850,168,5
75242,894,885,2
75243,924,286,3
75244,653,631,2
75245,222,50,4
75246,881,4,3
75247,552,977,3
75248,709,62,3
75249,756,79,4
75250,847,109,5
75251,666,484,4
75252,43,277,1
75253,296,211,4
75254,503,306,5
75255,838,228,4
75256,889,79,3
75257,811,286,5
75258,887,69,4
75259,715,196,4
75260,728,124,3
75261,451,306,2
75262,545,403,5
75263,733,285,4
75264,537,616,2
75265,738,169,5
75266,716,11,4
75267,505,183,3
75268,901,405,4
75269,805,418,2
75270,806,240,2
75271,880,1052,1
75272,460,312,4
75273,222,101,4
75274,890,654,5
75275,102,435,3
75276,253,82,3
75277,500,1048,3
75278,615,387,3
75279,872,1028,3
75280,392,517,5
75281,874,124,4
75282,79,311,4
75283,405,737,1
75284,606,282,4
75285,717,327,3
75286,704,208,3
75287,457,831,2
75288,798,220,3
75289,798,90,3
75290,307,132,4
75291,789,111,3
75292,705,1035,4
75293,815,494,5
75294,755,937,4
75295,916,235,3
75296,659,660,3
75297,429,789,4
75298,269,170,2
75299,756,147,4
75300,535,518,5
75301,822,358,3
75302,847,82,4
75303,878,140,2
75304,714,111,3
75305,406,924,4
75306,731,213,5
75307,943,794,3
75308,816,326,4
75309,109,810,3
75310,655,469,3
75311,875,333,5
75312,313,127,5
75313,10,502,4
75314,207,3,2
75315,930,455,1
75316,693,288,2
75317,794,181,4
75318,110,338,1
75319,181,685,2
75320,487,229,3
75321,289,15,3
75322,938,181,5
75323,863,1678,1
75324,143,322,4
75325,884,509,4
75326,663,475,4
75327,395,163,5
75328,922,418,4
75329,422,333,4
75330,860,381,3
75331,170,678,4
75332,722,322,3
75333,327,47,4
75334,897,55,3
75335,624,544,4
75336,201,116,1
75337,579,289,2
75338,823,151,4
75339,479,670,3
75340,918,921,4
75341,289,477,2
75342,664,654,5
75343,616,326,3
75344,796,228,5
75345,880,1270,3
75346,848,474,5
75347,640,214,5
75348,597,1016,4
75349,924,632,4
75350,291,760,2
75351,506,449,2
75352,883,116,5
75353,514,778,4
75354,751,402,3
75355,922,174,5
75356,734,478,4
75357,814,17,3
75358,931,250,2
75359,802,563,3
75360,663,100,4
75361,59,959,4
75362,344,1020,5
75363,757,895,4
75364,786,186,4
75365,903,931,2
75366,941,7,4
75367,457,145,3
75368,665,56,5
75369,16,286,2
75370,852,840,3
75371,274,237,4
75372,693,506,2
75373,932,183,4
75374,456,265,3
75375,201,702,1
75376,56,298,4
75377,807,1413,2
75378,585,20,4
75379,379,143,4
75380,735,304,4
75381,70,1145,3
75382,834,246,4
75383,434,118,5
75384,192,1265,3
75385,1,198,5
75386,693,471,3
75387,868,23,5
75388,457,28,5
75389,773,431,1
75390,385,533,4
75391,709,232,5
75392,810,300,5
75393,503,484,4
75394,295,209,5
75395,776,28,5
75396,920,328,2
75397,691,185,5
75398,681,1394,5
75399,889,1014,2
75400,574,288,4
75401,863,752,4
75402,868,658,3
75403,749,661,5
75404,887,477,1
75405,786,202,4
75406,591,168,3
75407,896,64,4
75408,167,606,4
75409,749,435,4
75410,413,515,5
75411,521,684,3
75412,813,890,4
75413,693,195,4
75414,856,322,4
75415,763,702,3
75416,527,12,4
75417,774,226,2
75418,890,174,5
75419,590,1061,2
75420,637,268,2
75421,271,496,5
75422,613,478,5
75423,133,539,1
75424,239,304,1
75425,846,66,4
75426,727,176,4
75427,543,1159,5
75428,542,94,3
75429,870,673,5
75430,643,68,3
75431,689,13,1
75432,624,690,4
75433,717,130,2
75434,886,790,4
75435,879,222,4
75436,615,302,4
75437,927,300,5
75438,797,948,1
75439,301,15,4
75440,520,871,1
75441,920,1612,4
75442,500,919,3
75443,141,984,4
75444,752,621,1
75445,885,318,5
75446,682,719,2
75447,452,50,5
75448,639,511,4
75449,557,252,3
75450,610,484,3
75451,753,427,5
75452,771,243,3
75453,889,204,4
75454,665,286,4
75455,111,286,4
75456,701,313,4
75457,839,508,3
75458,721,56,3
75459,758,531,5
75460,889,4,3
75461,886,1046,2
75462,810,286,4
75463,399,151,2
75464,747,88,2
75465,588,762,4
75466,924,923,5
75467,881,546,4
75468,643,405,3
75469,916,182,3
75470,546,200,5
75471,181,151,2
75472,234,1101,3
75473,843,654,2
75474,659,135,3
75475,715,205,5
75476,535,792,4
75477,738,227,4
75478,176,285,5
75479,871,96,5
75480,846,692,3
75481,932,144,3
75482,635,874,3
75483,758,151,5
75484,682,925,3
75485,249,318,5
75486,605,302,4
75487,639,173,1
75488,750,748,3
75489,634,591,4
75490,883,1021,5
75491,880,418,4
75492,134,678,4
75493,406,73,2
75494,429,616,3
75495,749,1092,3
75496,445,1129,4
75497,152,33,5
75498,748,647,3
75499,727,258,2
75500,896,1074,2
75501,744,479,5
75502,764,845,4
75503,716,241,3
75504,11,196,5
75505,933,453,1
75506,887,176,5
75507,879,597,2
75508,854,50,4
75509,909,166,5
75510,682,250,4
75511,540,257,4
75512,374,713,1
75513,926,303,3
75514,919,878,2
75515,715,81,4
75516,803,269,5
75517,840,303,5
75518,524,855,4
75519,399,176,3
75520,862,100,5
75521,457,287,4
75522,118,317,5
75523,864,48,5
75524,632,549,3
75525,940,683,3
75526,682,1135,2
75527,695,354,4
75528,766,205,5
75529,563,255,5
75530,749,705,4
75531,691,672,1
75532,269,476,1
75533,846,542,3
75534,908,357,3
75535,333,483,4
75536,561,1267,3
75537,709,413,2
75538,716,151,5
75539,622,96,5
75540,868,402,1
75541,303,17,4
75542,308,293,4
75543,711,312,5
75544,615,514,5
75545,765,275,4
75546,864,562,4
75547,610,51,5
75548,269,1411,3
75549,823,157,5
75550,186,1213,3
75551,29,303,4
75552,771,8,5
75553,497,294,4
75554,890,168,5
75555,895,50,5
75556,712,652,3
75557,843,393,2
75558,207,538,2
75559,896,596,2
75560,899,239,3
75561,693,520,2
75562,629,100,5
75563,886,582,1
75564,710,282,2
75565,184,792,4
75566,397,693,4
75567,615,325,2
75568,655,272,3
75569,316,58,3
75570,707,485,4
75571,745,202,3
75572,659,212,4
75573,487,24,4
75574,793,823,3
75575,526,325,3
75576,497,826,3
75577,733,922,3
75578,776,947,2
75579,780,603,2
75580,710,198,4
75581,783,301,4
75582,693,99,3
75583,637,257,2
75584,624,316,4
75585,856,326,2
75586,637,322,3
75587,410,689,2
75588,876,529,4
75589,606,844,4
75590,652,307,4
75591,916,190,4
75592,699,1061,3
75593,450,33,5
75594,890,660,2
75595,320,1052,2
75596,889,207,3
75597,846,1451,4
75598,135,581,4
75599,735,181,4
75600,655,1101,2
75601,804,474,4
75602,864,43,3
75603,745,230,2
75604,651,683,3
75605,244,651,4
75606,864,523,4
75607,381,124,5
75608,864,432,2
75609,912,97,4
75610,821,705,5
75611,844,89,3
75612,727,82,3
75613,785,1,4
75614,399,780,1
75615,537,347,4
75616,751,372,3
75617,782,682,4
75618,860,313,4
75619,496,28,2
75620,454,135,2
75621,478,153,3
75622,711,1053,4
75623,780,286,4
75624,700,174,4
75625,754,459,4
75626,551,433,5
75627,592,123,4
75628,782,1385,4
75629,605,210,3
75630,145,98,5
75631,269,231,1
75632,517,311,3
75633,316,427,5
75634,449,268,2
75635,297,147,3
75636,943,73,3
75637,776,355,3
75638,447,535,4
75639,556,319,3
75640,828,283,3
75641,527,357,5
75642,323,98,4
75643,600,187,5
75644,922,98,5
75645,669,187,5
75646,868,208,3
75647,656,903,2
75648,131,248,3
75649,797,286,2
75650,587,890,1
75651,694,603,4
75652,405,1567,1
75653,806,156,4
75654,881,435,3
75655,938,840,2
75656,775,344,5
75657,721,15,4
75658,540,15,3
75659,916,527,4
75660,70,257,4
75661,280,68,3
75662,653,245,4
75663,776,181,4
75664,774,202,5
75665,862,831,3
75666,707,766,3
75667,504,559,5
75668,503,199,4
75669,99,678,2
75670,912,185,3
75671,937,293,4
75672,454,238,3
75673,201,792,4
75674,373,739,3
75675,899,710,3
75676,413,333,2
75677,655,292,2
75678,781,87,4
75679,872,1061,4
75680,214,114,4
75681,894,324,3
75682,766,185,4
75683,623,15,4
75684,768,313,5
75685,741,7,3
75686,805,545,1
75687,903,105,3
75688,766,187,4
75689,593,735,4
75690,619,326,2
75691,795,168,5
75692,717,343,4
75693,464,332,4
75694,425,184,4
75695,870,646,4
75696,926,325,1
75697,189,199,5
75698,648,436,5
75699,919,919,2
75700,83,79,5
75701,690,186,4
75702,932,194,5
75703,654,121,4
75704,30,164,4
75705,781,327,4
75706,843,569,1
75707,727,188,3
75708,934,488,5
75709,727,7,2
75710,707,279,3
75711,678,276,5
75712,594,19,3
75713,694,483,5
75714,606,1016,3
75715,934,648,3
75716,457,25,4
75717,926,315,4
75718,840,83,5
75719,881,395,3
75720,864,209,3
75721,877,381,4
75722,907,596,4
75723,450,702,4
75724,472,566,4
75725,815,993,2
75726,399,320,3
75727,830,197,4
75728,297,367,2
75729,790,584,4
75730,901,229,4
75731,416,942,4
75732,222,38,2
75733,328,586,1
75734,567,248,4
75735,671,203,3
75736,577,465,4
75737,932,114,5
75738,818,300,2
75739,588,468,3
75740,780,339,4
75741,268,80,3
75742,5,434,5
75743,25,133,3
75744,194,67,1
75745,62,22,4
75746,643,128,3
75747,378,370,2
75748,896,674,2
75749,548,50,5
75750,346,472,4
75751,736,253,5
75752,888,535,4
75753,868,47,2
75754,389,187,5
75755,840,505,5
75756,479,831,2
75757,727,471,3
75758,222,358,2
75759,347,121,3
75760,494,514,2
75761,823,770,4
75762,318,898,4
75763,807,194,4
75764,774,365,2
75765,650,136,4
75766,870,505,4
75767,627,233,2
75768,524,12,3
75769,727,596,4
75770,577,409,5
75771,256,665,4
75772,747,215,5
75773,758,1244,3
75774,910,125,3
75775,598,895,2
75776,890,228,4
75777,514,710,5
75778,504,928,4
75779,938,1014,4
75780,730,246,4
75781,889,22,3
75782,664,582,1
75783,751,347,4
75784,378,83,4
75785,846,414,4
75786,440,324,5
75787,457,179,4
75788,577,179,2
75789,892,729,4
75790,716,404,4
75791,892,265,4
75792,701,300,3
75793,57,15,4
75794,751,96,4
75795,897,50,5
75796,671,849,3
75797,796,785,5
75798,746,204,5
75799,904,451,4
75800,189,525,5
75801,766,577,3
75802,642,1053,3
75803,565,509,4
75804,18,512,5
75805,200,931,3
75806,406,1197,3
75807,916,246,5
75808,506,607,4
75809,770,748,5
75810,727,470,5
75811,807,79,5
75812,32,455,2
75813,922,949,5
75814,447,118,4
75815,881,526,5
75816,881,125,5
75817,881,405,4
75818,593,405,3
75819,727,1035,2
75820,561,496,3
75821,767,300,4
75822,711,427,5
75823,13,765,2
75824,172,428,4
75825,916,213,4
75826,704,187,4
75827,223,288,3
75828,499,98,4
75829,894,121,3
75830,805,554,1
75831,695,323,2
75832,497,53,3
75833,747,475,5
75834,816,294,5
75835,758,1012,4
75836,94,1135,4
75837,758,665,2
75838,910,24,3
75839,932,611,5
75840,479,408,5
75841,398,71,5
75842,712,724,3
75843,655,313,4
75844,939,1190,5
75845,622,375,2
75846,859,1315,4
75847,611,882,4
75848,875,300,3
75849,642,405,3
75850,247,70,5
75851,659,423,4
75852,893,412,3
75853,938,370,5
75854,864,1303,2
75855,279,946,3
75856,796,1048,2
75857,807,94,2
75858,394,715,4
75859,679,249,3
75860,648,826,3
75861,536,755,4
75862,916,194,4
75863,798,28,4
75864,23,423,3
75865,843,250,4
75866,594,245,3
75867,697,456,3
75868,921,411,2
75869,652,300,4
75870,650,633,4
75871,805,476,1
75872,10,430,3
75873,662,276,3
75874,83,728,4
75875,805,525,4
75876,567,673,3
75877,201,22,2
75878,634,1067,4
75879,773,152,5
75880,785,288,3
75881,534,760,2
75882,763,509,5
75883,429,529,4
75884,889,511,4
75885,674,678,3
75886,659,178,5
75887,535,302,3
75888,819,381,4
75889,930,269,4
75890,902,306,4
75891,877,340,3
75892,645,656,4
75893,881,27,3
75894,379,234,5
75895,38,1016,5
75896,737,169,4
75897,336,368,1
75898,472,472,5
75899,551,393,5
75900,919,112,3
75901,463,125,4
75902,547,302,5
75903,634,690,3
75904,707,1022,3
75905,303,47,5
75906,596,300,4
75907,811,315,4
75908,774,58,1
75909,588,202,1
75910,518,289,4
75911,942,607,5
75912,504,202,3
75913,925,948,2
75914,697,742,3
75915,437,1006,3
75916,216,81,4
75917,580,286,4
75918,867,651,5
75919,712,716,5
75920,394,173,5
75921,437,52,3
75922,808,300,4
75923,496,190,5
75924,823,152,5
75925,899,79,5
75926,927,1229,3
75927,764,284,4
75928,773,209,5
75929,57,50,5
75930,722,333,5
75931,484,117,4
75932,488,178,4
75933,894,252,3
75934,507,1237,5
75935,235,463,4
75936,716,117,4
75937,747,429,4
75938,892,496,5
75939,707,782,3
75940,749,986,3
75941,908,484,4
75942,724,289,1
75943,437,172,4
75944,43,274,5
75945,869,294,3
75946,868,59,4
75947,854,12,5
75948,561,544,2
75949,234,31,4
75950,758,580,4
75951,601,421,1
75952,934,664,4
75953,933,651,3
75954,889,117,4
75955,11,58,3
75956,804,22,5
75957,643,403,3
75958,775,900,3
75959,710,343,3
75960,731,527,5
75961,727,328,4
75962,64,591,4
75963,643,325,2
75964,538,642,3
75965,886,939,4
75966,933,746,4
75967,899,168,4
75968,393,483,4
75969,705,1544,4
75970,383,316,5
75971,608,1063,5
75972,527,135,2
75973,170,294,3
75974,821,117,3
75975,816,331,5
75976,727,71,3
75977,447,235,2
75978,927,1093,4
75979,943,195,4
75980,734,313,4
75981,744,301,3
75982,880,1210,4
75983,822,235,3
75984,693,582,2
75985,648,472,3
75986,435,271,4
75987,796,776,4
75988,852,50,5
75989,671,1491,1
75990,889,300,3
75991,804,1016,4
75992,754,282,4
75993,324,873,5
75994,537,197,4
75995,930,845,3
75996,758,218,4
75997,717,825,2
75998,640,169,5
75999,666,237,3
76000,836,1065,4
76001,468,1070,5
76002,823,721,4
76003,916,472,3
76004,2,272,5
76005,920,270,3
76006,741,66,3
76007,484,176,4
76008,708,1023,3
76009,663,410,3
76010,87,174,5
76011,479,169,5
76012,374,96,4
76013,693,187,3
76014,940,310,3
76015,11,301,4
76016,389,199,5
76017,860,690,4
76018,784,315,4
76019,527,116,4
76020,932,507,5
76021,222,198,4
76022,524,275,3
76023,189,255,2
76024,286,16,3
76025,650,658,3
76026,773,432,4
76027,857,258,5
76028,787,319,3
76029,871,307,3
76030,830,29,1
76031,919,458,2
76032,417,515,4
76033,328,121,4
76034,786,357,5
76035,870,276,4
76036,863,324,5
76037,627,468,2
76038,637,237,2
76039,734,496,5
76040,609,1,1
76041,551,125,4
76042,5,63,1
76043,479,756,1
76044,751,394,4
76045,696,520,5
76046,874,197,4
76047,883,487,5
76048,897,389,3
76049,630,273,5
76050,506,218,3
76051,303,4,4
76052,472,423,5
76053,745,28,2
76054,758,550,4
76055,486,297,4
76056,432,282,5
76057,913,25,3
76058,908,111,3
76059,782,748,4
76060,846,849,3
76061,739,195,5
76062,506,604,4
76063,484,415,3
76064,904,300,4
76065,655,200,4
76066,886,239,3
76067,868,132,4
76068,618,1212,2
76069,641,969,4
76070,666,657,4
76071,90,750,4
76072,847,1204,3
76073,387,204,2
76074,711,755,3
76075,697,246,5
76076,766,403,3
76077,781,318,3
76078,795,89,4
76079,938,151,4
76080,788,199,5
76081,764,56,4
76082,666,92,3
76083,758,481,5
76084,751,154,3
76085,847,93,1
76086,871,1024,3
76087,532,1228,3
76088,863,299,2
76089,922,746,4
76090,296,276,5
76091,91,343,4
76092,648,635,2
76093,873,750,3
76094,815,86,5
76095,23,116,5
76096,334,496,3
76097,633,147,4
76098,835,183,4
76099,445,298,2
76100,899,254,2
76101,796,66,5
76102,495,631,2
76103,903,183,4
76104,864,86,4
76105,788,141,3
76106,334,208,5
76107,899,83,4
76108,892,946,3
76109,94,365,3
76110,676,222,4
76111,846,4,5
76112,882,180,4
76113,496,771,2
76114,770,298,4
76115,422,218,4
76116,791,754,4
76117,454,111,1
76118,650,494,3
76119,871,1137,3
76120,450,1135,4
76121,654,147,3
76122,387,100,5
76123,13,132,4
76124,867,22,5
76125,682,187,5
76126,894,343,2
76127,38,35,5
76128,870,332,2
76129,888,180,4
76130,655,660,2
76131,782,1012,2
76132,540,274,4
76133,546,50,5
76134,650,56,3
76135,706,258,4
76136,758,170,5
76137,107,322,1
76138,862,977,4
76139,354,971,3
76140,551,310,4
76141,800,289,4
76142,354,196,3
76143,181,1025,1
76144,603,313,5
76145,655,953,3
76146,61,294,2
76147,303,559,4
76148,919,244,2
76149,763,55,4
76150,715,471,4
76151,486,288,4
76152,751,709,4
76153,655,1135,3
76154,216,210,4
76155,655,56,3
76156,747,188,5
76157,456,1107,4
76158,916,509,4
76159,360,96,3
76160,387,172,4
76161,893,240,4
76162,58,174,4
76163,486,268,3
76164,738,189,4
76165,758,141,4
76166,279,687,4
76167,785,152,4
76168,843,52,2
76169,848,82,5
76170,540,286,4
76171,5,181,5
76172,497,665,2
76173,5,412,3
76174,871,202,4
76175,472,176,5
76176,627,942,2
76177,405,970,1
76178,276,334,4
76179,642,54,4
76180,901,181,4
76181,246,1220,3
76182,262,338,4
76183,2,278,3
76184,474,4,5
76185,878,165,4
76186,833,118,2
76187,864,391,4
76188,525,14,3
76189,932,1205,5
76190,591,435,4
76191,556,268,4
76192,859,535,5
76193,906,544,4
76194,405,1308,1
76195,843,628,2
76196,868,685,1
76197,763,153,4
76198,617,56,1
76199,791,301,3
76200,767,170,5
76201,314,477,3
76202,600,174,4
76203,524,1048,4
76204,764,237,4
76205,826,422,2
76206,754,292,3
76207,328,911,3
76208,844,97,3
76209,293,877,2
76210,711,475,5
76211,924,421,4
76212,827,302,4
76213,389,486,4
76214,716,506,4
76215,727,55,3
76216,911,205,3
76217,452,661,4
76218,727,977,2
76219,782,127,4
76220,793,248,4
76221,472,227,5
76222,751,82,4
76223,459,409,2
76224,854,735,3
76225,709,50,5
76226,424,276,2
76227,426,968,3
76228,749,215,4
76229,488,89,4
76230,158,210,4
76231,940,343,2
76232,326,427,4
76233,586,234,3
76234,936,253,5
76235,863,903,3
76236,715,2,3
76237,303,615,4
76238,276,245,3
76239,405,920,1
76240,478,393,4
76241,900,284,2
76242,928,358,5
76243,774,222,3
76244,262,596,4
76245,625,192,2
76246,489,338,3
76247,880,849,3
76248,260,881,4
76249,659,1267,3
76250,269,1427,2
76251,791,245,4
76252,885,154,3
76253,709,1059,5
76254,18,32,2
76255,871,1022,3
76256,144,100,5
76257,653,496,2
76258,276,567,3
76259,788,118,3
76260,854,461,3
76261,387,191,4
76262,896,471,3
76263,883,175,5
76264,642,411,5
76265,454,486,3
76266,7,69,5
76267,222,692,4
76268,863,342,1
76269,665,135,4
76270,819,346,5
76271,455,239,3
76272,344,628,4
76273,844,184,3
76274,15,748,3
76275,303,287,4
76276,452,102,2
76277,546,379,4
76278,455,200,5
76279,807,227,4
76280,679,215,3
76281,60,496,4
76282,305,505,3
76283,895,301,4
76284,874,14,4
76285,939,993,4
76286,405,1591,1
76287,279,30,2
76288,672,284,4
76289,885,588,4
76290,16,202,5
76291,463,111,2
76292,843,71,2
76293,796,761,3
76294,741,181,4
76295,790,67,3
76296,705,82,5
76297,698,181,3
76298,405,923,2
76299,655,317,3
76300,577,215,5
76301,69,79,4
76302,663,978,4
76303,795,174,4
76304,650,926,3
76305,479,485,3
76306,927,105,1
76307,568,178,4
76308,880,793,4
76309,790,716,4
76310,833,428,2
76311,661,280,3
76312,848,845,5
76313,854,144,3
76314,762,246,1
76315,425,854,4
76316,648,1258,2
76317,903,248,2
76318,618,73,3
76319,664,497,3
76320,798,275,4
76321,886,200,3
76322,903,1,3
76323,699,828,3
76324,650,417,3
76325,83,756,4
76326,316,582,5
76327,592,235,3
76328,568,100,4
76329,764,4,3
76330,456,402,2
76331,449,475,5
76332,830,501,3
76333,655,1024,3
76334,653,780,2
76335,169,482,3
76336,936,93,5
76337,919,976,2
76338,578,245,3
76339,487,803,2
76340,771,97,1
76341,293,96,3
76342,933,132,3
76343,906,676,5
76344,899,479,4
76345,655,1407,2
76346,758,653,3
76347,592,480,4
76348,747,176,4
76349,397,243,1
76350,932,213,3
76351,931,690,4
76352,710,346,4
76353,22,50,5
76354,848,357,5
76355,378,323,3
76356,538,483,5
76357,542,780,3
76358,896,39,2
76359,606,942,4
76360,279,180,2
76361,788,679,2
76362,707,1545,2
76363,934,161,4
76364,851,79,4
76365,536,631,2
76366,742,100,5
76367,886,558,3
76368,747,8,5
76369,889,252,3
76370,738,179,3
76371,830,161,4
76372,923,928,4
76373,380,97,3
76374,764,125,4
76375,712,432,4
76376,610,755,5
76377,682,363,2
76378,868,998,2
76379,942,362,3
76380,399,235,4
76381,445,281,1
76382,13,819,1
76383,916,49,3
76384,709,427,4
76385,922,550,3
76386,590,274,3
76387,721,988,3
76388,391,194,4
76389,673,323,2
76390,506,2,4
76391,504,282,4
76392,851,915,5
76393,607,462,4
76394,31,1019,5
76395,647,496,4
76396,796,880,3
76397,425,443,2
76398,901,111,3
76399,406,97,5
76400,102,760,1
76401,931,220,3
76402,849,568,4
76403,546,816,3
76404,869,13,3
76405,880,584,3
76406,896,568,2
76407,851,455,3
76408,751,433,3
76409,601,148,3
76410,794,286,3
76411,496,22,4
76412,447,1009,4
76413,757,231,2
76414,757,258,5
76415,943,27,4
76416,796,414,3
76417,453,790,4
76418,616,748,3
76419,605,12,4
76420,630,15,3
76421,861,301,4
76422,184,368,1
76423,665,88,3
76424,624,1067,4
76425,847,173,5
76426,708,121,3
76427,669,190,3
76428,803,321,4
76429,894,979,3
76430,738,173,5
76431,748,169,4
76432,682,585,4
76433,655,464,3
76434,259,1074,3
76435,417,779,2
76436,758,290,5
76437,798,82,4
76438,727,1224,3
76439,312,614,4
76440,934,389,3
76441,796,409,3
76442,616,895,3
76443,320,1291,3
76444,878,175,2
76445,308,629,4
76446,100,887,2
76447,796,1299,2
76448,85,42,3
76449,316,100,4
76450,773,428,4
76451,882,419,5
76452,559,566,5
76453,500,740,3
76454,62,72,3
76455,293,815,2
76456,894,475,3
76457,379,97,3
76458,222,147,4
76459,880,29,2
76460,788,1407,3
76461,919,100,5
76462,796,194,4
76463,738,732,3
76464,912,611,3
76465,566,134,5
76466,736,323,1
76467,70,79,4
76468,765,50,2
76469,732,332,5
76470,642,416,5
76471,782,881,3
76472,897,659,5
76473,152,393,5
76474,717,1282,4
76475,622,227,3
76476,382,496,3
76477,719,220,5
76478,689,300,5
76479,625,91,4
76480,521,833,2
76481,545,679,2
76482,912,654,3
76483,718,255,4
76484,727,231,3
76485,721,286,5
76486,843,661,3
76487,426,482,5
76488,921,815,5
76489,669,290,2
76490,896,209,3
76491,714,117,5
76492,880,392,3
76493,383,488,4
76494,640,42,5
76495,234,89,3
76496,758,722,3
76497,666,172,3
76498,807,195,3
76499,560,93,3
76500,782,299,3
76501,336,871,2
76502,315,137,5
76503,387,178,3
76504,798,14,2
76505,7,217,4
76506,237,483,5
76507,644,259,4
76508,336,1249,3
76509,606,827,3
76510,653,290,3
76511,504,225,4
76512,655,1149,3
76513,907,628,5
76514,911,638,4
76515,907,202,5
76516,293,229,2
76517,458,631,4
76518,234,52,4
76519,875,496,4
76520,707,732,4
76521,416,150,5
76522,766,214,2
76523,804,456,3
76524,865,240,2
76525,805,1014,4
76526,527,431,3
76527,825,125,5
76528,561,40,2
76529,72,708,4
76530,457,154,5
76531,674,121,4
76532,550,271,5
76533,748,483,4
76534,798,602,3
76535,684,15,5
76536,116,916,2
76537,269,432,4
76538,718,289,3
76539,437,417,5
76540,569,762,3
76541,593,204,4
76542,886,1095,2
76543,897,429,5
76544,932,576,2
76545,790,216,5
76546,668,288,4
76547,522,208,5
76548,648,569,3
76549,503,224,3
76550,773,98,4
76551,343,1267,4
76552,406,163,3
76553,790,143,3
76554,916,87,3
76555,751,494,4
76556,450,485,5
76557,758,250,4
76558,759,756,4
76559,271,729,4
76560,94,587,4
76561,222,423,4
76562,601,234,1
76563,878,435,4
76564,184,241,3
76565,747,222,2
76566,899,1016,3
76567,276,844,4
76568,64,1065,1
76569,935,924,4
76570,402,275,5
76571,751,143,5
76572,932,657,5
76573,936,50,4
76574,704,185,4
76575,407,569,3
76576,378,193,4
76577,943,405,4
76578,763,972,3
76579,894,323,2
76580,684,215,5
76581,886,227,3
76582,747,985,2
76583,453,941,2
76584,578,246,2
76585,500,755,3
76586,650,230,4
76587,703,1,4
76588,886,157,4
76589,757,1016,3
76590,877,737,1
76591,913,963,4
76592,561,960,4
76593,686,969,5
76594,521,249,4
76595,798,95,5
76596,697,1067,5
76597,805,337,2
76598,698,9,3
76599,864,578,3
76600,749,258,4
76601,181,687,1
76602,329,248,3
76603,330,694,5
76604,551,284,4
76605,663,12,5
76606,899,747,1
76607,707,703,4
76608,389,728,3
76609,880,55,3
76610,77,199,5
76611,860,1041,2
76612,533,121,4
76613,498,174,3
76614,818,271,4
76615,915,333,3
76616,885,821,3
76617,409,45,4
76618,373,632,3
76619,720,316,4
76620,447,175,3
76621,331,160,5
76622,805,558,5
76623,761,1272,1
76624,445,327,2
76625,592,246,5
76626,645,214,4
76627,493,678,3
76628,566,1065,5
76629,871,270,5
76630,496,94,1
76631,817,597,2
76632,711,416,3
76633,7,318,5
76634,711,250,2
76635,454,942,2
76636,697,325,4
76637,749,72,3
76638,645,708,3
76639,906,276,5
76640,541,474,5
76641,659,43,4
76642,566,411,4
76643,840,483,5
76644,222,265,3
76645,727,597,3
76646,749,402,4
76647,805,50,4
76648,763,168,5
76649,749,1263,2
76650,592,245,1
76651,770,988,3
76652,682,558,1
76653,758,448,4
76654,766,50,4
76655,620,100,1
76656,618,90,1
76657,464,292,5
76658,790,550,4
76659,642,932,5
76660,932,225,2
76661,933,405,3
76662,524,385,3
76663,833,923,5
76664,102,4,2
76665,500,1195,4
76666,708,269,3
76667,782,251,3
76668,835,421,4
76669,253,132,5
76670,332,568,4
76671,608,306,4
76672,911,272,4
76673,63,269,3
76674,784,323,4
76675,715,4,4
76676,18,8,5
76677,864,596,4
76678,903,515,4
76679,915,268,5
76680,622,934,2
76681,582,932,2
76682,160,157,5
76683,807,234,3
76684,314,540,3
76685,918,514,2
76686,561,230,3
76687,815,57,5
76688,870,22,4
76689,706,410,4
76690,727,211,4
76691,569,14,4
76692,715,257,4
76693,894,1658,4
76694,913,156,3
76695,627,947,3
76696,487,197,3
76697,650,431,3
76698,652,333,4
76699,416,875,2
76700,897,238,4
76701,864,1412,1
76702,847,1137,5
76703,592,222,1
76704,844,597,3
76705,533,660,5
76706,683,322,2
76707,554,95,4
76708,804,322,5
76709,748,194,4
76710,808,288,3
76711,345,462,5
76712,913,79,4
76713,903,820,4
76714,738,222,4
76715,249,92,5
76716,790,1244,1
76717,911,484,3
76718,286,81,3
76719,394,577,2
76720,802,674,2
76721,741,582,3
76722,4,358,2
76723,666,546,4
76724,665,756,3
76725,332,411,4
76726,936,137,4
76727,744,188,3
76728,899,204,4
76729,763,357,4
76730,851,71,4
76731,804,443,5
76732,308,179,4
76733,808,312,3
76734,847,1012,1
76735,704,435,4
76736,889,1113,5
76737,922,159,3
76738,545,380,3
76739,781,181,5
76740,747,584,5
76741,796,1036,4
76742,416,491,4
76743,943,423,3
76744,417,651,4
76745,883,403,5
76746,774,569,2
76747,710,432,5
76748,493,186,5
76749,770,50,3
76750,326,500,3
76751,619,27,4
76752,804,25,4
76753,425,672,2
76754,296,9,4
76755,709,541,3
76756,867,176,3
76757,503,546,4
76758,933,385,3
76759,128,506,4
76760,840,163,4
76761,919,756,3
76762,382,59,5
76763,770,14,5
76764,387,1187,4
76765,610,98,5
76766,908,427,5
76767,724,313,5
76768,929,318,4
76769,894,1048,4
76770,918,382,4
76771,800,222,4
76772,429,176,3
76773,881,530,5
76774,194,515,4
76775,655,121,3
76776,802,448,3
76777,807,610,3
76778,851,406,2
76779,580,50,5
76780,748,175,5
76781,387,179,5
76782,911,399,5
76783,755,322,3
76784,645,174,4
76785,388,328,4
76786,846,949,2
76787,804,91,4
76788,453,575,2
76789,639,1193,4
76790,373,459,4
76791,886,66,3
76792,731,14,3
76793,756,183,4
76794,899,238,2
76795,916,33,2
76796,782,1127,2
76797,569,124,5
76798,239,507,5
76799,698,709,4
76800,890,211,2
76801,239,276,5
76802,523,67,4
76803,892,820,3
76804,880,42,5
76805,901,395,3
76806,783,948,3
76807,279,431,4
76808,622,195,5
76809,402,710,2
76810,773,790,3
76811,751,174,4
76812,715,564,2
76813,813,680,2
76814,897,616,5
76815,889,1073,5
76816,727,1215,2
76817,671,550,3
76818,561,235,3
76819,815,136,5
76820,437,475,3
76821,374,693,5
76822,533,402,4
76823,279,461,3
76824,473,20,3
76825,475,258,1
76826,549,121,4
76827,567,490,4
76828,497,141,3
76829,712,395,4
76830,796,500,4
76831,872,328,4
76832,109,228,5
76833,379,663,3
76834,163,316,5
76835,592,1275,3
76836,692,523,3
76837,487,98,5
76838,915,307,3
76839,452,15,4
76840,712,423,3
76841,425,301,4
76842,664,186,5
76843,469,603,5
76844,429,1101,5
76845,506,31,4
76846,682,88,4
76847,588,326,4
76848,346,96,5
76849,113,299,5
76850,639,204,3
76851,349,291,3
76852,805,625,3
76853,745,96,4
76854,289,455,4
76855,943,943,5
76856,437,716,5
76857,910,257,3
76858,844,121,3
76859,457,135,5
76860,880,176,5
76861,796,153,5
76862,536,191,4
76863,807,627,4
76864,416,103,3
76865,321,479,4
76866,833,67,3
76867,659,86,5
76868,639,580,2
76869,891,933,3
76870,532,982,3
76871,250,154,4
76872,846,76,4
76873,438,257,4
76874,764,255,4
76875,727,779,2
76876,642,140,3
76877,497,769,3
76878,234,465,2
76879,507,751,5
76880,682,781,2
76881,305,462,5
76882,416,218,3
76883,308,709,3
76884,746,568,4
76885,429,226,3
76886,286,348,4
76887,939,222,5
76888,18,633,5
76889,804,191,4
76890,551,770,2
76891,912,14,5
76892,795,189,3
76893,878,225,3
76894,716,605,3
76895,805,118,3
76896,800,25,4
76897,923,273,5
76898,524,239,2
76899,577,202,4
76900,788,729,4
76901,141,249,2
76902,711,172,5
76903,671,184,3
76904,534,717,5
76905,756,1074,4
76906,933,21,1
76907,939,1023,4
76908,151,423,4
76909,758,134,5
76910,769,121,4
76911,854,458,3
76912,444,269,4
76913,807,141,3
76914,650,719,3
76915,200,204,5
76916,441,338,4
76917,370,523,3
76918,835,210,5
76919,648,21,3
76920,708,319,5
76921,911,82,2
76922,747,357,5
76923,494,358,3
76924,627,77,2
76925,673,300,3
76926,668,137,3
76927,774,273,1
76928,777,509,4
76929,805,202,2
76930,551,640,4
76931,839,455,4
76932,590,248,4
76933,894,256,3
76934,907,42,4
76935,747,1205,3
76936,681,1105,3
76937,927,393,5
76938,831,713,5
76939,92,708,4
76940,42,141,3
76941,456,480,4
76942,795,552,2
76943,650,88,3
76944,601,483,4
76945,854,96,3
76946,804,127,3
76947,577,317,5
76948,249,69,5
76949,268,1208,2
76950,659,90,2
76951,298,356,3
76952,924,211,3
76953,533,135,3
76954,758,116,5
76955,924,285,4
76956,450,273,3
76957,128,458,4
76958,650,809,3
76959,669,208,2
76960,862,416,3
76961,595,845,3
76962,766,474,5
76963,717,269,5
76964,618,679,1
76965,624,979,4
76966,624,619,3
76967,548,950,4
76968,788,755,3
76969,782,302,3
76970,378,1221,3
76971,682,95,5
76972,387,718,4
76973,916,221,4
76974,21,990,2
76975,613,50,5
76976,527,174,4
76977,479,203,3
76978,870,658,4
76979,130,802,5
76980,495,211,5
76981,708,845,5
76982,655,910,3
76983,85,186,3
76984,882,50,5
76985,268,765,2
76986,904,278,5
76987,624,546,3
76988,870,856,3
76989,540,13,4
76990,653,659,1
76991,786,655,4
76992,371,73,5
76993,693,161,3
76994,201,924,3
76995,747,493,5
76996,648,565,3
76997,532,12,5
76998,878,204,2
76999,297,946,2
77000,757,328,3
77001,239,133,3
77002,417,230,3
77003,702,350,1
77004,640,315,5
77005,500,328,3
77006,889,818,4
77007,807,135,5
77008,666,479,4
77009,838,22,4
77010,527,179,3
77011,772,322,4
77012,854,283,3
77013,789,742,3
77014,488,97,4
77015,270,566,5
77016,120,508,2
77017,880,316,5
77018,843,860,3
77019,709,183,5
77020,831,603,5
77021,755,880,4
77022,253,168,3
77023,450,76,3
77024,94,637,3
77025,280,405,2
77026,848,971,5
77027,409,211,4
77028,445,272,3
77029,417,188,4
77030,84,100,4
77031,727,520,4
77032,892,1224,4
77033,387,243,1
77034,591,70,4
77035,763,1129,4
77036,815,391,2
77037,554,526,4
77038,586,1090,3
77039,738,235,2
77040,870,431,3
77041,592,276,5
77042,296,13,3
77043,693,507,4
77044,405,1412,1
77045,488,322,3
77046,796,298,5
77047,919,564,2
77048,632,133,4
77049,627,628,4
77050,194,167,2
77051,805,522,5
77052,683,132,5
77053,603,988,4
77054,650,528,3
77055,805,164,3
77056,15,297,3
77057,51,692,3
77058,880,1664,4
77059,643,685,3
77060,853,294,2
77061,450,492,5
77062,482,243,2
77063,524,194,4
77064,592,70,4
77065,902,300,4
77066,123,288,3
77067,900,186,2
77068,747,695,2
77069,846,810,3
77070,52,282,4
77071,758,571,4
77072,600,1239,2
77073,1,124,5
77074,880,2,3
77075,758,650,5
77076,409,1346,3
77077,46,748,5
77078,690,1210,3
77079,711,923,5
77080,440,883,5
77081,749,609,4
77082,802,196,3
77083,327,228,4
77084,875,50,5
77085,672,874,4
77086,442,121,2
77087,829,515,4
77088,743,294,2
77089,934,432,5
77090,902,483,4
77091,454,8,5
77092,788,1478,3
77093,853,1280,4
77094,387,28,5
77095,786,195,4
77096,818,875,1
77097,468,89,4
77098,804,526,4
77099,666,654,5
77100,919,1278,4
77101,730,181,2
77102,524,700,5
77103,828,45,4
77104,533,554,1
77105,864,114,5
77106,741,180,4
77107,756,91,3
77108,458,56,5
77109,922,184,3
77110,92,998,2
77111,731,481,3
77112,583,519,5
77113,194,1112,3
77114,933,4,3
77115,566,742,3
77116,655,914,3
77117,339,187,5
77118,892,321,5
77119,738,228,5
77120,815,154,5
77121,671,89,5
77122,222,249,1
77123,875,654,4
77124,845,690,5
77125,682,362,2
77126,886,1048,4
77127,942,514,4
77128,479,609,5
77129,393,724,3
77130,883,647,5
77131,429,1220,3
77132,399,82,3
77133,748,187,4
77134,119,316,4
77135,474,137,5
77136,932,131,4
77137,398,610,4
77138,318,809,4
77139,758,173,5
77140,655,246,3
77141,749,58,3
77142,748,527,5
77143,407,67,1
77144,896,696,1
77145,757,198,4
77146,778,8,1
77147,561,178,4
77148,847,239,5
77149,653,286,4
77150,912,152,4
77151,719,71,3
77152,754,243,1
77153,476,268,4
77154,800,223,5
77155,506,657,5
77156,582,841,2
77157,589,338,3
77158,303,46,3
77159,360,258,4
77160,782,908,3
77161,313,631,2
77162,342,249,3
77163,925,332,4
77164,773,233,1
77165,37,831,2
77166,871,813,3
77167,716,511,5
77168,459,50,4
77169,928,878,5
77170,747,318,5
77171,94,47,5
77172,449,639,5
77173,815,95,3
77174,836,318,5
77175,561,156,4
77176,717,326,3
77177,374,597,4
77178,851,342,2
77179,587,301,3
77180,645,496,3
77181,774,194,3
77182,927,449,4
77183,354,65,4
77184,148,133,5
77185,755,245,4
77186,407,134,5
77187,934,384,4
77188,930,405,3
77189,693,88,3
77190,758,228,3
77191,716,69,5
77192,805,559,3
77193,932,648,5
77194,669,181,5
77195,727,89,5
77196,748,137,3
77197,699,304,4
77198,880,948,4
77199,669,514,3
77200,896,22,5
77201,42,181,5
77202,897,136,5
77203,498,423,3
77204,883,176,4
77205,843,188,2
77206,782,1537,3
77207,314,41,5
77208,561,233,1
77209,392,1226,4
77210,592,22,5
77211,523,255,5
77212,747,187,5
77213,741,92,3
77214,880,412,3
77215,638,117,4
77216,715,96,4
77217,787,937,3
77218,886,589,3
77219,908,434,4
77220,887,421,5
77221,501,108,4
77222,804,176,4
77223,543,1073,3
77224,795,152,4
77225,13,799,4
77226,696,124,5
77227,543,23,4
77228,276,248,4
77229,727,397,2
77230,798,110,4
77231,791,259,3
77232,825,619,4
77233,630,125,3
77234,887,946,4
77235,753,357,4
77236,450,750,3
77237,653,219,1
77238,1,95,4
77239,279,191,3
77240,642,186,5
77241,927,237,4
77242,785,886,3
77243,25,134,4
77244,758,241,3
77245,3,336,1
77246,846,26,4
77247,330,422,4
77248,807,566,4
77249,774,526,4
77250,880,293,4
77251,797,748,1
77252,865,328,3
77253,664,173,4
77254,807,181,5
77255,259,271,3
77256,449,274,2
77257,916,9,5
77258,746,161,3
77259,291,50,5
77260,706,9,3
77261,484,226,4
77262,804,1140,3
77263,10,180,5
77264,236,526,3
77265,213,154,5
77266,504,356,4
77267,907,696,5
77268,806,258,3
77269,543,177,4
77270,812,881,4
77271,871,127,5
77272,871,575,5
77273,763,382,5
77274,675,896,5
77275,710,886,3
77276,747,959,5
77277,896,569,2
77278,188,356,4
77279,605,79,5
77280,481,8,3
77281,795,550,3
77282,222,738,3
77283,162,474,3
77284,354,676,5
77285,912,56,2
77286,774,679,5
77287,762,815,1
77288,555,258,3
77289,741,480,5
77290,322,9,4
77291,907,248,5
77292,551,280,3
77293,766,69,4
77294,130,1220,5
77295,864,1101,4
77296,741,660,3
77297,758,28,4
77298,870,194,3
77299,890,403,1
77300,535,258,5
77301,889,171,4
77302,883,355,5
77303,899,284,3
77304,349,106,1
77305,234,495,4
77306,852,681,4
77307,889,649,2
77308,528,845,3
77309,673,12,4
77310,313,210,4
77311,657,269,5
77312,548,15,2
77313,391,705,5
77314,551,64,5
77315,450,1311,4
77316,330,443,4
77317,650,193,3
77318,713,270,2
77319,758,124,5
77320,533,242,4
77321,864,62,4
77322,406,563,1
77323,906,273,4
77324,796,161,5
77325,597,289,5
77326,298,742,3
77327,532,1300,3
77328,12,88,5
77329,538,162,3
77330,932,98,5
77331,880,720,2
77332,497,176,4
77333,597,294,4
77334,798,451,2
77335,184,318,5
77336,593,417,5
77337,682,823,2
77338,815,423,5
77339,852,274,3
77340,672,321,4
77341,774,659,3
77342,592,1011,4
77343,502,263,1
77344,773,940,2
77345,790,151,4
77346,658,475,4
77347,614,14,3
77348,429,228,2
77349,409,116,4
77350,854,23,4
77351,457,13,3
77352,796,586,3
77353,95,566,2
77354,408,334,2
77355,883,8,4
77356,447,716,2
77357,749,68,4
77358,498,181,2
77359,59,24,4
77360,580,619,3
77361,854,324,3
77362,398,603,4
77363,122,86,5
77364,886,623,1
77365,622,506,3
77366,778,144,4
77367,399,560,3
77368,348,151,3
77369,406,150,4
77370,435,405,4
77371,712,172,5
77372,502,313,4
77373,642,407,5
77374,582,125,3
77375,894,1462,3
77376,199,751,3
77377,733,283,3
77378,668,328,4
77379,759,405,4
77380,727,240,3
77381,497,123,3
77382,447,223,5
77383,45,845,4
77384,758,384,5
77385,11,88,3
77386,738,47,3
77387,620,676,3
77388,72,1,4
77389,779,258,5
77390,805,229,2
77391,189,511,4
77392,588,210,4
77393,267,157,5
77394,771,15,5
77395,870,96,4
77396,782,992,2
77397,673,528,5
77398,865,121,1
77399,568,303,4
77400,225,482,5
77401,268,144,4
77402,892,229,3
77403,867,657,5
77404,864,202,5
77405,796,747,4
77406,499,898,4
77407,801,301,5
77408,796,180,2
77409,774,510,2
77410,363,148,3
77411,659,257,2
77412,738,568,3
77413,458,527,2
77414,222,457,1
77415,806,952,2
77416,201,29,3
77417,534,125,3
77418,804,831,3
77419,368,447,1
77420,864,29,4
77421,894,1251,4
77422,316,127,2
77423,870,6,4
77424,804,71,4
77425,308,47,4
77426,783,300,4
77427,886,1170,3
77428,416,924,5
77429,881,400,2
77430,640,926,3
77431,532,1136,2
77432,265,815,3
77433,805,709,4
77434,543,357,4
77435,437,200,4
77436,896,770,5
77437,784,258,5
77438,782,1144,3
77439,934,2,4
77440,936,9,4
77441,805,323,5
77442,804,282,4
77443,727,168,5
77444,763,941,3
77445,918,962,4
77446,189,659,4
77447,108,281,4
77448,437,189,2
77449,864,106,3
77450,712,794,4
77451,913,173,5
77452,782,358,4
77453,757,230,4
77454,769,111,5
77455,882,1444,4
77456,921,1032,5
77457,751,238,3
77458,766,1021,2
77459,921,133,5
77460,897,465,5
77461,201,201,4
77462,682,395,3
77463,643,665,3
77464,457,1047,2
77465,308,1147,4
77466,754,922,3
77467,541,111,1
77468,154,185,5
77469,912,168,5
77470,875,258,4
77471,393,282,4
77472,724,995,1
77473,936,116,4
77474,627,655,4
77475,870,959,4
77476,643,246,5
77477,734,479,4
77478,805,190,5
77479,143,258,3
77480,642,117,4
77481,942,303,4
77482,112,258,3
77483,274,744,5
77484,753,657,5
77485,806,222,4
77486,749,271,5
77487,752,302,5
77488,877,333,4
77489,751,310,3
77490,934,145,3
77491,824,288,3
77492,887,1413,4
77493,406,285,5
77494,816,687,2
77495,919,676,4
77496,897,840,3
77497,766,28,5
77498,271,100,5
77499,712,67,3
77500,7,265,5
77501,717,148,3
77502,764,275,4
77503,747,333,4
77504,51,705,1
77505,381,120,1
77506,847,301,5
77507,13,767,1
77508,586,217,5
77509,796,293,5
77510,496,168,3
77511,854,100,5
77512,932,778,4
77513,733,13,3
77514,758,425,5
77515,7,275,4
77516,402,168,5
77517,269,1074,1
77518,890,214,4
77519,308,1074,3
77520,815,158,2
77521,730,322,1
77522,804,199,5
77523,642,795,4
77524,675,303,5
77525,189,588,4
77526,850,28,5
77527,913,741,4
77528,709,318,5
77529,537,184,3
77530,815,203,4
77531,505,97,4
77532,848,214,5
77533,880,99,3
77534,279,1288,4
77535,650,928,2
77536,797,990,2
77537,447,274,1
77538,933,241,2
77539,746,82,4
77540,455,662,4
77541,429,772,3
77542,786,111,5
77543,379,709,5
77544,927,158,2
77545,130,96,5
77546,692,194,4
77547,893,849,3
77548,740,328,3
77549,345,54,3
77550,525,676,2
77551,802,304,3
77552,913,216,4
77553,641,23,5
77554,342,89,3
77555,608,507,3
77556,634,323,4
77557,807,699,4
77558,868,90,3
77559,724,258,4
77560,504,382,4
77561,901,523,4
77562,764,1284,3
77563,442,1170,4
77564,892,615,5
77565,903,529,4
77566,326,447,4
77567,727,90,3
77568,629,288,4
77569,887,969,5
77570,393,304,4
77571,386,118,3
77572,843,667,2
77573,934,949,3
77574,354,165,4
77575,796,22,4
77576,826,99,3
77577,516,204,4
77578,805,866,1
77579,889,151,3
77580,450,1249,3
77581,640,540,3
77582,796,230,5
77583,932,274,5
77584,825,827,4
77585,921,934,3
77586,798,143,5
77587,901,250,3
77588,497,216,3
77589,923,334,5
77590,128,462,4
77591,738,168,3
77592,749,635,1
77593,790,405,3
77594,650,235,3
77595,534,25,5
77596,748,709,4
77597,836,56,4
77598,503,1009,2
77599,741,17,2
77600,389,664,4
77601,523,179,3
77602,330,284,5
77603,864,317,4
77604,723,258,4
77605,766,265,3
77606,865,117,2
77607,450,1107,4
77608,854,264,1
77609,943,124,3
77610,459,98,5
77611,911,969,5
77612,670,191,4
77613,756,1060,4
77614,847,96,4
77615,758,355,4
77616,332,173,5
77617,503,221,5
77618,697,343,4
77619,838,289,5
77620,727,164,5
77621,387,551,2
77622,916,186,3
77623,756,591,4
77624,833,656,4
77625,629,273,2
77626,385,488,5
77627,868,187,4
77628,618,709,2
77629,652,125,2
77630,1,217,3
77631,694,163,4
77632,326,90,1
77633,234,148,3
77634,655,930,2
77635,60,1122,5
77636,347,1011,3
77637,752,307,5
77638,328,751,3
77639,467,293,4
77640,521,679,3
77641,758,39,2
77642,57,195,3
77643,716,134,5
77644,757,550,3
77645,308,180,5
77646,851,748,3
77647,758,31,3
77648,746,64,4
77649,712,50,4
77650,868,410,3
77651,601,178,4
77652,617,423,1
77653,341,908,3
77654,327,778,3
77655,291,97,4
77656,577,403,4
77657,12,238,5
77658,798,996,3
77659,886,179,2
77660,374,179,1
77661,567,96,4
77662,473,1143,4
77663,572,222,2
77664,780,659,4
77665,606,118,4
77666,488,153,2
77667,476,780,3
77668,576,208,3
77669,680,242,4
77670,637,282,3
77671,733,258,3
77672,796,106,2
77673,938,717,2
77674,106,100,3
77675,848,517,5
77676,429,358,3
77677,864,286,5
77678,526,302,5
77679,717,24,2
77680,894,258,4
77681,839,742,3
77682,450,260,2
77683,406,806,4
77684,463,539,1
77685,512,1238,4
77686,599,278,3
77687,417,663,3
77688,58,134,5
77689,268,127,4
77690,314,1145,4
77691,673,286,4
77692,617,234,3
77693,899,50,5
77694,885,71,4
77695,726,898,2
77696,532,8,5
77697,749,300,4
77698,790,402,2
77699,455,942,4
77700,655,963,3
77701,294,257,3
77702,653,679,2
77703,804,824,3
77704,442,181,4
77705,830,449,2
77706,339,1240,5
77707,92,558,3
77708,882,172,5
77709,286,1060,5
77710,796,467,3
77711,497,151,3
77712,788,132,5
77713,798,400,3
77714,470,305,4
77715,796,831,2
77716,833,122,2
77717,786,176,4
77718,602,259,4
77719,851,330,3
77720,526,260,1
77721,570,271,4
77722,934,663,5
77723,607,137,4
77724,788,582,4
77725,233,528,5
77726,899,658,2
77727,840,671,3
77728,846,59,4
77729,496,155,1
77730,889,235,3
77731,934,605,4
77732,159,125,5
77733,780,385,4
77734,406,130,3
77735,774,178,4
77736,467,127,5
77737,419,174,5
77738,622,625,3
77739,653,293,3
77740,918,495,3
77741,641,657,4
77742,592,9,5
77743,503,190,5
77744,892,570,3
77745,709,97,5
77746,711,433,4
77747,901,443,3
77748,932,218,3
77749,385,497,5
77750,138,474,5
77751,585,855,3
77752,162,55,3
77753,727,250,5
77754,787,258,5
77755,83,127,4
77756,463,591,4
77757,901,419,5
77758,650,117,4
77759,594,221,4
77760,936,475,5
77761,95,855,3
77762,487,568,4
77763,492,650,2
77764,490,1383,1
77765,883,693,4
77766,807,550,5
77767,239,463,5
77768,727,219,3
77769,751,313,2
77770,860,272,3
77771,655,223,3
77772,937,301,1
77773,192,269,3
77774,436,747,5
77775,796,432,2
77776,871,794,3
77777,705,142,2
77778,882,118,4
77779,940,628,4
77780,863,262,3
77781,655,220,2
77782,776,282,3
77783,934,56,5
77784,390,754,4
77785,894,1501,4
77786,828,327,4
77787,705,597,4
77788,271,178,3
77789,624,1289,3
77790,851,841,3
77791,557,165,5
77792,303,1228,2
77793,387,531,3
77794,647,1263,3
77795,417,405,3
77796,781,289,3
77797,718,121,4
77798,405,425,2
77799,279,1070,3
77800,790,250,5
77801,875,64,5
77802,393,560,3
77803,846,404,4
77804,698,479,2
77805,159,293,4
77806,210,121,4
77807,804,415,3
77808,592,680,1
77809,650,135,4
77810,144,58,3
77811,648,713,2
77812,880,770,4
77813,936,268,4
77814,504,834,2
77815,654,87,4
77816,595,111,4
77817,342,114,5
77818,621,2,3
77819,479,32,3
77820,655,741,3
77821,760,873,4
77822,655,218,3
77823,277,100,4
77824,457,210,5
77825,763,432,5
77826,145,1033,1
77827,374,1322,3
77828,764,64,5
77829,846,732,4
77830,243,26,3
77831,634,281,4
77832,437,153,5
77833,588,542,3
77834,476,451,3
77835,747,462,5
77836,498,190,4
77837,815,419,3
77838,795,231,4
77839,95,739,3
77840,340,95,5
77841,613,318,5
77842,711,380,3
77843,889,232,3
77844,145,226,1
77845,766,630,3
77846,796,250,5
77847,871,183,3
77848,672,515,5
77849,168,273,4
77850,823,100,5
77851,897,68,5
77852,900,618,4
77853,810,338,4
77854,193,715,3
77855,506,705,5
77856,130,820,5
77857,826,91,4
77858,702,688,1
77859,506,174,5
77860,363,302,5
77861,938,15,2
77862,694,318,5
77863,804,7,4
77864,940,300,5
77865,536,80,2
77866,907,98,5
77867,710,656,5
77868,806,789,4
77869,774,94,2
77870,450,1197,3
77871,778,79,3
77872,739,498,4
77873,330,423,5
77874,789,248,3
77875,562,50,5
77876,173,262,4
77877,493,89,4
77878,826,1,4
77879,890,1149,5
77880,199,243,1
77881,825,687,5
77882,425,233,2
77883,487,1314,1
77884,666,64,4
77885,122,127,5
77886,256,977,4
77887,555,319,5
77888,234,513,5
77889,747,529,5
77890,758,1074,1
77891,429,999,2
77892,416,282,5
77893,314,1,5
77894,625,176,4
77895,821,121,3
77896,62,1133,4
77897,592,568,5
77898,552,121,4
77899,524,739,2
77900,882,566,4
77901,899,157,4
77902,846,29,2
77903,649,121,2
77904,406,709,5
77905,437,139,3
77906,2,288,3
77907,848,650,4
77908,285,185,3
77909,842,313,4
77910,731,485,4
77911,568,653,4
77912,534,1215,3
77913,109,175,1
77914,621,783,3
77915,328,498,5
77916,761,123,3
77917,747,1497,4
77918,795,319,4
77919,896,405,2
77920,169,606,5
77921,802,379,4
77922,726,833,5
77923,456,289,4
77924,95,62,4
77925,737,192,5
77926,728,1355,4
77927,723,172,4
77928,203,477,4
77929,606,591,3
77930,486,289,3
77931,460,1011,4
77932,870,810,3
77933,804,720,3
77934,880,128,3
77935,59,285,4
77936,770,813,5
77937,867,431,4
77938,291,747,4
77939,374,1093,2
77940,346,515,5
77941,883,748,5
77942,276,109,4
77943,452,275,4
77944,716,121,5
77945,846,127,5
77946,407,708,3
77947,761,458,1
77948,189,531,3
77949,682,1225,4
77950,499,165,5
77951,772,315,5
77952,339,504,5
77953,936,1097,5
77954,164,826,4
77955,561,88,2
77956,943,94,4
77957,919,1277,4
77958,715,208,3
77959,921,96,4
77960,831,354,4
77961,728,237,4
77962,593,977,3
77963,802,681,4
77964,600,720,3
77965,936,1007,5
77966,894,306,4
77967,655,1174,3
77968,485,242,5
77969,839,93,4
77970,766,605,3
77971,659,705,5
77972,45,181,4
77973,533,393,4
77974,881,323,2
77975,671,810,2
77976,712,376,3
77977,730,269,5
77978,932,676,4
77979,279,449,3
77980,654,118,2
77981,234,661,5
77982,939,326,5
77983,757,96,4
77984,144,235,1
77985,749,650,3
77986,452,265,3
77987,378,225,3
77988,661,756,3
77989,44,419,4
77990,796,553,4
77991,661,573,3
77992,901,89,3
77993,778,249,3
77994,622,434,4
77995,533,550,4
77996,671,838,3
77997,916,56,5
77998,555,50,5
77999,456,209,3
78000,853,877,2
78001,612,147,4
78002,727,552,2
78003,821,28,5
78004,655,650,3
78005,222,174,5
78006,409,171,4
78007,864,568,4
78008,90,1201,5
78009,535,709,5
78010,492,199,3
78011,496,1157,1
78012,243,1115,3
78013,733,1047,2
78014,608,479,5
78015,846,401,5
78016,497,946,4
78017,771,274,4
78018,554,735,3
78019,387,567,2
78020,813,310,4
78021,577,1054,3
78022,628,332,5
78023,95,49,3
78024,611,353,3
78025,497,433,3
78026,429,307,3
78027,417,210,3
78028,894,299,3
78029,234,367,4
78030,279,1224,3
78031,774,29,1
78032,871,549,3
78033,537,732,3
78034,587,307,4
78035,463,276,3
78036,177,327,3
78037,670,1099,3
78038,650,1135,2
78039,838,56,5
78040,663,210,3
78041,929,185,5
78042,843,485,2
78043,450,588,4
78044,747,162,5
78045,279,2,4
78046,244,276,5
78047,405,182,1
78048,618,693,3
78049,805,123,4
78050,44,523,4
78051,653,1478,2
78052,764,22,4
78053,617,855,3
78054,543,197,4
78055,830,204,3
78056,244,528,3
78057,940,9,3
78058,655,7,3
78059,450,546,4
78060,774,188,3
78061,674,255,4
78062,190,327,2
78063,648,167,4
78064,13,779,3
78065,611,311,4
78066,185,258,4
78067,303,484,5
78068,391,177,4
78069,719,890,1
78070,773,1069,4
78071,773,216,4
78072,233,647,5
78073,586,393,3
78074,484,566,4
78075,903,696,3
78076,407,154,5
78077,588,155,5
78078,592,1071,4
78079,483,510,3
78080,909,744,3
78081,111,307,2
78082,708,742,1
78083,779,926,4
78084,926,289,3
78085,471,393,5
78086,694,527,5
78087,826,233,4
78088,784,326,5
78089,7,415,2
78090,537,1194,3
78091,939,818,3
78092,455,716,3
78093,891,313,5
78094,618,550,3
78095,901,135,4
78096,627,402,3
78097,194,435,4
78098,133,286,2
78099,532,1199,3
78100,68,181,5
78101,541,73,4
78102,458,960,1
78103,877,328,2
78104,655,219,2
78105,75,117,4
78106,495,491,5
78107,291,125,4
78108,693,130,1
78109,862,928,4
78110,747,285,5
78111,929,32,3
78112,749,136,5
78113,916,578,1
78114,299,597,3
78115,782,1252,3
78116,867,64,5
78117,537,314,1
78118,758,536,2
78119,291,151,5
78120,561,462,3
78121,833,218,4
78122,425,1222,2
78123,650,29,2
78124,585,543,3
78125,247,58,4
78126,756,159,4
78127,181,473,2
78128,682,298,4
78129,299,856,3
78130,429,443,4
78131,923,763,4
78132,880,180,5
78133,682,583,2
78134,766,181,4
78135,586,177,3
78136,869,411,4
78137,650,100,4
78138,786,416,4
78139,774,182,4
78140,943,281,4
78141,932,459,4
78142,72,198,5
78143,829,509,5
78144,891,286,5
78145,104,222,3
78146,526,248,4
78147,812,289,1
78148,803,306,4
78149,290,566,3
78150,830,203,4
78151,840,949,4
78152,445,546,2
78153,564,127,4
78154,213,197,5
78155,798,49,4
78156,773,187,5
78157,916,217,4
78158,263,322,3
78159,835,186,4
78160,605,408,5
78161,99,276,2
78162,451,304,3
78163,588,729,3
78164,381,96,5
78165,840,640,3
78166,619,298,5
78167,424,990,5
78168,770,334,5
78169,936,1344,5
78170,778,82,3
78171,1,58,4
78172,797,1254,2
78173,756,289,4
78174,62,546,4
78175,851,1094,1
78176,645,435,4
78177,776,5,4
78178,207,428,4
78179,262,567,1
78180,610,133,4
78181,833,445,4
78182,886,715,1
78183,13,810,5
78184,790,664,3
78185,577,550,3
78186,738,636,3
78187,447,508,3
78188,823,478,4
78189,640,691,4
78190,766,432,3
78191,152,367,3
78192,379,526,4
78193,399,526,3
78194,504,181,3
78195,924,82,4
78196,836,603,5
78197,626,681,1
78198,880,117,4
78199,648,90,3
78200,642,398,2
78201,347,284,3
78202,276,425,4
78203,715,462,4
78204,790,1025,1
78205,311,135,4
78206,804,1291,3
78207,560,405,4
78208,629,277,5
78209,829,70,4
78210,379,175,5
78211,851,367,2
78212,881,195,4
78213,553,525,4
78214,405,357,5
78215,796,39,3
78216,896,27,1
78217,363,455,5
78218,840,134,3
78219,870,77,3
78220,780,318,5
78221,776,514,5
78222,921,395,3
78223,738,147,3
78224,872,742,4
78225,883,286,3
78226,807,82,4
78227,862,271,5
78228,344,69,2
78229,703,276,3
78230,601,479,4
78231,498,509,3
78232,308,637,3
78233,934,529,5
78234,567,433,4
78235,766,215,3
78236,429,816,2
78237,496,195,4
78238,934,97,4
78239,15,258,3
78240,373,153,5
78241,250,183,4
78242,933,508,3
78243,588,969,5
78244,916,732,3
78245,500,7,5
78246,921,369,1
78247,217,761,4
78248,704,69,3
78249,793,1365,2
78250,674,866,5
78251,807,570,4
78252,936,1279,3
78253,301,387,3
78254,889,50,4
78255,251,468,2
78256,267,1110,3
78257,588,268,5
78258,201,232,2
78259,780,474,3
78260,232,178,5
78261,165,326,5
78262,854,246,3
78263,919,85,2
78264,18,524,4
78265,682,219,2
78266,296,244,1
78267,650,389,3
78268,379,474,5
78269,200,288,5
78270,928,877,5
78271,878,474,5
78272,425,181,4
78273,595,50,5
78274,279,269,4
78275,664,98,4
78276,393,585,2
78277,406,70,3
78278,757,183,4
78279,894,886,3
78280,916,85,2
78281,840,526,4
78282,343,64,5
78283,727,183,3
78284,835,133,5
78285,305,60,3
78286,834,405,4
78287,643,186,4
78288,545,164,4
78289,629,92,4
78290,931,347,4
78291,389,489,4
78292,107,327,3
78293,699,473,3
78294,834,315,5
78295,254,457,2
78296,97,1126,3
78297,744,307,4
78298,802,185,3
78299,322,483,5
78300,713,315,4
78301,645,98,4
78302,666,760,3
78303,92,401,3
78304,747,842,5
78305,337,227,5
78306,463,1115,4
78307,555,328,4
78308,894,919,4
78309,469,168,4
78310,738,254,2
78311,524,22,3
78312,174,781,4
78313,864,577,3
78314,716,73,4
78315,773,181,5
78316,761,1163,2
78317,748,323,4
78318,694,144,4
78319,845,751,2
78320,802,326,5
78321,862,172,5
78322,660,122,1
78323,13,438,1
78324,496,496,1
78325,862,182,5
78326,622,419,4
78327,508,451,3
78328,747,182,5
78329,599,1357,2
78330,682,202,4
78331,807,211,4
78332,412,174,5
78333,453,227,3
78334,416,293,5
78335,661,631,3
78336,787,681,3
78337,894,855,4
78338,871,92,3
78339,735,319,4
78340,235,344,5
78341,610,203,4
78342,798,162,3
78343,727,100,2
78344,817,7,4
78345,316,988,1
78346,854,133,3
78347,929,182,4
78348,862,143,5
78349,311,443,3
78350,751,559,4
78351,474,654,5
78352,842,1105,2
78353,745,79,3
78354,802,331,4
78355,480,485,4
78356,148,189,4
78357,805,56,4
78358,622,1016,3
78359,881,51,5
78360,161,194,1
78361,342,150,3
78362,367,185,5
78363,806,257,4
78364,758,252,3
78365,540,269,4
78366,650,588,3
78367,494,329,3
78368,332,225,3
78369,899,197,4
78370,860,274,3
78371,144,1028,3
78372,95,73,4
78373,788,1126,5
78374,128,223,5
78375,660,786,1
78376,622,29,4
78377,851,1034,1
78378,550,237,3
78379,565,171,5
78380,194,715,3
78381,880,742,4
78382,863,910,2
78383,58,203,5
78384,587,262,4
78385,405,468,3
78386,561,943,3
78387,639,1005,2
78388,535,207,4
78389,923,338,4
78390,592,754,3
78391,207,517,3
78392,472,191,5
78393,718,744,3
78394,896,50,5
78395,687,321,4
78396,549,748,4
78397,837,294,4
78398,297,527,5
78399,268,1178,1
78400,892,393,4
78401,771,462,3
78402,349,619,4
78403,648,746,4
78404,5,163,5
78405,774,554,1
78406,481,181,5
78407,829,462,4
78408,501,222,4
78409,617,443,4
78410,178,471,4
78411,934,168,4
78412,437,182,2
78413,222,193,4
78414,846,1107,4
78415,807,546,4
78416,149,313,5
78417,815,417,5
78418,613,297,5
78419,901,521,2
78420,850,648,5
78421,749,127,4
78422,566,133,4
78423,474,1200,4
78424,846,388,3
78425,860,56,4
78426,774,386,2
78427,595,717,2
78428,748,208,4
78429,653,642,1
78430,864,136,4
78431,484,471,4
78432,315,433,4
78433,788,685,3
78434,506,762,3
78435,18,172,3
78436,806,357,3
78437,498,14,4
78438,835,288,2
78439,727,180,3
78440,521,208,3
78441,786,280,3
78442,833,475,3
78443,782,1615,3
78444,833,431,2
78445,406,197,4
78446,758,352,4
78447,703,288,4
78448,786,501,4
78449,666,204,3
78450,450,392,4
78451,798,951,3
78452,634,1084,2
78453,786,1044,4
78454,862,434,5
78455,634,117,4
78456,533,38,2
78457,798,1139,3
78458,916,930,2
78459,380,89,5
78460,158,22,5
78461,198,474,5
78462,757,97,4
78463,938,284,2
78464,374,472,2
78465,749,655,5
78466,724,948,1
78467,276,728,2
78468,429,1109,2
78469,505,358,3
78470,702,352,1
78471,869,126,2
78472,934,67,4
78473,896,1248,2
78474,639,194,4
78475,727,774,3
78476,833,671,5
78477,843,379,2
78478,405,698,1
78479,902,298,2
78480,561,615,4
78481,485,345,1
78482,523,197,5
78483,747,26,3
78484,858,334,4
78485,592,96,5
78486,580,151,2
78487,819,300,5
78488,534,129,4
78489,541,29,2
78490,872,1047,4
78491,821,1197,5
78492,763,100,5
78493,682,228,4
78494,698,431,1
78495,767,524,5
78496,308,7,4
78497,758,291,4
78498,875,185,4
78499,807,154,2
78500,201,590,1
78501,759,984,2
78502,763,392,4
78503,804,1050,3
78504,506,132,4
78505,851,129,4
78506,561,186,3
78507,378,67,2
78508,830,968,4
78509,916,959,4
78510,110,780,3
78511,829,281,3
78512,425,157,2
78513,342,488,5
78514,916,1,4
78515,274,1060,4
78516,130,389,3
78517,686,518,5
78518,380,480,4
78519,779,7,3
78520,59,68,2
78521,468,508,4
78522,707,319,5
78523,551,509,4
78524,838,87,4
78525,843,177,3
78526,455,28,4
78527,13,209,3
78528,716,1124,3
78529,299,241,3
78530,592,475,5
78531,506,523,5
78532,899,474,3
78533,825,322,5
78534,398,837,4
78535,256,92,1
78536,653,62,3
78537,531,311,4
78538,503,356,4
78539,779,509,2
78540,805,102,4
78541,938,815,3
78542,648,38,5
78543,291,71,4
78544,890,636,3
78545,733,515,5
78546,833,522,2
78547,60,133,4
78548,881,554,1
78549,288,258,4
78550,871,1388,4
78551,741,22,5
78552,707,744,3
78553,450,78,2
78554,896,1522,2
78555,830,588,5
78556,347,148,3
78557,405,1546,1
78558,488,589,3
78559,327,255,3
78560,660,40,2
78561,743,301,4
78562,354,181,4
78563,548,659,4
78564,128,553,3
78565,303,1044,3
78566,470,129,3
78567,660,658,1
78568,405,303,1
78569,616,258,4
78570,374,239,4
78571,796,732,5
78572,893,1245,2
78573,291,939,4
78574,413,25,3
78575,279,56,4
78576,716,692,5
78577,682,226,3
78578,121,172,5
78579,475,354,2
78580,649,117,5
78581,541,393,3
78582,868,128,5
78583,818,346,4
78584,645,180,4
78585,249,238,5
78586,332,367,4
78587,48,243,3
78588,934,855,4
78589,889,191,4
78590,847,200,3
78591,450,597,4
78592,277,284,4
78593,728,289,3
78594,221,56,5
78595,429,1301,4
78596,796,608,3
78597,751,161,2
78598,13,187,5
78599,712,195,3
78600,625,519,2
78601,811,300,5
78602,509,338,3
78603,288,205,5
78604,806,1018,4
78605,877,921,4
78606,613,176,5
78607,913,603,4
78608,939,890,2
78609,881,21,3
78610,509,266,1
78611,653,728,2
78612,429,380,3
78613,903,96,2
78614,465,135,3
78615,795,143,3
78616,773,172,5
78617,907,934,4
78618,894,245,4
78619,807,1084,4
78620,832,286,3
78621,826,68,3
78622,815,1039,5
78623,588,24,2
78624,642,496,4
78625,429,637,3
78626,129,323,1
78627,654,1048,3
78628,741,83,4
78629,815,176,4
78630,653,702,3
78631,57,1016,4
78632,577,49,4
78633,868,94,1
78634,911,210,3
78635,836,269,5
78636,276,215,4
78637,459,235,1
78638,773,96,2
78639,500,215,1
78640,504,846,4
78641,455,183,4
78642,747,168,4
78643,503,197,5
78644,869,596,3
78645,886,237,4
78646,532,120,2
78647,645,367,3
78648,506,194,5
78649,533,511,4
78650,759,220,5
78651,833,684,3
78652,721,81,2
78653,95,552,1
78654,899,367,4
78655,498,657,3
78656,758,510,3
78657,761,840,4
78658,878,151,1
78659,670,83,3
78660,387,42,4
78661,646,1022,4
78662,806,98,4
78663,54,405,4
78664,889,1231,3
78665,224,222,4
78666,159,272,5
78667,724,938,3
78668,830,498,5
78669,489,749,4
78670,699,1336,3
78671,642,399,3
78672,194,661,5
78673,826,420,3
78674,904,736,4
78675,722,111,3
78676,892,143,2
78677,620,181,4
78678,854,195,3
78679,935,148,4
78680,151,258,5
78681,727,751,3
78682,843,82,3
78683,919,748,1
78684,416,415,4
78685,656,302,3
78686,916,961,3
78687,402,137,4
78688,705,252,1
78689,942,496,5
78690,933,73,4
78691,211,443,1
78692,804,576,4
78693,901,465,4
78694,682,248,3
78695,1,142,2
78696,207,385,3
78697,905,1011,3
78698,268,379,1
78699,623,228,3
78700,279,759,4
78701,483,222,3
78702,236,273,1
78703,720,347,3
78704,943,1188,3
78705,479,490,4
78706,880,1415,2
78707,798,161,3
78708,622,808,3
78709,28,672,3
78710,13,143,1
78711,762,749,1
78712,311,966,4
78713,924,13,3
78714,159,880,1
78715,894,1073,4
78716,537,693,4
78717,109,257,5
78718,804,70,4
78719,303,805,4
78720,636,283,3
78721,856,690,4
78722,796,1012,3
78723,648,210,4
78724,885,660,5
78725,819,70,4
78726,476,399,3
78727,923,125,4
78728,551,1136,5
78729,506,177,5
78730,916,54,3
78731,296,632,5
78732,290,102,3
78733,896,31,3
78734,919,240,3
78735,450,213,4
78736,802,678,4
78737,735,289,1
78738,881,812,2
78739,295,449,4
78740,760,631,3
78741,830,484,5
78742,815,77,4
78743,399,426,3
78744,195,1315,4
78745,689,257,5
78746,566,231,1
78747,934,963,5
78748,585,60,4
78749,660,204,3
78750,521,566,3
78751,881,90,3
78752,306,1028,2
78753,824,687,2
78754,804,358,3
78755,490,118,2
78756,769,1011,3
78757,663,121,4
78758,430,1375,4
78759,787,308,3
78760,788,405,4
78761,503,98,5
78762,917,276,5
78763,592,95,4
78764,829,1193,4
78765,864,72,4
78766,524,23,5
78767,788,636,3
78768,881,214,4
78769,887,96,4
78770,822,588,2
78771,815,87,5
78772,545,172,5
78773,781,245,2
78774,923,295,5
78775,882,89,5
78776,833,152,2
78777,406,670,3
78778,333,127,4
78779,887,47,5
78780,391,186,5
78781,694,1126,5
78782,815,518,3
78783,870,45,5
78784,617,413,1
78785,693,939,4
78786,840,514,5
78787,196,269,3
78788,833,589,5
78789,680,203,3
78790,889,566,3
78791,251,595,3
78792,588,225,5
78793,682,39,4
78794,595,121,2
78795,712,944,4
78796,43,144,4
78797,775,750,5
78798,916,77,3
78799,699,246,4
78800,843,501,2
78801,184,276,4
78802,905,125,3
78803,846,431,5
78804,851,299,4
78805,223,289,1
78806,648,63,4
78807,721,332,4
78808,10,70,4
78809,595,472,3
78810,342,1094,3
78811,269,187,4
78812,406,661,5
78813,889,93,3
78814,943,117,4
78815,655,503,3
78816,805,135,4
78817,1,216,5
78818,130,1157,3
78819,889,1067,3
78820,757,679,4
78821,407,176,4
78822,838,114,4
78823,727,771,3
78824,562,393,2
78825,122,513,4
78826,197,272,4
78827,835,318,5
78828,699,1163,5
78829,893,77,4
78830,741,56,4
78831,733,130,2
78832,669,614,4
78833,796,78,3
78834,826,258,4
78835,181,717,1
78836,787,306,3
78837,665,419,4
78838,305,228,2
78839,758,179,5
78840,178,588,4
78841,650,1627,3
78842,655,995,3
78843,870,1208,2
78844,884,1009,2
78845,880,68,5
78846,535,488,5
78847,889,749,2
78848,128,531,4
78849,797,269,3
78850,735,93,2
78851,927,410,1
78852,533,654,3
78853,327,245,1
78854,477,739,4
78855,275,393,3
78856,365,815,3
78857,861,531,4
78858,344,530,4
78859,796,1076,2
78860,92,368,1
78861,234,1011,3
78862,263,435,4
78863,738,164,5
78864,829,733,2
78865,591,182,3
78866,30,403,2
78867,805,1033,3
78868,491,294,2
78869,767,615,4
78870,936,508,3
78871,851,122,2
78872,716,549,4
78873,807,254,4
78874,878,371,3
78875,279,379,3
78876,586,50,4
78877,886,826,1
78878,683,325,2
78879,543,234,4
78880,897,234,5
78881,838,134,3
78882,891,237,5
78883,693,176,2
78884,777,15,4
78885,867,655,4
78886,325,511,4
78887,788,1303,3
78888,524,227,2
78889,207,847,3
78890,442,470,4
78891,551,196,5
78892,776,618,3
78893,562,582,4
78894,804,747,3
78895,749,239,4
78896,487,27,5
78897,188,11,5
78898,838,274,4
78899,846,209,4
78900,870,66,4
78901,450,489,4
78902,822,71,4
78903,564,685,3
78904,504,158,3
78905,796,945,5
78906,391,715,2
78907,850,519,4
78908,587,319,3
78909,365,741,2
78910,682,263,1
78911,524,222,2
78912,503,100,5
78913,795,58,4
78914,538,655,3
78915,833,515,3
78916,848,610,5
78917,727,114,5
78918,666,154,3
78919,159,742,2
78920,922,237,4
78921,833,667,1
78922,899,176,4
78923,846,367,4
78924,630,864,4
78925,933,1,3
78926,805,235,2
78927,560,109,3
78928,684,50,4
78929,862,70,4
78930,870,813,4
78931,846,185,5
78932,586,123,3
78933,828,902,4
78934,848,495,2
78935,574,242,5
78936,924,408,3
78937,495,636,3
78938,343,286,4
78939,90,479,5
78940,805,352,5
78941,887,254,4
78942,276,96,5
78943,291,404,4
78944,389,386,3
78945,608,157,1
78946,864,972,2
78947,919,11,4
78948,393,80,3
78949,927,763,4
78950,942,95,5
78951,825,363,4
78952,883,323,5
78953,757,270,3
78954,629,693,5
78955,464,270,4
78956,543,60,5
78957,896,840,2
78958,875,511,5
78959,392,495,3
78960,840,52,3
78961,321,1101,3
78962,345,86,4
78963,427,268,5
78964,622,451,4
78965,645,61,5
78966,846,608,4
78967,615,271,2
78968,698,483,3
78969,602,261,3
78970,499,55,4
78971,429,425,3
78972,494,143,5
78973,724,988,1
78974,773,455,4
78975,635,307,4
78976,622,22,4
78977,804,670,4
78978,712,63,4
78979,461,294,3
78980,880,1095,3
78981,642,771,3
78982,937,300,4
78983,363,257,2
78984,615,48,5
78985,804,1489,3
78986,854,188,4
78987,816,332,4
78988,914,643,4
78989,717,472,4
78990,815,582,1
78991,765,42,5
78992,896,8,5
78993,500,1135,3
78994,837,258,4
78995,749,1041,4
78996,456,544,3
78997,721,97,4
78998,592,887,5
78999,825,455,4
79000,939,934,3
79001,527,1211,3
79002,886,425,4
79003,831,28,3
79004,630,111,5
79005,239,116,5
79006,918,631,4
79007,786,496,5
79008,8,55,5
79009,405,398,1
79010,803,683,1
79011,593,238,4
79012,919,328,2
79013,846,525,4
79014,835,427,4
79015,774,1016,3
79016,938,472,4
79017,824,323,2
79018,506,580,3
79019,563,257,5
79020,72,215,4
79021,436,470,4
79022,859,1281,3
79023,757,53,3
79024,144,455,3
79025,496,443,2
79026,566,378,4
79027,533,289,2
79028,847,1007,4
79029,845,310,4
79030,407,402,2
79031,537,966,2
79032,653,208,3
79033,786,322,3
79034,481,199,5
79035,436,278,2
79036,189,405,2
79037,807,473,3
79038,868,181,5
79039,387,1,4
79040,846,227,4
79041,543,778,4
79042,830,96,3
79043,894,12,5
79044,919,1284,3
79045,815,240,2
79046,639,731,2
79047,804,636,3
79048,312,1172,5
79049,864,405,5
79050,645,60,5
79051,639,740,4
79052,665,1315,4
79053,847,151,4
79054,882,205,5
79055,15,823,2
79056,387,530,4
79057,655,1106,2
79058,496,506,3
79059,861,14,4
79060,551,1439,5
79061,445,902,4
79062,194,228,1
79063,450,619,3
79064,886,380,3
79065,671,379,3
79066,506,191,4
79067,582,919,5
79068,291,402,4
79069,566,576,2
79070,919,709,3
79071,793,928,3
79072,773,919,5
79073,585,1149,4
79074,870,873,2
79075,417,450,2
79076,98,210,4
79077,664,657,5
79078,116,1220,2
79079,712,996,4
79080,717,455,2
79081,425,326,1
79082,742,546,1
79083,521,1240,3
79084,789,249,3
79085,890,739,2
79086,455,15,2
79087,77,192,3
79088,663,3,4
79089,677,91,5
79090,627,387,2
79091,394,742,5
79092,880,986,3
79093,655,391,2
79094,719,216,4
79095,420,124,5
79096,666,1474,3
79097,924,504,5
79098,889,144,4
79099,833,100,4
79100,749,209,4
79101,871,272,2
79102,263,234,4
79103,464,515,5
79104,823,450,1
79105,887,294,5
79106,500,409,4
79107,754,1016,4
79108,763,1006,2
79109,699,1328,4
79110,682,553,3
79111,889,664,2
79112,398,100,3
79113,715,588,4
79114,450,214,1
79115,913,750,4
79116,200,429,5
79117,919,218,4
79118,474,523,5
79119,59,492,4
79120,659,720,3
79121,804,120,3
79122,878,213,3
79123,276,975,3
79124,545,720,3
79125,833,188,4
79126,848,265,4
79127,830,474,5
79128,532,118,4
79129,881,465,3
79130,629,658,4
79131,340,497,5
79132,697,310,3
79133,854,118,2
79134,848,496,2
79135,756,118,2
79136,630,181,3
79137,783,343,5
79138,33,880,3
79139,454,371,3
79140,299,640,3
79141,645,96,3
79142,920,350,4
79143,790,862,1
79144,186,1042,5
79145,535,144,3
79146,615,70,4
79147,326,474,5
79148,71,302,3
79149,642,1224,4
79150,654,462,4
79151,420,127,5
79152,790,105,2
79153,405,54,2
79154,13,504,5
79155,855,165,4
79156,455,77,4
79157,297,294,3
79158,304,243,3
79159,790,485,3
79160,727,158,2
79161,500,134,5
79162,889,1262,3
79163,790,294,2
79164,234,464,4
79165,640,182,5
79166,809,748,3
79167,857,24,1
79168,919,372,3
79169,883,127,5
79170,805,413,2
79171,542,347,3
79172,797,300,2
79173,556,707,3
79174,830,195,3
79175,189,1404,5
79176,875,98,5
79177,758,195,5
79178,429,808,3
79179,730,248,3
79180,892,1454,3
79181,896,223,4
79182,920,346,4
79183,390,475,1
79184,796,493,3
79185,919,628,3
79186,634,290,3
79187,851,355,4
79188,600,183,5
79189,790,214,3
79190,796,86,5
79191,887,28,5
79192,92,406,2
79193,880,258,4
79194,184,387,4
79195,486,303,4
79196,846,642,5
79197,845,302,3
79198,694,665,4
79199,5,404,2
79200,835,371,5
79201,795,175,5
79202,847,499,4
79203,313,326,4
79204,59,567,4
79205,852,1052,4
79206,716,485,5
79207,389,654,5
79208,729,272,4
79209,13,647,5
79210,716,724,4
79211,698,202,3
79212,389,371,4
79213,755,331,3
79214,394,29,3
79215,312,618,5
79216,715,11,4
79217,532,1217,4
79218,145,1216,2
79219,910,250,1
79220,622,80,3
79221,792,121,4
79222,682,192,3
79223,269,132,5
79224,297,148,3
79225,819,327,4
79226,178,147,4
79227,699,185,4
79228,625,121,3
79229,378,216,4
79230,870,327,4
79231,764,111,4
79232,405,401,1
79233,863,321,4
79234,660,391,2
79235,625,476,2
79236,450,696,4
79237,862,476,4
79238,719,298,2
79239,880,375,1
79240,108,1,4
79241,871,315,3
79242,661,89,5
79243,933,403,3
79244,880,217,4
79245,445,288,2
79246,805,1101,5
79247,601,121,2
79248,393,485,2
79249,693,685,4
79250,710,340,4
79251,457,175,5
79252,533,591,4
79253,805,1110,5
79254,420,855,5
79255,523,97,4
79256,882,380,5
79257,830,679,3
79258,605,338,2
79259,825,928,3
79260,198,682,3
79261,71,168,5
79262,730,257,5
79263,116,295,3
79264,917,150,5
79265,351,307,4
79266,659,451,5
79267,379,197,5
79268,745,194,4
79269,781,195,4
79270,447,83,5
79271,659,183,4
79272,897,265,3
79273,704,1299,3
79274,703,748,3
79275,908,447,3
79276,399,218,4
79277,896,1183,2
79278,682,686,4
79279,472,294,4
79280,301,636,3
79281,130,77,5
79282,897,240,4
79283,577,1219,3
79284,753,523,4
79285,716,620,3
79286,734,15,4
79287,780,294,3
79288,788,215,3
79289,642,21,5
79290,349,285,5
79291,815,117,3
79292,240,895,5
79293,655,568,3
79294,936,628,1
79295,166,687,1
79296,935,864,5
79297,704,631,3
79298,279,566,4
79299,884,382,5
79300,846,178,4
79301,849,121,5
79302,586,284,3
79303,628,294,4
79304,748,83,3
79305,846,751,5
79306,504,791,3
79307,788,286,5
79308,292,419,4
79309,276,919,4
79310,557,346,2
79311,780,186,4
79312,835,25,5
79313,474,504,5
79314,815,485,4
79315,398,208,5
79316,624,93,5
79317,181,546,2
79318,870,1118,3
79319,474,204,4
79320,753,174,4
79321,916,570,3
79322,933,471,3
79323,747,404,5
79324,840,659,5
79325,727,722,2
79326,654,568,4
79327,380,211,3
79328,843,174,4
79329,472,651,4
79330,332,147,4
79331,698,198,2
79332,497,951,2
79333,728,15,4
79334,234,925,2
79335,868,480,4
79336,385,210,1
79337,638,128,3
79338,181,1008,1
79339,524,485,2
79340,774,401,2
79341,889,262,4
79342,843,739,2
79343,835,69,5
79344,795,931,2
79345,793,148,4
79346,160,55,4
79347,885,79,4
79348,788,433,2
79349,936,282,2
79350,666,644,3
79351,782,1255,2
79352,745,12,5
79353,695,324,2
79354,853,358,1
79355,774,197,1
79356,642,288,1
79357,523,638,4
79358,178,100,4
79359,763,50,4
79360,839,713,2
79361,214,276,3
79362,201,549,3
79363,802,573,4
79364,354,451,3
79365,870,328,3
79366,577,496,5
79367,339,434,4
79368,325,93,4
79369,684,716,2
79370,833,435,2
79371,889,856,4
79372,601,50,5
79373,94,465,5
79374,608,505,5
79375,851,879,4
79376,804,988,4
79377,64,275,4
79378,870,401,3
79379,276,150,4
79380,568,631,5
79381,872,895,5
79382,255,332,2
79383,669,268,3
79384,455,553,3
79385,921,275,1
79386,581,1097,4
79387,139,237,3
79388,823,606,4
79389,805,217,2
79390,493,1088,2
79391,727,274,5
79392,495,568,1
79393,389,1,4
79394,889,636,4
79395,497,200,3
79396,833,168,5
79397,846,484,5
79398,770,929,4
79399,830,176,3
79400,921,1279,2
79401,804,447,3
79402,441,538,3
79403,271,181,5
79404,752,1024,3
79405,788,431,2
79406,450,220,4
79407,142,42,4
79408,747,13,3
79409,430,748,3
79410,859,287,5
79411,487,274,4
79412,461,327,4
79413,788,182,2
79414,715,234,4
79415,716,609,3
79416,880,790,3
79417,806,655,3
79418,730,328,2
79419,690,747,3
79420,47,286,3
79421,826,624,4
79422,833,289,1
79423,537,521,2
79424,453,1145,2
79425,452,475,2
79426,916,1005,4
79427,666,511,4
79428,439,290,4
79429,786,203,4
79430,922,217,3
79431,381,313,2
79432,543,249,2
79433,222,48,5
79434,634,276,5
79435,650,177,2
79436,814,53,4
79437,497,402,4
79438,746,2,3
79439,851,983,2
79440,763,483,4
79441,102,153,2
79442,14,186,4
79443,495,55,2
79444,793,151,5
79445,354,170,4
79446,85,9,4
79447,246,827,1
79448,907,8,3
79449,637,460,2
79450,833,238,2
79451,586,808,3
79452,837,151,5
79453,7,52,4
79454,378,71,4
79455,854,9,5
79456,913,747,3
79457,504,595,4
79458,851,250,5
79459,938,748,2
79460,846,559,5
79461,788,326,4
79462,758,242,3
79463,867,588,3
79464,894,1080,4
79465,699,886,3
79466,611,340,5
79467,200,930,3
79468,707,81,2
79469,224,125,3
79470,878,509,4
79471,807,541,4
79472,236,294,2
79473,417,212,1
79474,398,684,4
79475,863,1313,1
79476,925,333,3
79477,911,622,3
79478,621,25,4
79479,608,469,3
79480,761,877,2
79481,796,934,3
79482,748,210,3
79483,275,825,2
79484,867,9,5
79485,201,55,4
79486,919,794,4
79487,690,357,5
79488,796,480,4
79489,535,301,4
79490,795,472,3
79491,562,190,4
79492,588,625,3
79493,798,258,4
79494,450,812,4
79495,181,988,2
79496,796,768,2
79497,318,1160,5
79498,899,655,4
79499,631,682,2
79500,938,546,3
79501,759,591,3
79502,694,179,4
79503,409,127,4
79504,380,200,4
79505,903,185,5
79506,769,411,3
79507,844,117,4
79508,851,412,2
79509,868,739,2
79510,790,227,3
79511,308,392,4
79512,749,101,4
79513,474,25,5
79514,342,486,5
79515,82,770,4
79516,498,237,2
79517,852,825,3
79518,506,516,4
79519,808,332,4
79520,222,35,1
79521,896,327,5
79522,830,925,4
79523,279,321,5
79524,824,325,4
79525,851,411,3
79526,761,237,5
79527,645,482,4
79528,621,154,5
79529,13,863,4
79530,805,58,4
79531,381,596,3
79532,773,59,5
79533,918,856,4
79534,679,222,4
79535,826,33,3
79536,644,977,4
79537,684,63,4
79538,272,32,4
79539,768,14,5
79540,879,866,5
79541,500,1469,1
79542,700,173,5
79543,910,751,3
79544,848,478,5
79545,752,344,4
79546,497,68,4
79547,561,184,3
79548,346,175,4
79549,486,242,4
79550,887,411,4
79551,886,1209,2
79552,557,1244,2
79553,863,328,5
79554,601,239,3
79555,316,487,3
79556,429,235,3
79557,825,1087,3
79558,740,326,3
79559,786,289,4
79560,537,431,4
79561,869,1382,3
79562,42,174,5
79563,532,815,4
79564,354,527,4
79565,640,62,3
79566,117,475,5
79567,838,190,4
79568,586,164,2
79569,790,144,4
79570,192,289,4
79571,645,641,5
79572,904,155,4
79573,724,873,3
79574,903,48,4
79575,716,56,5
79576,804,515,5
79577,828,886,1
79578,318,134,5
79579,548,370,3
79580,715,71,3
79581,854,423,4
79582,929,483,4
79583,824,989,2
79584,457,120,2
79585,889,249,3
79586,540,332,4
79587,790,83,3
79588,734,274,4
79589,416,273,4
79590,855,529,4
79591,378,56,4
79592,933,1070,2
79593,739,333,4
79594,622,386,3
79595,822,539,2
79596,707,614,2
79597,551,559,5
79598,422,717,3
79599,758,23,4
79600,709,472,4
79601,76,203,4
79602,102,241,3
79603,407,659,5
79604,344,64,5
79605,393,195,3
79606,799,286,5
79607,576,763,3
79608,909,529,3
79609,839,121,3
79610,486,919,3
79611,798,417,3
79612,627,52,3
79613,854,924,4
79614,943,581,4
79615,777,127,1
79616,923,322,4
79617,534,291,4
79618,484,1016,4
79619,886,20,2
79620,846,188,3
79621,915,321,3
79622,25,527,4
79623,620,755,5
79624,634,248,4
79625,495,576,3
79626,556,324,4
79627,846,640,1
79628,156,480,5
79629,851,347,5
79630,71,153,4
79631,838,71,3
79632,813,892,1
79633,717,303,4
79634,790,393,2
79635,537,568,2
79636,843,206,3
79637,222,72,4
79638,935,1016,4
79639,579,234,3
79640,747,175,4
79641,18,493,5
79642,843,157,2
79643,932,550,2
79644,804,366,4
79645,655,1266,3
79646,542,321,4
79647,504,620,4
79648,801,328,5
79649,881,99,3
79650,932,211,5
79651,514,157,4
79652,630,9,2
79653,698,300,4
79654,75,833,2
79655,887,140,5
79656,293,451,3
79657,853,286,3
79658,655,584,3
79659,691,178,5
79660,887,828,3
79661,284,319,3
79662,366,17,5
79663,735,515,4
79664,600,947,4
79665,790,73,4
79666,795,419,3
79667,805,1098,3
79668,862,436,4
79669,541,151,3
79670,798,121,5
79671,751,751,4
79672,776,98,4
79673,338,86,4
79674,293,51,3
79675,878,588,2
79676,758,168,5
79677,867,323,3
79678,943,55,5
79679,764,747,3
79680,25,204,5
79681,559,863,5
79682,592,129,5
79683,833,202,4
79684,943,54,4
79685,340,480,5
79686,888,514,5
79687,825,979,4
79688,637,815,2
79689,445,508,2
79690,747,315,4
79691,847,527,2
79692,889,650,2
79693,736,533,3
79694,887,431,3
79695,790,237,4
79696,715,746,5
79697,603,22,4
79698,786,285,3
79699,711,155,4
79700,648,781,4
79701,388,276,2
79702,795,234,4
79703,704,492,5
79704,417,111,3
79705,60,175,5
79706,28,567,4
79707,548,546,4
79708,334,11,4
79709,532,426,5
79710,812,292,3
79711,908,963,4
79712,745,483,1
79713,782,289,3
79714,397,343,2
79715,642,673,2
79716,848,181,5
79717,290,472,4
79718,852,969,5
79719,181,1061,2
79720,940,521,4
79721,331,31,2
79722,920,302,4
79723,653,684,5
79724,327,28,3
79725,299,10,5
79726,863,327,5
79727,595,274,3
79728,850,568,5
79729,645,64,3
79730,846,697,5
79731,653,1139,3
79732,553,1,3
79733,580,121,4
79734,614,276,4
79735,872,274,3
79736,562,204,1
79737,766,481,4
79738,786,181,4
79739,805,22,1
79740,584,222,4
79741,854,1134,3
79742,896,508,2
79743,825,825,4
79744,268,172,5
79745,823,356,3
79746,844,70,4
79747,911,483,3
79748,756,96,4
79749,601,416,3
79750,506,48,2
79751,756,755,3
79752,465,98,4
79753,727,65,2
79754,738,118,3
79755,94,245,1
79756,737,475,4
79757,815,615,2
79758,874,325,2
79759,256,216,5
79760,892,153,5
79761,770,475,5
79762,566,20,4
79763,749,191,4
79764,860,49,2
79765,276,95,5
79766,843,380,3
79767,44,172,4
79768,269,441,1
79769,806,403,4
79770,850,22,5
79771,78,476,3
79772,758,896,5
79773,458,475,4
79774,833,1029,1
79775,854,64,5
79776,655,638,4
79777,848,509,4
79778,7,664,3
79779,933,765,1
79780,476,384,4
79781,249,302,4
79782,833,233,2
79783,655,480,4
79784,751,385,4
79785,182,1,4
79786,539,531,4
79787,336,1094,1
79788,7,11,3
79789,56,930,3
79790,828,322,3
79791,504,44,4
79792,751,55,4
79793,677,539,3
79794,773,386,3
79795,896,121,3
79796,868,217,2
79797,889,866,4
79798,905,742,4
79799,586,265,5
79800,436,264,2
79801,360,193,5
79802,464,288,4
79803,896,1437,1
79804,705,71,5
79805,826,309,4
79806,795,7,5
79807,666,293,3
79808,916,70,4
79809,865,21,2
79810,621,233,3
79811,892,132,5
79812,194,710,3
79813,345,412,3
79814,624,329,3
79815,933,161,2
79816,545,205,4
79817,749,1185,4
79818,711,955,1
79819,425,1013,1
79820,712,843,3
79821,426,404,3
79822,919,140,5
79823,508,175,4
79824,942,50,5
79825,79,275,4
79826,766,186,3
79827,875,174,5
79828,537,107,3
79829,648,769,1
79830,854,484,3
79831,576,324,2
79832,425,96,4
79833,343,387,4
79834,648,47,2
79835,551,380,3
79836,899,31,3
79837,907,318,5
79838,881,357,5
79839,896,808,3
79840,859,15,4
79841,908,423,4
79842,627,271,5
79843,846,468,4
79844,198,367,3
79845,756,195,3
79846,712,191,3
79847,727,179,3
79848,721,880,3
79849,537,723,2
79850,868,746,2
79851,437,1267,4
79852,536,209,2
79853,870,56,5
79854,541,655,4
79855,688,309,5
79856,870,174,5
79857,416,510,4
79858,453,56,5
79859,63,262,4
79860,831,741,2
79861,579,692,4
79862,7,632,5
79863,629,392,4
79864,881,63,4
79865,650,447,3
79866,900,318,4
79867,690,153,5
79868,815,684,4
79869,666,66,4
79870,906,125,4
79871,181,130,1
79872,548,316,4
79873,896,476,2
79874,624,246,4
79875,725,301,4
79876,393,332,4
79877,776,525,2
79878,222,90,2
79879,643,1016,3
79880,846,485,5
79881,909,14,4
79882,796,797,3
79883,655,237,3
79884,590,275,4
79885,406,472,3
79886,828,26,3
79887,372,53,5
79888,781,286,1
79889,823,28,3
79890,622,173,5
79891,738,128,4
79892,305,59,3
79893,741,50,5
79894,846,208,5
79895,749,531,5
79896,881,451,1
79897,456,739,3
79898,932,640,2
79899,503,66,3
79900,906,117,4
79901,474,482,3
79902,829,319,4
79903,622,480,4
79904,833,235,4
79905,566,49,2
79906,505,328,4
79907,315,741,5
79908,796,118,4
79909,267,554,3
79910,799,292,4
79911,682,876,3
79912,643,509,3
79913,924,1478,4
79914,657,302,2
79915,874,116,4
79916,864,401,4
79917,812,328,4
79918,814,672,3
79919,15,472,3
79920,846,720,4
79921,738,141,3
79922,435,479,3
79923,42,73,4
79924,650,551,3
79925,806,158,2
79926,912,173,4
79927,632,568,3
79928,536,222,4
79929,627,9,4
79930,693,272,4
79931,843,182,2
79932,805,24,4
79933,581,7,4
79934,833,324,3
79935,848,202,5
79936,393,820,3
79937,537,660,3
79938,97,193,4
79939,815,449,2
79940,936,275,4
79941,209,249,2
79942,580,282,5
79943,487,85,2
79944,527,508,3
79945,851,531,3
79946,804,177,5
79947,851,975,2
79948,797,340,2
79949,524,96,4
79950,698,855,2
79951,862,200,5
79952,708,687,2
79953,487,301,4
79954,305,469,2
79955,932,180,4
79956,921,322,3
79957,811,308,4
79958,748,318,5
79959,907,245,4
79960,647,29,4
79961,561,77,1
79962,246,252,1
79963,875,289,4
79964,704,14,3
79965,642,775,4
79966,690,629,1
79967,847,79,4
79968,643,432,5
79969,390,300,5
79970,749,284,4
79971,92,402,3
79972,817,258,3
79973,890,632,5
79974,901,520,5
79975,447,181,5
79976,698,490,3
79977,911,21,4
79978,861,179,1
79979,916,763,3
79980,639,662,2
79981,653,205,1
79982,788,356,4
79983,931,255,4
79984,608,127,5
79985,823,195,4
79986,585,509,4
79987,863,330,2
79988,102,511,3
79989,846,56,5
79990,665,89,4
79991,819,302,5
79992,854,455,2
79993,868,164,2
79994,498,410,3
79995,749,95,3
79996,479,584,3
79997,831,358,2
79998,461,748,1
79999,277,1008,3
80000,863,1431,4
80001,761,1287,1
80002,863,322,1
80003,828,694,2
80004,889,523,4
80005,848,498,5
80006,216,151,3
80007,880,1165,2
80008,758,143,5
80009,496,196,3
80010,758,217,2
80011,480,56,4
80012,159,298,5
80013,594,269,4
80014,469,152,4
80015,599,245,3
80016,788,1139,1
80017,515,304,4
80018,339,9,5
80019,91,662,4
80020,727,408,4
80021,892,367,4
80022,901,230,5
80023,655,1233,3
80024,524,69,4
80025,712,415,4
80026,851,840,3
80027,840,70,3
80028,756,50,4
80029,892,58,4
80030,896,88,5
80031,872,756,4
80032,770,275,5
80033,715,595,3
80034,916,228,3
80035,871,190,2
80036,882,748,5
80037,758,313,4
80038,586,1218,5
80039,735,288,4
80040,886,1119,4
80041,573,423,3
80042,851,336,4
80043,666,956,4
80044,782,355,3
80045,921,121,5
80046,339,211,5
80047,11,431,2
80048,435,202,4
80049,711,961,5
80050,660,449,3
80051,186,177,4
80052,850,705,5
80053,567,434,5
80054,765,1009,5
80055,798,1076,3
80056,474,652,4
80057,782,1082,3
80058,650,563,3
80059,823,709,3
80060,911,183,4
80061,791,748,3
80062,889,1016,3
80063,829,427,4
80064,537,319,4
80065,429,412,4
80066,645,72,3
80067,844,173,5
80068,868,153,2
80069,244,28,4
80070,385,378,1
80071,416,571,3
80072,875,195,4
80073,739,98,3
80074,896,636,3
80075,796,182,4
80076,749,398,3
80077,532,1407,2
80078,589,310,5
80079,943,174,4
80080,851,880,3
80081,889,1097,3
80082,587,681,2
80083,851,1676,2
80084,20,323,4
80085,686,299,5
80086,308,218,5
80087,770,246,5
80088,570,886,2
80089,648,717,4
80090,181,1353,1
80091,655,454,3
80092,840,173,5
80093,854,235,2
80094,868,382,4
80095,877,207,3
80096,650,231,2
80097,331,306,5
80098,867,1159,5
80099,751,173,4
80100,524,218,3
80101,881,108,3
80102,409,1328,2
80103,849,133,5
80104,614,508,4
80105,749,77,3
80106,823,215,4
80107,489,895,4
80108,825,1199,4
80109,617,424,1
80110,825,931,3
80111,848,663,5
80112,523,257,5
80113,711,275,5
80114,497,111,4
80115,905,302,5
80116,784,877,4
80117,659,56,5
80118,407,1263,2
80119,828,1068,4
80120,398,482,5
80121,796,568,4
80122,919,1134,2
80123,889,642,3
80124,635,331,4
80125,795,382,4
80126,896,887,2
80127,6,306,4
80128,835,650,5
80129,437,226,1
80130,863,901,1
80131,674,111,5
80132,327,393,3
80133,896,575,2
80134,437,15,4
80135,622,79,5
80136,838,172,5
80137,867,474,5
80138,653,132,3
80139,839,258,4
80140,863,319,2
80141,7,197,4
80142,152,944,4
80143,664,31,4
80144,612,864,4
80145,887,443,4
80146,630,282,3
80147,511,1527,4
80148,378,164,4
80149,906,473,4
80150,601,429,5
80151,488,286,1
80152,515,538,3
80153,843,434,4
80154,622,230,3
80155,659,294,4
80156,774,12,3
80157,690,66,3
80158,854,492,4
80159,932,661,5
80160,758,455,4
80161,394,431,5
80162,655,1086,3
80163,880,47,4
80164,693,218,4
80165,130,330,4
80166,622,1216,4
80167,894,1115,4
80168,657,301,3
80169,883,740,4
80170,115,644,3
80171,49,147,1
80172,241,286,5
80173,834,346,3
80174,637,147,1
80175,788,385,3
80176,553,609,4
80177,848,489,5
80178,937,14,4
80179,648,575,3
80180,934,674,4
80181,160,408,4
80182,749,540,3
80183,425,435,3
80184,815,602,3
80185,249,427,5
80186,919,531,3
80187,788,589,5
80188,804,582,3
80189,870,315,2
80190,774,831,2
80191,308,356,3
80192,666,1451,3
80193,624,993,4
80194,457,276,4
80195,795,1413,3
80196,506,137,2
80197,707,480,3
80198,886,591,3
80199,660,259,4
80200,868,783,1
80201,21,873,2
80202,643,504,4
80203,889,631,3
80204,833,293,4
80205,721,292,3
80206,727,191,4
80207,533,403,3
80208,932,441,2
80209,878,498,4
80210,880,394,3
80211,865,627,1
80212,296,194,5
80213,393,411,2
80214,454,984,3
80215,586,576,3
80216,729,310,3
80217,716,559,2
80218,192,9,5
80219,880,28,5
80220,660,173,5
80221,669,511,5
80222,447,411,2
80223,524,64,2
80224,32,628,4
80225,524,208,5
80226,671,174,5
80227,451,324,4
80228,460,304,2
80229,724,268,4
80230,13,445,4
80231,938,473,3
80232,897,184,4
80233,463,1028,2
80234,405,512,1
80235,754,291,4
80236,346,1011,1
80237,711,651,4
80238,940,358,1
80239,889,132,4
80240,913,498,3
80241,655,686,2
80242,854,106,3
80243,405,542,1
80244,916,484,4
80245,506,586,2
80246,474,1221,4
80247,773,357,4
80248,436,941,4
80249,823,56,5
80250,889,471,3
80251,716,162,4
80252,537,684,3
80253,690,705,1
80254,795,559,2
80255,846,198,5
80256,622,363,4
80257,561,794,2
80258,222,566,4
80259,347,696,4
80260,840,195,5
80261,932,745,5
80262,468,117,2
80263,716,58,5
80264,938,1028,5
80265,653,175,2
80266,919,1,4
80267,533,281,4
80268,588,713,3
80269,896,895,2
80270,655,927,3
80271,835,286,3
80272,279,1039,4
80273,942,1050,5
80274,746,423,3
80275,94,1010,4
80276,748,114,4
80277,313,181,4
80278,286,408,4
80279,536,614,4
80280,478,64,5
80281,325,408,5
80282,514,195,5
80283,850,196,3
80284,815,222,4
80285,655,731,3
80286,163,326,3
80287,479,196,4
80288,916,71,3
80289,752,350,4
80290,846,1530,2
80291,699,477,3
80292,516,515,4
80293,778,755,2
80294,807,1066,5
80295,113,300,3
80296,796,82,3
80297,498,462,3
80298,882,756,3
80299,880,284,4
80300,806,187,5
80301,830,79,4
80302,943,721,5
80303,843,153,3
80304,479,202,4
80305,660,1065,2
80306,749,184,2
80307,881,831,2
80308,834,316,5
80309,274,596,3
80310,821,845,5
80311,483,515,4
80312,535,186,4
80313,740,873,2
80314,246,56,1
80315,489,880,2
80316,932,1454,4
80317,933,1028,2
80318,87,715,3
80319,941,475,4
80320,778,69,2
80321,693,291,3
80322,694,194,5
80323,618,133,4
80324,851,1276,2
80325,535,187,2
80326,186,1385,2
80327,825,249,3
80328,831,260,2
80329,257,86,4
80330,480,302,4
80331,698,707,2
80332,569,288,3
80333,542,423,4
80334,6,285,3
80335,526,1007,3
80336,524,526,3
80337,543,188,4
80338,462,873,4
80339,190,237,5
80340,234,631,3
80341,916,1401,3
80342,158,1303,3
80343,846,513,5
80344,551,1220,5
80345,405,429,5
80346,911,923,4
80347,637,742,4
80348,457,528,5
80349,568,127,4
80350,116,650,2
80351,715,173,5
80352,804,637,3
80353,942,892,3
80354,894,316,4
80355,293,88,3
80356,621,55,5
80357,603,326,4
80358,933,559,2
80359,478,96,2
80360,621,40,3
80361,450,571,2
80362,336,734,1
80363,890,234,5
80364,655,722,1
80365,559,1556,3
80366,374,457,1
80367,543,265,4
80368,751,431,4
80369,896,73,3
80370,846,44,1
80371,757,562,3
80372,932,430,4
80373,815,217,3
80374,902,497,5
80375,889,237,4
80376,132,100,4
80377,577,559,3
80378,210,173,4
80379,373,684,4
80380,593,742,4
80381,676,294,4
80382,357,748,5
80383,870,1090,2
80384,758,147,4
80385,608,163,1
80386,406,657,5
80387,898,358,4
80388,334,527,3
80389,544,304,3
80390,768,15,2
80391,411,603,5
80392,893,820,3
80393,504,612,4
80394,863,1680,2
80395,794,14,5
80396,145,338,3
80397,847,426,2
80398,498,64,4
80399,870,469,4
80400,943,421,2
80401,380,79,4
80402,727,1165,2
80403,505,173,3
80404,699,596,3
80405,749,111,3
80406,843,627,2
80407,49,577,1
80408,664,356,3
80409,919,21,2
80410,886,1065,4
80411,659,64,4
80412,814,234,3
80413,705,862,1
80414,859,257,2
80415,793,235,3
80416,826,22,5
80417,790,944,1
80418,653,628,4
80419,828,24,4
80420,815,671,4
80421,486,269,4
80422,486,883,3
80423,392,837,5
80424,833,106,2
80425,654,845,4
80426,264,275,5
80427,533,483,4
80428,840,419,5
80429,104,678,2
80430,776,440,2
80431,498,7,3
80432,897,423,5
80433,535,211,4
80434,939,1051,5
80435,815,402,5
80436,807,222,4
80437,682,318,4
80438,917,278,3
80439,842,1395,4
80440,246,735,4
80441,887,470,3
80442,407,151,4
80443,785,318,4
80444,844,568,4
80445,454,498,3
80446,18,174,4
80447,872,313,5
80448,889,268,4
80449,715,122,4
80450,872,928,2
80451,881,392,5
80452,890,50,5
80453,236,333,3
80454,846,693,5
80455,804,292,2
80456,846,265,5
80457,551,326,4
80458,632,877,1
80459,838,70,4
80460,883,11,2
80461,883,603,4
80462,115,185,5
80463,863,334,5
80464,936,129,4
80465,875,55,3
80466,13,549,4
80467,437,23,4
80468,749,586,4
80469,747,504,5
80470,880,685,4
80471,896,430,3
80472,885,582,2
80473,846,772,4
80474,181,1366,1
80475,796,257,5
80476,454,275,2
80477,861,1009,5
80478,774,8,1
80479,664,642,4
80480,374,806,3
80481,942,97,5
80482,896,1471,1
80483,336,210,5
80484,747,732,3
80485,328,299,2
80486,5,383,3
80487,758,568,4
80488,540,270,4
80489,294,515,5
80490,494,300,5
80491,840,154,3
80492,886,1019,4
80493,728,319,3
80494,129,310,2
80495,464,510,4
80496,900,483,4
80497,733,1338,4
80498,541,99,4
80499,733,591,3
80500,452,474,3
80501,619,233,4
80502,889,282,4
80503,878,191,4
80504,633,50,4
80505,533,192,3
80506,752,900,4
80507,497,128,4
80508,805,393,3
80509,880,240,4
80510,495,378,5
80511,727,410,2
80512,363,385,4
80513,881,233,3
80514,847,220,4
80515,727,1025,2
80516,823,187,5
80517,937,93,4
80518,532,447,4
80519,585,1501,4
80520,779,235,4
80521,878,650,2
80522,763,59,5
80523,347,421,2
80524,660,172,4
80525,403,1,4
80526,771,588,5
80527,681,289,5
80528,501,829,3
80529,393,507,2
80530,391,301,4
80531,566,496,5
80532,615,699,3
80533,768,475,2
80534,86,326,3
80535,625,385,4
80536,663,628,4
80537,932,736,3
80538,643,515,4
80539,327,749,3
80540,115,192,5
80541,586,735,3
80542,805,436,3
80543,718,597,5
80544,663,147,3
80545,721,331,3
80546,823,654,5
80547,650,450,1
80548,776,431,4
80549,226,12,5
80550,773,168,5
80551,927,866,4
80552,843,657,3
80553,495,1188,5
80554,430,523,4
80555,707,425,5
80556,896,484,4
80557,727,739,4
80558,671,570,3
80559,648,384,4
80560,629,86,5
80561,552,126,4
80562,524,310,4
80563,711,662,3
80564,385,30,5
80565,892,117,4
80566,826,1228,3
80567,595,460,4
80568,653,15,3
80569,880,82,3
80570,686,2,3
80571,744,481,3
80572,321,705,3
80573,726,763,2
80574,688,1127,5
80575,506,443,4
80576,864,290,3
80577,873,286,2
80578,868,1509,1
80579,425,64,4
80580,655,794,1
80581,759,471,4
80582,102,879,3
80583,65,237,4
80584,416,869,3
80585,772,752,3
80586,782,325,2
80587,531,329,5
80588,154,641,5
80589,280,9,5
80590,158,195,5
80591,474,259,1
80592,821,237,5
80593,851,64,5
80594,268,388,1
80595,880,249,4
80596,343,531,5
80597,378,470,3
80598,299,855,4
80599,796,1297,2
80600,667,660,4
80601,676,892,4
80602,437,156,2
80603,903,528,4
80604,405,1552,1
80605,528,204,5
80606,721,359,3
80607,633,237,4
80608,606,451,3
80609,406,100,4
80610,933,218,3
80611,273,307,2
80612,318,735,5
80613,60,603,5
80614,729,338,1
80615,741,682,3
80616,645,1159,4
80617,864,561,4
80618,189,179,5
80619,621,721,4
80620,873,289,2
80621,678,100,5
80622,113,333,4
80623,533,580,3
80624,833,89,5
80625,233,304,5
80626,442,172,5
80627,687,294,3
80628,660,800,2
80629,568,427,4
80630,708,15,3
80631,707,111,4
80632,286,3,2
80633,95,238,5
80634,868,579,1
80635,770,333,5
80636,422,295,3
80637,880,456,3
80638,611,342,3
80639,877,727,4
80640,682,716,2
80641,622,257,3
80642,185,480,4
80643,709,144,3
80644,468,531,4
80645,733,277,1
80646,889,357,4
80647,843,258,4
80648,921,929,1
80649,943,161,4
80650,445,994,1
80651,222,628,5
80652,731,484,3
80653,262,216,3
80654,592,47,5
80655,276,97,3
80656,653,693,1
80657,661,1,5
80658,865,546,1
80659,840,50,4
80660,943,720,1
80661,478,762,4
80662,654,25,1
80663,788,586,2
80664,807,172,5
80665,84,756,3
80666,869,515,5
80667,790,161,4
80668,381,196,5
80669,772,748,3
80670,311,227,4
80671,650,355,2
80672,716,260,1
80673,870,340,3
80674,501,696,4
80675,836,322,2
80676,109,358,2
80677,453,257,3
80678,878,19,4
80679,13,811,5
80680,763,212,4
80681,867,56,5
80682,614,293,3
80683,883,276,5
80684,684,393,4
80685,537,276,4
80686,324,273,5
80687,872,278,3
80688,870,65,3
80689,943,23,4
80690,361,47,4
80691,870,333,3
80692,889,85,3
80693,463,275,5
80694,868,636,3
80695,7,144,5
80696,887,562,5
80697,536,694,5
80698,836,327,3
80699,666,81,4
80700,873,313,5
80701,943,928,5
80702,896,836,3
80703,871,937,3
80704,577,234,3
80705,476,430,4
80706,234,93,3
80707,796,144,5
80708,110,29,3
80709,871,195,5
80710,817,329,4
80711,699,7,2
80712,269,1005,4
80713,845,1238,2
80714,929,480,3
80715,920,292,3
80716,508,527,5
80717,868,239,3
80718,359,50,5
80719,687,323,2
80720,383,166,4
80721,500,168,4
80722,308,172,4
80723,881,56,1
80724,934,83,4
80725,833,291,3
80726,357,283,5
80727,694,141,5
80728,815,529,5
80729,796,447,3
80730,653,125,2
80731,659,610,3
80732,917,535,4
80733,174,284,4
80734,751,196,4
80735,773,737,3
80736,145,77,3
80737,198,204,3
80738,854,302,3
80739,878,462,4
80740,916,239,3
80741,838,210,4
80742,805,708,3
80743,623,603,4
80744,505,207,3
80745,854,203,4
80746,773,170,5
80747,716,636,2
80748,795,169,5
80749,642,584,4
80750,774,91,1
80751,889,718,4
80752,882,423,5
80753,308,1121,3
80754,585,640,2
80755,297,208,4
80756,590,1331,4
80757,15,938,3
80758,279,375,1
80759,299,747,4
80760,398,427,4
80761,659,476,3
80762,716,200,4
80763,934,526,2
80764,864,423,5
80765,882,11,4
80766,873,321,1
80767,707,641,1
80768,353,898,2
80769,833,508,5
80770,393,689,3
80771,703,323,2
80772,521,273,3
80773,864,663,4
80774,795,151,3
80775,897,416,5
80776,829,294,2
80777,780,520,4
80778,280,245,3
80779,677,294,5
80780,773,89,4
80781,568,604,4
80782,862,423,4
80783,814,441,2
80784,766,523,3
80785,385,1535,4
80786,807,826,3
80787,794,116,5
80788,488,79,4
80789,805,204,2
80790,716,209,3
80791,43,1055,2
80792,450,1297,4
80793,643,174,4
80794,788,720,3
80795,869,253,4
80796,504,121,4
80797,829,259,2
80798,680,14,5
80799,887,288,4
80800,62,673,2
80801,666,97,4
80802,24,223,5
80803,880,619,4
80804,437,961,5
80805,752,331,4
80806,757,204,4
80807,660,281,3
80808,301,24,4
80809,85,474,5
80810,880,246,5
80811,847,174,4
80812,648,743,1
80813,846,514,3
80814,456,367,3
80815,696,286,5
80816,854,124,5
80817,831,905,4
80818,846,441,4
80819,864,237,4
80820,907,647,3
80821,763,83,3
80822,804,94,4
80823,671,546,5
80824,380,179,3
80825,918,417,2
80826,828,70,3
80827,892,625,3
80828,345,12,5
80829,776,91,4
80830,712,238,3
80831,786,546,4
80832,746,385,5
80833,825,982,5
80834,916,1220,3
80835,96,514,4
80836,606,81,3
80837,497,416,2
80838,897,99,5
80839,328,275,4
80840,792,840,2
80841,72,271,1
80842,878,482,4
80843,426,484,5
80844,707,483,5
80845,592,893,1
80846,58,491,4
80847,870,354,4
80848,865,148,3
80849,741,209,3
80850,878,9,4
80851,393,384,3
80852,643,161,3
80853,537,89,4
80854,889,544,3
80855,884,323,2
80856,216,65,4
80857,883,387,5
80858,865,271,1
80859,527,275,3
80860,653,191,5
80861,872,905,4
80862,782,312,4
80863,95,110,2
80864,881,456,1
80865,722,294,2
80866,931,127,5
80867,705,419,3
80868,712,418,3
80869,71,98,4
80870,805,21,2
80871,900,1132,1
80872,393,748,3
80873,495,633,5
80874,580,288,5
80875,620,82,5
80876,900,871,1
80877,256,984,3
80878,836,292,5
80879,796,449,4
80880,493,1013,1
80881,892,425,5
80882,301,367,4
80883,524,495,4
80884,802,134,3
80885,859,1048,3
80886,456,191,3
80887,870,265,4
80888,558,9,4
80889,883,519,5
80890,758,93,5
80891,704,300,2
80892,524,269,4
80893,421,525,4
80894,645,654,5
80895,881,192,5
80896,851,1105,4
80897,698,1020,2
80898,59,380,3
80899,126,286,3
80900,526,285,5
80901,254,112,2
80902,889,408,3
80903,887,284,4
80904,886,685,2
80905,223,477,3
80906,826,849,4
80907,921,215,4
80908,304,879,3
80909,901,259,2
80910,848,393,5
80911,486,547,3
80912,405,703,2
80913,865,222,2
80914,910,298,2
80915,438,301,4
80916,349,546,3
80917,886,496,4
80918,809,245,3
80919,453,282,4
80920,25,79,4
80921,833,175,4
80922,815,195,4
80923,883,796,3
80924,85,1039,4
80925,749,429,4
80926,458,1039,5
80927,517,328,3
80928,577,183,5
80929,699,471,3
80930,752,354,2
80931,593,121,4
80932,286,473,3
80933,864,692,2
80934,863,350,1
80935,437,1142,4
80936,648,864,3
80937,804,161,4
80938,776,674,3
80939,453,82,3
80940,347,105,2
80941,784,304,4
80942,894,10,4
80943,868,139,1
80944,939,597,4
80945,663,591,3
80946,921,202,4
80947,647,77,4
80948,290,136,4
80949,540,117,4
80950,788,180,4
80951,663,42,5
80952,720,319,3
80953,708,151,4
80954,865,71,1
80955,806,1098,4
80956,862,519,4
80957,645,30,4
80958,667,268,3
80959,650,315,3
80960,769,222,4
80961,566,693,5
80962,313,216,4
80963,666,498,5
80964,883,1009,4
80965,588,29,3
80966,655,13,3
80967,851,473,4
80968,394,12,4
80969,804,969,4
80970,916,5,3
80971,648,585,3
80972,606,127,4
80973,754,295,4
80974,846,490,4
80975,854,757,3
80976,497,622,2
80977,650,499,3
80978,896,658,4
80979,647,177,5
80980,694,490,4
80981,663,129,3
80982,715,176,5
80983,864,629,3
80984,668,596,3
80985,627,135,4
80986,177,210,4
80987,643,656,4
80988,834,323,2
80989,503,237,4
80990,642,569,2
80991,218,288,2
80992,239,509,5
80993,286,101,5
80994,771,381,3
80995,864,735,5
80996,788,44,4
80997,716,213,5
80998,854,151,4
80999,838,28,4
81000,890,404,4
81001,592,299,1
81002,450,725,3
81003,880,568,5
81004,437,117,1
81005,943,450,1
81006,151,491,4
81007,735,50,5
81008,56,636,4
81009,870,772,4
81010,823,708,4
81011,627,511,4
81012,255,219,5
81013,780,419,4
81014,840,708,4
81015,551,9,5
81016,222,98,4
81017,230,499,4
81018,893,815,3
81019,405,443,4
81020,798,1285,3
81021,889,33,5
81022,737,32,4
81023,846,630,3
81024,854,150,3
81025,731,64,5
81026,748,271,3
81027,750,327,4
81028,409,890,1
81029,8,243,2
81030,886,1267,3
81031,280,423,5
81032,774,585,1
81033,541,172,5
81034,727,556,2
81035,653,521,4
81036,643,2,3
81037,746,22,4
81038,665,546,2
81039,734,28,4
81040,864,9,5
81041,885,662,3
81042,883,661,4
81043,579,210,3
81044,395,515,4
81045,566,234,3
81046,410,303,3
81047,346,720,2
81048,702,751,4
81049,452,153,4
81050,416,631,3
81051,788,1183,2
81052,497,441,2
81053,354,8,5
81054,882,275,5
81055,758,240,3
81056,864,25,4
81057,894,315,4
81058,793,118,2
81059,655,504,5
81060,697,235,4
81061,676,272,4
81062,545,1188,3
81063,232,172,4
81064,113,742,3
81065,634,546,4
81066,506,712,3
81067,886,202,3
81068,878,194,4
81069,932,646,4
81070,707,387,4
81071,756,739,4
81072,868,145,1
81073,655,676,2
81074,901,662,4
81075,655,1238,2
81076,727,28,5
81077,429,231,2
81078,860,220,3
81079,629,270,3
81080,837,763,1
81081,495,655,5
81082,651,127,4
81083,715,254,1
81084,922,153,4
81085,790,373,3
81086,844,207,4
81087,561,433,1
81088,399,28,2
81089,431,328,4
81090,538,528,5
81091,796,665,2
81092,660,435,4
81093,416,1337,1
81094,475,269,4
81095,843,435,2
81096,155,300,2
81097,816,328,4
81098,675,86,4
81099,698,435,3
81100,840,186,4
81101,533,53,1
81102,486,1611,3
81103,828,328,3
81104,506,739,4
81105,871,360,3
81106,618,111,3
81107,84,815,4
81108,796,356,4
81109,841,313,5
81110,886,783,1
81111,758,223,5
81112,896,83,5
81113,543,568,3
81114,747,83,4
81115,803,325,4
81116,805,629,3
81117,903,282,4
81118,332,385,5
81119,898,689,3
81120,470,273,3
81121,846,11,5
81122,848,606,4
81123,506,204,5
81124,457,367,4
81125,864,569,3
81126,846,662,3
81127,823,425,5
81128,871,1431,4
81129,416,520,5
81130,503,347,5
81131,388,294,4
81132,21,15,4
81133,833,521,4
81134,764,1046,4
81135,764,692,4
81136,588,12,5
81137,793,100,4
81138,498,269,4
81139,655,966,3
81140,823,170,4
81141,738,550,3
81142,881,654,4
81143,705,97,3
81144,930,1315,3
81145,650,625,3
81146,568,1125,4
81147,416,235,2
81148,936,813,5
81149,896,719,1
81150,256,274,5
81151,331,8,3
81152,459,294,5
81153,882,132,5
81154,524,92,4
81155,846,226,4
81156,682,245,3
81157,885,655,3
81158,919,681,2
81159,178,823,2
81160,448,1062,5
81161,749,227,4
81162,865,118,1
81163,833,234,3
81164,620,172,4
81165,207,18,2
81166,749,763,1
81167,308,449,3
81168,793,240,4
81169,880,380,3
81170,327,175,2
81171,828,547,2
81172,523,863,4
81173,303,1041,2
81174,648,95,3
81175,210,132,4
81176,758,175,4
81177,669,168,4
81178,378,473,3
81179,901,1041,5
81180,401,584,3
81181,782,1668,3
81182,728,287,4
81183,837,250,2
81184,707,443,3
81185,826,540,3
81186,886,10,3
81187,866,889,2
81188,889,687,2
81189,831,313,5
81190,236,282,5
81191,543,200,4
81192,813,9,3
81193,496,699,3
81194,345,980,4
81195,620,78,4
81196,890,480,5
81197,826,1409,2
81198,673,307,3
81199,883,724,4
81200,392,604,5
81201,454,687,3
81202,830,229,2
81203,759,748,4
81204,326,199,5
81205,177,144,5
81206,332,350,4
81207,884,268,4
81208,95,946,3
81209,457,225,4
81210,299,408,4
81211,151,1050,4
81212,943,765,3
81213,834,307,4
81214,870,503,4
81215,732,288,4
81216,865,847,5
81217,795,91,5
81218,519,874,5
81219,895,275,5
81220,774,318,1
81221,833,194,3
81222,520,893,2
81223,504,161,4
81224,405,1564,1
81225,807,588,5
81226,374,220,2
81227,387,588,3
81228,880,7,3
81229,735,764,3
81230,380,196,4
81231,926,340,4
81232,72,197,5
81233,815,1,5
81234,710,202,3
81235,535,614,5
81236,645,506,5
81237,378,64,4
81238,533,292,4
81239,269,11,3
81240,762,934,1
81241,311,131,3
81242,141,742,4
81243,798,472,3
81244,846,562,5
81245,87,1180,3
81246,497,232,3
81247,731,486,4
81248,99,789,4
81249,709,554,4
81250,939,1277,5
81251,899,121,5
81252,916,177,3
81253,500,10,3
81254,921,228,3
81255,716,230,3
81256,751,172,5
81257,642,368,4
81258,889,31,3
81259,303,687,1
81260,398,607,3
81261,856,289,1
81262,886,726,1
81263,495,418,4
81264,936,118,3
81265,835,1063,4
81266,933,367,4
81267,788,112,3
81268,90,69,1
81269,916,210,4
81270,773,288,2
81271,11,213,4
81272,788,9,4
81273,378,1092,3
81274,374,1206,2
81275,766,176,2
81276,843,420,3
81277,779,121,3
81278,741,1016,3
81279,805,451,5
81280,537,733,3
81281,504,664,3
81282,942,357,4
81283,840,580,3
81284,905,129,4
81285,923,291,4
81286,336,25,3
81287,90,753,4
81288,788,879,4
81289,907,283,4
81290,932,968,4
81291,123,187,4
81292,934,1285,3
81293,796,237,5
81294,798,577,2
81295,933,168,3
81296,943,98,5
81297,235,96,4
81298,854,194,3
81299,747,655,3
81300,327,161,3
81301,539,340,2
81302,842,315,3
81303,276,187,5
81304,828,512,5
81305,464,259,4
81306,921,603,3
81307,144,72,4
81308,861,529,5
81309,806,47,4
81310,792,596,3
81311,776,483,5
81312,527,475,3
81313,598,751,3
81314,130,88,2
81315,385,568,3
81316,587,260,4
81317,934,660,5
81318,804,1139,3
81319,709,849,4
81320,18,612,4
81321,758,105,2
81322,234,655,3
81323,843,473,2
81324,666,653,4
81325,785,56,4
81326,903,179,5
81327,314,1047,4
81328,721,269,5
81329,514,796,4
81330,326,202,4
81331,907,275,5
81332,9,7,4
81333,11,356,4
81334,716,210,5
81335,782,349,3
81336,932,649,4
81337,721,58,2
81338,592,97,4
81339,804,99,4
81340,73,96,2
81341,34,289,1
81342,460,19,5
81343,912,15,4
81344,797,336,2
81345,709,121,4
81346,896,190,5
81347,907,520,5
81348,721,942,4
81349,394,91,4
81350,618,172,5
81351,875,332,3
81352,454,81,1
81353,776,551,3
81354,805,665,4
81355,551,162,5
81356,592,526,5
81357,770,222,4
81358,825,871,3
81359,894,903,4
81360,682,932,1
81361,736,294,3
81362,807,386,4
81363,848,215,5
81364,870,514,5
81365,792,125,3
81366,451,358,1
81367,839,255,3
81368,880,571,2
81369,790,391,2
81370,883,319,3
81371,624,121,3
81372,95,671,3
81373,716,294,4
81374,796,429,4
81375,774,406,1
81376,541,931,3
81377,756,141,3
81378,774,732,1
81379,704,488,5
81380,893,118,4
81381,697,546,4
81382,872,826,3
81383,274,234,5
81384,112,888,4
81385,447,50,5
81386,825,118,4
81387,740,332,3
81388,805,13,3
81389,840,528,5
81390,861,582,2
81391,769,118,4
81392,844,255,3
81393,854,1226,4
81394,486,106,1
81395,883,1592,5
81396,224,924,3
81397,187,710,4
81398,738,252,4
81399,610,480,5
81400,848,166,5
81401,426,136,4
81402,887,597,5
81403,682,28,3
81404,904,216,4
81405,765,507,5
81406,538,276,1
81407,840,519,5
81408,588,178,5
81409,468,65,3
81410,647,1063,3
81411,870,582,5
81412,606,284,4
81413,523,432,5
81414,524,302,5
81415,622,763,4
81416,924,7,4
81417,313,176,4
81418,933,151,4
81419,128,275,5
81420,766,226,3
81421,452,1255,2
81422,877,549,4
81423,189,28,4
81424,424,969,1
81425,880,49,3
81426,916,561,3
81427,188,635,2
81428,345,244,3
81429,666,381,3
81430,315,163,3
81431,940,792,2
81432,733,273,4
81433,886,26,4
81434,665,96,3
81435,721,321,3
81436,894,179,5
81437,94,188,4
81438,556,286,4
81439,94,159,3
81440,848,527,3
81441,886,81,4
81442,766,194,3
81443,605,245,3
81444,347,11,5
81445,279,547,1
81446,660,393,2
81447,655,462,3
81448,751,631,5
81449,414,313,4
81450,804,373,2
81451,843,50,3
81452,716,183,2
81453,642,725,4
81454,435,444,3
81455,865,455,4
81456,763,171,3
81457,507,1016,5
81458,81,717,2
81459,848,433,3
81460,790,561,3
81461,805,509,5
81462,393,982,3
81463,1,126,2
81464,603,210,4
81465,699,683,3
81466,363,1056,4
81467,905,116,3
81468,617,653,4
81469,214,182,4
81470,901,28,5
81471,544,270,3
81472,343,72,5
81473,627,125,2
81474,887,412,5
81475,308,504,4
81476,828,59,5
81477,296,469,5
81478,807,1039,4
81479,886,79,5
81480,896,1004,2
81481,15,322,3
81482,889,1142,4
81483,882,739,4
81484,738,313,5
81485,643,568,4
81486,850,50,5
81487,389,419,3
81488,405,1192,1
81489,712,762,4
81490,833,79,3
81491,690,148,3
81492,293,85,3
81493,6,496,4
81494,621,1016,4
81495,692,476,3
81496,405,213,2
81497,555,89,4
81498,798,420,3
81499,445,1534,1
81500,897,98,5
81501,28,444,3
81502,942,1028,4
81503,373,170,5
81504,698,183,3
81505,447,471,4
81506,938,111,5
81507,486,251,5
81508,859,282,3
81509,854,1016,2
81510,862,521,5
81511,496,252,2
81512,664,449,2
81513,834,544,4
81514,568,735,2
81515,694,138,3
81516,391,228,2
81517,876,289,3
81518,844,99,3
81519,783,299,5
81520,676,480,5
81521,833,460,2
81522,748,97,4
81523,916,68,3
81524,848,805,5
81525,523,694,5
81526,795,123,4
81527,840,216,4
81528,361,202,3
81529,489,360,5
81530,793,273,3
81531,864,275,4
81532,918,133,1
81533,870,180,3
81534,452,196,4
81535,567,612,4
81536,18,212,5
81537,840,516,5
81538,248,343,4
81539,667,9,5
81540,684,172,5
81541,606,98,5
81542,851,160,5
81543,311,241,3
81544,399,541,3
81545,869,125,3
81546,666,811,4
81547,167,674,2
81548,406,124,4
81549,774,410,1
81550,235,970,4
81551,665,255,4
81552,455,463,4
81553,652,275,4
81554,807,520,5
81555,659,218,4
81556,655,451,3
81557,648,596,3
81558,267,1240,5
81559,406,483,4
81560,882,211,4
81561,643,67,4
81562,642,734,3
81563,654,274,4
81564,334,236,4
81565,690,781,2
81566,788,715,3
81567,905,748,2
81568,1,83,3
81569,880,577,3
81570,828,1062,4
81571,751,428,4
81572,518,744,4
81573,796,269,3
81574,870,763,4
81575,380,610,2
81576,301,425,4
81577,886,195,4
81578,486,713,3
81579,869,116,4
81580,682,237,3
81581,936,748,2
81582,827,269,5
81583,10,23,5
81584,110,576,2
81585,566,144,3
81586,421,269,3
81587,880,779,3
81588,424,690,3
81589,709,559,3
81590,852,259,4
81591,854,328,1
81592,922,476,1
81593,541,501,4
81594,101,763,3
81595,896,28,2
81596,788,655,3
81597,934,175,4
81598,780,210,5
81599,91,300,4
81600,543,469,4
81601,11,173,5
81602,686,654,5
81603,717,742,5
81604,705,83,4
81605,906,742,3
81606,889,54,3
81607,765,10,4
81608,897,230,4
81609,730,294,4
81610,862,96,4
81611,782,1393,2
81612,843,7,5
81613,276,172,5
81614,704,214,2
81615,96,196,4
81616,334,121,3
81617,160,59,4
81618,892,636,4
81619,682,1047,3
81620,761,748,4
81621,321,419,4
81622,504,292,5
81623,620,595,5
81624,588,88,5
81625,716,274,5
81626,741,196,5
81627,782,534,3
81628,234,1449,4
81629,893,151,4
81630,881,685,2
81631,844,83,5
81632,896,1194,3
81633,896,1042,2
81634,911,93,4
81635,246,597,2
81636,943,559,4
81637,925,563,2
81638,934,190,4
81639,579,70,3
81640,640,33,3
81641,894,61,4
81642,790,1188,3
81643,548,300,5
81644,908,47,3
81645,833,1386,4
81646,592,298,5
81647,749,4,4
81648,846,373,3
81649,91,294,3
81650,655,534,2
81651,878,732,4
81652,758,82,4
81653,889,177,4
81654,823,625,4
81655,58,354,3
81656,849,234,5
81657,533,739,5
81658,230,143,5
81659,889,473,4
81660,632,173,5
81661,268,408,5
81662,882,79,5
81663,790,687,1
81664,887,240,5
81665,934,302,4
81666,749,48,3
81667,806,6,2
81668,428,288,4
81669,886,466,1
81670,930,237,3
81671,650,491,3
81672,332,276,3
81673,875,135,4
81674,662,1342,4
81675,883,971,3
81676,886,449,3
81677,539,59,5
81678,279,284,1
81679,405,1419,2
81680,732,243,5
81681,343,22,4
81682,264,430,5
81683,227,319,4
81684,766,1298,3
81685,893,258,3
81686,788,553,3
81687,624,1012,4
81688,597,275,4
81689,698,89,4
81690,846,430,3
81691,682,732,3
81692,880,477,3
81693,881,527,3
81694,233,660,5
81695,479,199,5
81696,566,64,5
81697,798,585,3
81698,889,91,4
81699,183,739,4
81700,450,322,4
81701,925,245,3
81702,901,121,4
81703,810,323,4
81704,586,182,3
81705,940,116,2
81706,863,359,3
81707,26,760,1
81708,699,878,3
81709,328,651,5
81710,472,265,4
81711,506,63,4
81712,534,109,4
81713,641,270,3
81714,456,1604,4
81715,435,17,2
81716,296,250,2
81717,823,792,3
81718,897,95,3
81719,745,182,2
81720,872,820,3
81721,773,90,4
81722,896,1214,2
81723,305,66,3
81724,795,820,3
81725,868,200,3
81726,90,215,2
81727,526,150,2
81728,840,100,5
81729,640,591,4
81730,529,301,4
81731,789,1007,4
81732,269,603,5
81733,694,71,4
81734,804,153,4
81735,847,25,3
81736,939,220,5
81737,399,462,3
81738,540,1016,4
81739,301,258,4
81740,540,471,4
81741,707,367,4
81742,901,477,3
81743,784,300,4
81744,871,172,5
81745,345,469,5
81746,899,202,4
81747,921,240,1
81748,780,705,5
81749,833,55,3
81750,314,585,2
81751,132,664,5
81752,7,211,5
81753,629,238,5
81754,635,246,5
81755,899,153,5
81756,553,631,5
81757,727,67,4
81758,505,11,4
81759,880,105,3
81760,852,25,3
81761,560,121,3
81762,702,271,1
81763,323,64,5
81764,777,223,4
81765,790,116,4
81766,638,188,3
81767,703,15,5
81768,885,169,5
81769,826,1240,5
81770,896,202,2
81771,592,471,4
81772,758,311,4
81773,709,273,4
81774,940,321,4
81775,429,284,3
81776,188,50,4
81777,932,615,5
81778,938,405,3
81779,936,1368,5
81780,31,611,4
81781,643,7,4
81782,854,1,3
81783,864,472,4
81784,621,1036,1
81785,669,192,5
81786,746,121,3
81787,650,823,3
81788,788,498,5
81789,524,116,4
81790,240,286,5
81791,671,288,5
81792,282,358,3
81793,924,322,2
81794,916,163,3
81795,747,154,3
81796,667,283,4
81797,541,204,4
81798,537,30,3
81799,625,25,2
81800,840,45,4
81801,712,1055,4
81802,472,200,4
81803,497,541,4
81804,533,449,4
81805,130,771,2
81806,537,211,4
81807,43,73,4
81808,825,678,4
81809,771,134,4
81810,897,211,5
81811,796,565,3
81812,844,55,4
81813,863,300,5
81814,879,255,4
81815,880,64,5
81816,889,169,5
81817,496,426,3
81818,794,109,4
81819,883,315,3
81820,194,223,4
81821,456,1101,3
81822,451,1295,2
81823,240,302,5
81824,302,271,4
81825,777,238,4
81826,676,1234,1
81827,606,651,4
81828,894,279,4
81829,815,71,5
81830,117,252,3
81831,459,307,5
81832,896,820,2
81833,899,48,4
81834,756,323,3
81835,897,550,3
81836,697,369,5
81837,754,293,4
81838,627,528,4
81839,514,898,2
81840,844,921,5
81841,305,663,3
81842,846,1124,4
81843,65,471,4
81844,873,879,2
81845,457,125,4
81846,221,751,4
81847,503,124,5
81848,417,418,4
81849,833,135,4
81850,757,172,4
81851,647,197,5
81852,763,224,5
81853,707,702,3
81854,833,227,2
81855,429,136,4
81856,101,831,3
81857,460,306,4
81858,92,63,3
81859,11,393,4
81860,748,168,3
81861,889,428,4
81862,844,45,4
81863,894,508,3
81864,595,1028,3
81865,864,65,3
81866,256,187,3
81867,405,1544,1
81868,833,745,4
81869,843,164,3
81870,62,931,1
81871,588,168,5
81872,911,507,4
81873,425,11,3
81874,863,683,1
81875,560,1215,2
81876,416,78,2
81877,922,662,3
81878,16,480,5
81879,449,462,5
81880,690,393,4
81881,742,14,5
81882,782,270,4
81883,840,484,5
81884,747,811,3
81885,901,155,5
81886,899,222,4
81887,579,393,4
81888,862,647,5
81889,943,121,3
81890,527,878,1
81891,622,95,4
81892,916,931,1
81893,402,118,4
81894,450,111,4
81895,798,81,3
81896,861,319,5
81897,887,1029,5
81898,471,432,1
81899,395,750,5
81900,888,100,4
81901,922,274,3
81902,13,242,2
81903,621,1185,3
81904,336,591,5
81905,454,611,2
81906,234,280,3
81907,748,603,5
81908,505,181,3
81909,654,588,4
81910,286,235,4
81911,279,259,3
81912,806,271,3
81913,934,506,4
81914,862,238,4
81915,889,192,3
81916,452,94,1
81917,253,518,5
81918,888,644,4
81919,838,919,5
81920,484,720,4
81921,268,1110,3
81922,181,1079,1
81923,387,518,4
81924,318,187,4
81925,854,620,2
81926,411,79,4
81927,655,359,3
81928,775,313,4
81929,165,1119,3
81930,532,282,5
81931,896,1240,4
81932,899,291,4
81933,176,1097,4
81934,279,1481,4
81935,913,168,4
81936,18,604,5
81937,870,83,4
81938,486,544,4
81939,682,684,3
81940,758,895,4
81941,860,204,4
81942,823,640,1
81943,601,921,5
81944,833,436,2
81945,894,148,3
81946,459,127,4
81947,655,76,3
81948,497,743,3
81949,551,54,3
81950,897,378,5
81951,878,269,4
81952,648,217,2
81953,838,258,5
81954,880,876,4
81955,760,111,4
81956,847,447,3
81957,931,283,4
81958,648,629,4
81959,13,905,2
81960,829,286,4
81961,735,321,3
81962,350,427,5
81963,868,854,4
81964,915,334,3
81965,654,255,2
81966,934,257,4
81967,818,269,3
81968,933,211,4
81969,897,479,4
81970,796,478,5
81971,807,831,4
81972,804,238,4
81973,786,849,2
81974,903,89,4
81975,854,713,4
81976,851,833,3
81977,804,216,4
81978,851,340,5
81979,903,642,4
81980,452,520,3
81981,568,423,4
81982,736,748,2
81983,440,462,5
81984,833,24,4
81985,548,275,3
81986,11,451,2
81987,655,43,3
81988,798,191,4
81989,670,705,5
81990,942,322,3
81991,474,663,4
81992,630,1197,3
81993,757,27,4
81994,74,331,4
81995,665,33,2
81996,396,281,3
81997,882,405,4
81998,524,135,3
81999,815,660,4
82000,545,155,3
82001,541,993,4
82002,758,216,4
82003,180,40,4
82004,406,604,3
82005,94,474,5
82006,655,844,4
82007,525,282,4
82008,864,55,4
82009,763,732,3
82010,847,289,5
82011,885,274,5
82012,13,176,3
82013,916,423,3
82014,903,111,3
82015,216,129,4
82016,839,813,4
82017,537,302,4
82018,715,95,4
82019,425,1129,3
82020,653,96,4
82021,806,230,4
82022,756,22,3
82023,885,568,4
82024,406,531,3
82025,752,751,4
82026,913,132,3
82027,897,864,4
82028,569,471,3
82029,889,431,4
82030,931,300,5
82031,798,498,3
82032,747,288,4
82033,112,332,4
82034,936,926,4
82035,839,7,2
82036,887,22,5
82037,268,719,1
82038,896,143,4
82039,666,660,4
82040,560,168,4
82041,588,307,4
82042,331,1,1
82043,534,597,5
82044,533,255,2
82045,304,323,3
82046,804,393,3
82047,887,222,3
82048,805,214,2
82049,660,217,2
82050,888,153,4
82051,917,287,4
82052,747,367,3
82053,265,975,4
82054,870,211,3
82055,586,117,4
82056,23,181,4
82057,846,1218,4
82058,796,391,4
82059,523,42,3
82060,882,56,4
82061,707,632,4
82062,802,358,3
82063,872,272,4
82064,326,94,4
82065,653,670,1
82066,877,288,3
82067,548,254,1
82068,788,482,4
82069,719,655,4
82070,619,121,5
82071,931,896,3
82072,774,568,2
82073,720,321,4
82074,642,969,2
82075,756,1149,5
82076,851,266,3
82077,819,246,4
82078,734,144,2
82079,766,40,3
82080,922,175,3
82081,867,496,5
82082,161,177,2
82083,880,956,3
82084,731,125,3
82085,662,246,5
82086,815,945,4
82087,938,298,4
82088,847,56,1
82089,654,146,3
82090,773,42,3
82091,924,205,4
82092,337,67,4
82093,843,210,3
82094,807,28,4
82095,828,6,1
82096,840,1214,1
82097,406,506,4
82098,280,70,4
82099,892,613,5
82100,796,265,5
82101,632,201,4
82102,907,83,5
82103,146,294,1
82104,890,1,4
82105,886,178,5
82106,771,477,5
82107,620,406,4
82108,59,526,4
82109,405,1574,1
82110,854,632,4
82111,611,1243,3
82112,839,1048,1
82113,806,227,2
82114,713,752,2
82115,840,661,5
82116,749,161,3
82117,477,546,4
82118,894,1404,3
82119,198,89,5
82120,864,196,4
82121,568,488,5
82122,626,678,1
82123,620,94,5
82124,874,305,4
82125,751,214,4
82126,632,523,3
82127,826,578,5
82128,640,2,4
82129,7,569,4
82130,940,151,3
82131,664,566,4
82132,747,1020,4
82133,848,108,5
82134,808,751,3
82135,771,86,5
82136,49,652,5
82137,669,22,3
82138,924,496,5
82139,839,118,2
82140,846,705,3
82141,859,275,3
82142,548,347,2
82143,483,101,2
82144,463,313,4
82145,880,260,4
82146,822,91,3
82147,655,15,3
82148,638,202,3
82149,757,576,3
82150,869,1061,1
82151,617,496,1
82152,782,1378,2
82153,889,174,4
82154,230,422,3
82155,73,183,4
82156,902,172,4
82157,659,1064,5
82158,489,688,2
82159,899,255,4
82160,854,652,3
82161,883,100,4
82162,802,288,3
82163,790,928,3
82164,755,258,5
82165,503,211,5
82166,399,820,4
82167,404,938,4
82168,303,655,5
82169,698,10,4
82170,933,467,3
82171,279,833,4
82172,854,56,5
82173,864,239,4
82174,664,431,2
82175,891,111,3
82176,805,1629,5
82177,697,280,3
82178,544,877,2
82179,746,132,4
82180,655,803,3
82181,638,211,4
82182,614,289,2
82183,886,94,4
82184,923,105,4
82185,894,529,4
82186,510,748,3
82187,815,82,4
82188,780,204,5
82189,876,435,4
82190,798,394,4
82191,938,829,1
82192,487,204,4
82193,618,755,2
82194,843,1065,3
82195,786,198,5
82196,37,233,4
82197,603,250,5
82198,943,402,2
82199,883,1448,5
82200,806,1048,3
82201,883,956,4
82202,569,301,4
82203,753,272,4
82204,881,411,3
82205,527,279,4
82206,524,651,4
82207,806,45,4
82208,940,173,4
82209,561,507,4
82210,546,5,5
82211,276,685,4
82212,727,588,4
82213,535,484,5
82214,773,109,4
82215,453,763,4
82216,830,625,3
82217,453,451,2
82218,655,1098,3
82219,459,405,3
82220,327,83,2
82221,308,223,4
82222,622,541,2
82223,854,1335,2
82224,142,91,5
82225,394,123,5
82226,827,245,3
82227,801,302,4
82228,862,825,5
82229,836,531,4
82230,723,168,5
82231,807,470,5
82232,184,192,4
82233,919,558,5
82234,128,380,4
82235,611,906,2
82236,835,191,4
82237,699,286,3
82238,750,325,1
82239,838,705,5
82240,489,347,5
82241,42,168,3
82242,864,5,4
82243,221,399,3
82244,500,313,3
82245,94,86,5
82246,274,756,3
82247,747,210,4
82248,437,602,3
82249,586,780,4
82250,44,22,4
82251,861,286,4
82252,498,430,4
82253,747,238,3
82254,886,403,4
82255,796,54,4
82256,790,665,3
82257,807,402,5
82258,827,294,4
82259,833,506,2
82260,339,53,4
82261,593,111,5
82262,880,1258,3
82263,740,340,4
82264,640,580,5
82265,234,371,3
82266,880,238,4
82267,828,582,3
82268,453,452,2
82269,327,396,3
82270,733,458,2
82271,745,50,2
82272,835,15,5
82273,804,98,5
82274,796,226,3
82275,849,676,5
82276,871,300,4
82277,889,615,3
82278,833,1143,4
82279,686,542,1
82280,774,183,4
82281,250,259,1
82282,593,762,4
82283,576,124,4
82284,697,244,5
82285,827,288,3
82286,770,250,5
82287,883,1462,5
82288,449,515,5
82289,291,95,4
82290,766,197,3
82291,551,385,5
82292,719,284,2
82293,437,476,4
82294,903,693,5
82295,109,22,4
82296,346,660,2
82297,468,647,5
82298,497,944,3
82299,774,187,3
82300,405,663,2
82301,899,423,4
82302,889,575,3
82303,59,81,4
82304,806,408,5
82305,921,484,3
82306,790,196,3
82307,451,948,3
82308,880,208,5
82309,137,79,5
82310,122,519,4
82311,673,321,3
82312,481,202,4
82313,807,206,2
82314,823,1046,3
82315,790,72,2
82316,279,131,1
82317,870,168,4
82318,872,268,1
82319,485,889,5
82320,806,76,3
82321,863,906,4
82322,887,172,5
82323,758,53,4
82324,764,50,3
82325,303,77,4
82326,21,127,5
82327,908,527,3
82328,592,971,4
82329,429,192,3
82330,901,1389,5
82331,851,1280,4
82332,517,740,4
82333,606,323,4
82334,854,522,2
82335,567,79,2
82336,275,230,3
82337,770,117,5
82338,560,498,4
82339,868,218,3
82340,903,47,5
82341,927,405,5
82342,935,405,4
82343,662,100,5
82344,898,347,3
82345,790,1165,2
82346,406,176,5
82347,859,476,5
82348,627,1044,2
82349,517,294,1
82350,513,210,5
82351,406,569,3
82352,749,38,3
82353,257,285,5
82354,788,561,3
82355,716,284,3
82356,532,531,5
82357,932,863,4
82358,868,496,2
82359,175,869,3
82360,119,315,5
82361,913,418,3
82362,194,318,5
82363,667,182,5
82364,708,993,4
82365,933,176,3
82366,694,499,4
82367,887,1239,3
82368,13,590,2
82369,524,386,4
82370,903,443,5
82371,561,748,2
82372,396,118,4
82373,133,355,2
82374,903,196,4
82375,868,367,2
82376,867,204,4
82377,495,1133,3
82378,862,520,4
82379,907,284,5
82380,862,10,5
82381,870,288,4
82382,682,1039,4
82383,660,72,3
82384,499,328,5
82385,268,185,3
82386,795,546,3
82387,682,729,3
82388,747,136,5
82389,870,1021,2
82390,916,764,3
82391,708,299,1
82392,833,861,3
82393,863,908,1
82394,474,185,5
82395,586,17,5
82396,714,258,4
82397,851,48,4
82398,797,309,3
82399,344,290,2
82400,321,221,5
82401,124,1,3
82402,694,474,4
82403,885,685,3
82404,213,212,4
82405,514,134,3
82406,640,1258,3
82407,916,171,4
82408,870,135,3
82409,73,285,4
82410,880,845,3
82411,351,898,5
82412,537,702,3
82413,668,347,4
82414,883,202,4
82415,790,2,3
82416,749,214,3
82417,796,236,4
82418,828,1462,3
82419,922,176,3
82420,330,479,5
82421,578,346,3
82422,839,264,3
82423,798,415,3
82424,796,1046,3
82425,868,162,3
82426,181,245,2
82427,887,932,2
82428,244,744,3
82429,870,182,5
82430,792,363,3
82431,756,8,4
82432,903,180,5
82433,105,751,2
82434,851,56,5
82435,178,531,4
82436,905,237,3
82437,484,742,3
82438,586,1046,3
82439,867,12,5
82440,92,69,5
82441,885,584,3
82442,889,69,3
82443,619,391,3
82444,1,231,1
82445,589,334,1
82446,184,1086,4
82447,437,196,4
82448,629,1038,3
82449,907,260,2
82450,901,864,5
82451,880,1139,4
82452,807,542,5
82453,786,173,4
82454,682,174,4
82455,916,428,4
82456,719,127,3
82457,618,56,4
82458,880,1446,4
82459,509,328,1
82460,603,228,3
82461,942,183,3
82462,533,713,2
82463,312,602,4
82464,393,77,3
82465,870,479,5
82466,463,129,2
82467,889,847,4
82468,887,202,5
82469,813,271,4
82470,900,405,3
82471,724,751,2
82472,200,22,4
82473,758,652,5
82474,807,136,5
82475,655,176,2
82476,878,179,4
82477,712,393,3
82478,347,748,2
82479,871,210,5
82480,890,520,4
82481,923,168,5
82482,873,269,2
82483,741,79,4
82484,899,144,3
82485,922,155,2
82486,872,892,3
82487,707,15,4
82488,329,294,2
82489,648,405,4
82490,649,678,3
82491,144,294,4
82492,407,1041,3
82493,417,771,3
82494,878,168,4
82495,894,883,3
82496,414,895,4
82497,513,739,5
82498,372,844,4
82499,833,172,2
82500,533,480,4
82501,485,302,5
82502,536,500,4
82503,325,1118,3
82504,916,265,4
82505,647,300,4
82506,682,241,4
82507,881,226,3
82508,790,159,3
82509,67,273,4
82510,868,216,2
82511,619,406,2
82512,622,450,1
82513,889,554,4
82514,912,246,2
82515,717,312,5
82516,542,87,3
82517,892,482,5
82518,474,55,4
82519,727,609,3
82520,714,1152,2
82521,762,709,3
82522,409,206,4
82523,899,431,1
82524,528,526,4
82525,894,1258,3
82526,898,243,1
82527,343,663,5
82528,833,430,4
82529,210,114,4
82530,796,479,4
82531,883,1227,3
82532,796,63,3
82533,833,182,5
82534,749,423,4
82535,870,841,2
82536,802,217,3
82537,759,245,3
82538,622,153,4
82539,868,237,1
82540,472,91,5
82541,840,182,4
82542,778,117,3
82543,883,386,3
82544,867,286,5
82545,486,889,4
82546,760,776,5
82547,422,563,3
82548,834,333,5
82549,363,232,2
82550,835,488,5
82551,543,1416,2
82552,851,1376,2
82553,328,578,2
82554,115,218,3
82555,666,650,5
82556,710,479,5
82557,592,683,1
82558,921,924,3
82559,347,4,4
82560,301,90,3
82561,87,134,4
82562,907,1326,4
82563,917,591,3
82564,49,289,4
82565,790,959,3
82566,453,237,4
82567,757,559,4
82568,454,588,3
82569,846,176,4
82570,276,89,5
82571,655,122,2
82572,569,455,3
82573,673,310,5
82574,870,425,4
82575,767,22,4
82576,801,752,4
82577,747,792,5
82578,323,1073,4
82579,724,338,3
82580,453,1037,1
82581,714,100,1
82582,682,672,2
82583,795,201,4
82584,232,268,4
82585,10,700,4
82586,216,134,4
82587,804,1065,3
82588,655,823,2
82589,738,50,5
82590,914,1406,4
82591,862,650,4
82592,798,210,4
82593,788,241,5
82594,663,895,4
82595,867,132,3
82596,399,328,4
82597,575,357,5
82598,479,471,4
82599,852,235,4
82600,474,28,4
82601,896,53,1
82602,533,684,4
82603,862,186,3
82604,858,333,4
82605,682,159,3
82606,896,760,2
82607,815,258,4
82608,98,659,5
82609,916,55,3
82610,405,640,1
82611,841,306,4
82612,892,121,4
82613,915,345,4
82614,655,775,2
82615,851,912,4
82616,934,212,4
82617,409,603,5
82618,927,422,4
82619,715,1217,2
82620,881,480,4
82621,788,627,4
82622,400,343,4
82623,919,432,4
82624,717,546,3
82625,880,283,3
82626,894,126,3
82627,938,406,3
82628,455,924,3
82629,805,346,4
82630,286,629,5
82631,465,151,3
82632,880,38,3
82633,592,427,5
82634,524,433,5
82635,712,1036,5
82636,796,134,3
82637,91,527,4
82638,664,482,5
82639,503,172,5
82640,593,845,3
82641,805,678,4
82642,474,678,2
82643,234,662,3
82644,458,137,5
82645,684,585,2
82646,829,190,4
82647,548,472,2
82648,883,185,5
82649,848,435,3
82650,844,864,3
82651,116,326,2
82652,297,34,3
82653,413,283,5
82654,930,153,2
82655,259,173,4
82656,404,286,1
82657,174,582,4
82658,379,265,4
82659,514,265,4
82660,766,616,3
82661,897,510,3
82662,774,69,4
82663,638,455,3
82664,864,399,4
82665,907,144,5
82666,887,225,4
82667,864,96,5
82668,487,70,3
82669,919,323,4
82670,902,302,3
82671,847,369,1
82672,677,129,5
82673,726,255,2
82674,468,248,4
82675,640,96,5
82676,655,825,2
82677,667,315,4
82678,608,79,5
82679,405,668,1
82680,405,1535,1
82681,416,269,4
82682,719,185,4
82683,831,284,3
82684,556,427,5
82685,643,215,3
82686,900,602,1
82687,268,435,4
82688,484,684,5
82689,446,289,3
82690,851,754,2
82691,536,86,3
82692,846,139,2
82693,367,565,2
82694,624,302,4
82695,782,538,4
82696,816,342,4
82697,585,557,4
82698,846,391,3
82699,615,215,4
82700,616,245,3
82701,758,129,4
82702,646,294,2
82703,890,589,5
82704,297,479,5
82705,912,443,4
82706,922,427,5
82707,332,552,3
82708,796,23,2
82709,411,89,3
82710,109,476,3
82711,551,155,4
82712,880,148,2
82713,756,143,5
82714,109,831,2
82715,187,1065,4
82716,892,192,5
82717,567,423,2
82718,866,269,3
82719,783,286,3
82720,389,161,2
82721,899,546,2
82722,637,591,3
82723,883,634,3
82724,405,733,1
82725,92,926,3
82726,930,126,5
82727,753,750,2
82728,823,161,3
82729,663,98,5
82730,463,246,4
82731,707,1204,3
82732,896,317,4
82733,626,302,4
82734,727,222,3
82735,393,893,3
82736,521,147,4
82737,872,117,4
82738,450,286,4
82739,405,27,1
82740,435,930,3
82741,401,125,3
82742,48,650,3
82743,437,100,4
82744,880,655,4
82745,405,1266,1
82746,933,135,4
82747,448,1022,5
82748,840,616,5
82749,716,237,5
82750,892,417,3
82751,340,211,3
82752,458,199,4
82753,782,879,3
82754,641,336,3
82755,436,693,5
82756,846,436,4
82757,692,1132,4
82758,860,1047,2
82759,119,196,5
82760,758,475,5
82761,717,313,5
82762,880,70,4
82763,823,294,3
82764,849,197,5
82765,761,117,5
82766,391,652,4
82767,474,427,5
82768,864,800,1
82769,23,603,4
82770,896,425,2
82771,715,273,5
82772,650,271,3
82773,840,118,3
82774,896,371,2
82775,916,202,3
82776,405,725,1
82777,916,1208,2
82778,535,1063,4
82779,882,1,5
82780,806,288,3
82781,659,489,4
82782,593,8,3
82783,776,241,1
82784,779,1,4
82785,590,284,2
82786,1,204,5
82787,655,1445,3
82788,592,423,5
82789,178,881,2
82790,601,82,1
82791,785,748,3
82792,911,193,4
82793,896,426,2
82794,566,22,3
82795,436,469,3
82796,655,318,4
82797,877,553,4
82798,897,436,4
82799,466,4,3
82800,870,378,3
82801,892,68,4
82802,99,98,5
82803,640,81,5
82804,923,455,4
82805,334,130,4
82806,5,233,4
82807,629,425,3
82808,312,189,5
82809,865,501,1
82810,854,762,2
82811,534,685,3
82812,864,197,4
82813,724,1591,1
82814,880,825,4
82815,407,568,2
82816,921,304,2
82817,395,748,3
82818,694,435,4
82819,667,694,4
82820,363,153,3
82821,839,117,5
82822,412,431,4
82823,707,13,4
82824,843,616,3
82825,276,269,4
82826,487,22,5
82827,881,58,3
82828,637,235,1
82829,564,281,3
82830,70,739,2
82831,917,246,4
82832,849,421,5
82833,894,754,4
82834,244,65,4
82835,684,381,2
82836,889,484,4
82837,610,607,5
82838,271,216,5
82839,860,302,4
82840,90,276,4
82841,329,657,3
82842,747,95,3
82843,927,72,5
82844,921,328,5
82845,675,244,3
82846,883,24,4
82847,840,14,5
82848,828,86,3
82849,896,554,2
82850,913,742,3
82851,796,28,3
82852,620,742,5
82853,476,201,4
82854,892,222,4
82855,597,742,4
82856,788,984,3
82857,666,516,5
82858,707,1021,3
82859,715,268,4
82860,92,147,2
82861,788,151,1
82862,825,740,2
82863,311,81,3
82864,880,781,3
82865,616,307,2
82866,818,303,5
82867,864,755,4
82868,829,310,3
82869,617,446,2
82870,263,378,5
82871,896,154,3
82872,682,128,4
82873,802,219,5
82874,405,1545,2
82875,722,310,4
82876,866,900,4
82877,326,648,5
82878,886,201,3
82879,903,129,3
82880,605,135,5
82881,577,823,3
82882,538,182,4
82883,897,88,4
82884,883,257,5
82885,474,143,4
82886,389,482,5
82887,380,234,2
82888,862,59,5
82889,639,694,5
82890,321,133,5
82891,615,1065,4
82892,234,984,2
82893,838,204,4
82894,854,606,4
82895,125,1037,2
82896,429,42,5
82897,327,466,3
82898,843,158,2
82899,621,418,3
82900,630,820,4
82901,934,237,4
82902,943,68,4
82903,642,369,2
82904,267,210,4
82905,460,288,2
82906,773,675,5
82907,500,174,2
82908,330,64,5
82909,913,613,5
82910,764,151,4
82911,863,876,2
82912,671,511,3
82913,382,151,4
82914,727,384,2
82915,788,176,5
82916,178,295,3
82917,935,815,4
82918,747,466,3
82919,345,393,3
82920,345,678,2
82921,843,690,5
82922,843,144,3
82923,911,186,5
82924,541,812,3
82925,940,746,3
82926,871,662,3
82927,863,259,1
82928,933,710,2
82929,403,760,1
82930,465,868,2
82931,755,323,4
82932,883,316,5
82933,774,180,5
82934,538,208,3
82935,39,288,5
82936,927,623,3
82937,606,230,2
82938,716,468,3
82939,868,640,5
82940,916,417,2
82941,21,264,3
82942,940,316,4
82943,796,204,5
82944,880,780,3
82945,535,180,4
82946,548,750,4
82947,864,660,4
82948,882,841,1
82949,689,117,4
82950,758,737,3
82951,468,286,4
82952,374,1194,4
82953,653,199,4
82954,943,1028,2
82955,472,22,5
82956,452,515,4
82957,716,1113,4
82958,222,431,4
82959,892,401,3
82960,724,242,1
82961,802,184,4
82962,891,107,5
82963,815,1299,3
82964,610,516,3
82965,279,388,3
82966,92,631,4
82967,846,955,3
82968,293,176,4
82969,790,1215,1
82970,854,173,4
82971,624,298,4
82972,938,471,3
82973,417,823,2
82974,939,127,5
82975,887,755,5
82976,837,328,4
82977,925,773,1
82978,678,117,4
82979,700,48,4
82980,880,1215,1
82981,846,61,3
82982,815,227,2
82983,205,294,3
82984,201,217,3
82985,320,470,5
82986,903,582,3
82987,823,79,4
82988,653,63,2
82989,900,31,2
82990,707,197,4
82991,863,331,4
82992,593,283,4
82993,870,1230,2
82994,807,298,4
82995,796,339,2
82996,236,595,3
82997,881,8,4
82998,843,440,1
82999,13,362,4
83000,919,237,4
83001,885,523,3
83002,919,715,5
83003,497,774,4
83004,716,435,4
83005,747,604,5
83006,883,732,3
83007,293,237,3
83008,875,603,4
83009,885,225,3
83010,848,661,3
83011,694,427,4
83012,694,482,5
83013,762,332,1
83014,742,294,3
83015,654,596,3
83016,867,203,4
83017,889,686,3
83018,417,151,5
83019,734,465,4
83020,659,506,3
83021,815,9,4
83022,725,881,5
83023,417,537,4
83024,867,31,5
83025,327,121,2
83026,663,328,4
83027,387,367,3
83028,650,357,4
83029,831,237,4
83030,295,232,3
83031,847,125,3
83032,110,1228,3
83033,707,863,4
83034,715,480,5
83035,342,182,5
83036,591,1120,4
83037,256,989,5
83038,504,504,4
83039,631,288,3
83040,782,536,2
83041,611,272,5
83042,860,508,4
83043,796,318,4
83044,760,300,1
83045,627,576,3
83046,749,174,5
83047,657,117,4
83048,13,798,2
83049,896,237,5
83050,812,873,4
83051,922,1110,4
83052,921,66,5
83053,556,302,4
83054,916,76,3
83055,694,205,5
83056,216,47,4
83057,886,48,4
83058,821,111,4
83059,606,255,5
83060,788,649,3
83061,868,1285,2
83062,900,744,2
83063,776,1219,3
83064,391,696,4
83065,758,131,3
83066,868,451,2
83067,660,358,2
83068,588,66,3
83069,897,1051,3
83070,886,268,5
83071,431,332,3
83072,445,56,5
83073,738,258,4
83074,830,554,5
83075,877,88,4
83076,804,597,3
83077,907,1040,5
83078,389,430,5
83079,642,419,4
83080,757,827,3
83081,752,348,4
83082,833,1428,3
83083,927,257,5
83084,679,527,4
83085,606,8,2
83086,881,216,4
83087,634,294,4
83088,363,116,4
83089,152,319,2
83090,892,612,5
83091,705,755,5
83092,721,729,3
83093,347,147,4
83094,716,498,5
83095,707,106,3
83096,892,739,4
83097,551,264,3
83098,450,724,5
83099,885,69,4
83100,933,157,4
83101,697,287,4
83102,717,815,3
83103,752,909,3
83104,530,220,5
83105,870,640,3
83106,901,82,5
83107,828,207,4
83108,427,331,4
83109,870,684,3
83110,352,174,5
83111,807,1078,4
83112,540,405,3
83113,178,133,4
83114,533,227,4
83115,453,272,5
83116,847,1167,5
83117,616,362,3
83118,883,318,4
83119,802,769,5
83120,619,161,4
83121,84,408,5
83122,542,1,4
83123,881,188,4
83124,685,872,2
83125,406,631,5
83126,174,934,4
83127,840,473,5
83128,181,120,1
83129,881,414,5
83130,593,685,3
83131,308,525,5
83132,776,667,2
83133,843,179,4
83134,484,233,5
83135,452,516,3
83136,925,327,3
83137,492,153,4
83138,194,790,1
83139,916,709,3
83140,851,984,3
83141,898,334,3
83142,269,710,1
83143,843,175,4
83144,227,287,4
83145,279,451,1
83146,679,109,3
83147,795,12,4
83148,943,76,4
83149,653,755,2
83150,851,231,4
83151,500,289,4
83152,874,346,3
83153,709,231,3
83154,934,156,3
83155,846,665,4
83156,159,254,3
83157,913,518,4
83158,916,790,2
83159,846,699,3
83160,887,655,1
83161,314,8,4
83162,807,503,3
83163,896,139,2
83164,611,305,4
83165,916,433,3
83166,114,135,4
83167,655,1112,2
83168,846,474,5
83169,276,200,5
83170,76,806,4
83171,342,137,2
83172,747,320,5
83173,761,457,1
83174,144,527,5
83175,342,246,4
83176,936,827,2
83177,486,325,2
83178,600,578,2
83179,694,495,4
83180,536,28,5
83181,616,937,4
83182,867,483,5
83183,471,172,4
83184,907,869,5
83185,536,197,3
83186,774,385,1
83187,934,501,4
83188,942,1204,4
83189,798,254,5
83190,748,209,4
83191,928,1025,5
83192,802,98,4
83193,569,277,2
83194,911,482,4
83195,543,153,3
83196,758,502,4
83197,615,269,4
83198,63,257,3
83199,726,409,3
83200,592,249,4
83201,537,633,3
83202,716,735,5
83203,936,405,2
83204,457,660,5
83205,294,334,4
83206,798,1032,3
83207,918,707,5
83208,680,50,5
83209,890,447,3
83210,379,403,4
83211,881,1089,1
83212,896,204,4
83213,608,690,4
83214,733,1011,4
83215,698,127,4
83216,210,651,4
83217,178,232,5
83218,897,443,5
83219,908,525,4
83220,758,1135,2
83221,916,181,4
83222,572,286,4
83223,486,1016,2
83224,260,307,3
83225,796,514,3
83226,790,70,3
83227,881,1028,3
83228,699,985,3
83229,450,457,2
83230,758,11,3
83231,622,229,2
83232,930,107,3
83233,761,1152,2
83234,804,742,4
83235,655,674,3
83236,269,371,5
83237,903,523,5
83238,479,335,3
83239,648,684,4
83240,650,323,3
83241,551,82,5
83242,698,613,5
83243,385,251,2
83244,892,422,1
83245,567,199,4
83246,924,562,3
83247,896,591,3
83248,688,877,5
83249,73,129,4
83250,930,871,3
83251,892,274,4
83252,916,72,3
83253,763,60,5
83254,833,134,5
83255,776,95,4
83256,919,25,4
83257,670,519,5
83258,913,184,3
83259,378,932,2
83260,711,218,4
83261,658,24,3
83262,436,144,5
83263,916,96,3
83264,864,715,4
83265,943,122,1
83266,741,226,2
83267,492,651,3
83268,930,300,4
83269,871,352,3
83270,246,111,3
83271,765,847,4
83272,454,302,4
83273,852,1,4
83274,327,24,2
83275,186,331,3
83276,840,202,5
83277,918,1137,5
83278,909,261,5
83279,605,1,4
83280,869,276,4
83281,399,1,4
83282,844,432,5
83283,707,1061,3
83284,932,1021,4
83285,650,579,3
83286,363,180,3
83287,932,516,5
83288,766,191,4
83289,28,196,4
83290,655,607,4
83291,123,134,4
83292,82,118,3
83293,892,768,4
83294,184,837,3
83295,99,294,4
83296,826,271,4
83297,374,818,3
83298,834,751,3
83299,442,69,3
83300,583,483,5
83301,757,323,3
83302,894,879,4
83303,632,73,3
83304,833,1210,1
83305,865,1047,1
83306,458,79,5
83307,1,3,4
83308,303,284,4
83309,854,514,4
83310,246,164,3
83311,880,41,1
83312,829,129,4
83313,936,273,3
83314,106,9,4
83315,880,174,4
83316,864,732,4
83317,878,514,4
83318,707,718,5
83319,454,95,2
83320,592,877,2
83321,625,95,3
83322,932,141,4
83323,896,203,5
83324,804,573,3
83325,695,264,1
83326,890,265,2
83327,659,502,4
83328,655,30,5
83329,465,845,4
83330,878,529,5
83331,87,152,4
83332,466,909,5
83333,632,54,3
83334,930,45,4
83335,937,258,4
83336,796,769,4
83337,896,23,2
83338,429,685,3
83339,782,888,3
83340,932,659,5
83341,905,273,3
83342,347,186,5
83343,396,271,4
83344,805,636,4
83345,885,417,3
83346,533,111,4
83347,782,1388,3
83348,269,806,3
83349,381,1060,5
83350,747,286,4
83351,308,824,3
83352,788,186,3
83353,307,109,5
83354,496,416,1
83355,585,275,4
83356,848,170,5
83357,833,192,5
83358,904,781,4
83359,663,521,3
83360,595,979,3
83361,429,173,4
83362,328,237,4
83363,883,289,5
83364,655,295,3
83365,771,286,2
83366,889,13,4
83367,930,175,2
83368,721,301,4
83369,919,832,3
83370,907,1221,5
83371,892,81,3
83372,5,200,2
83373,728,243,2
83374,473,475,5
83375,110,651,4
83376,896,582,2
83377,877,164,5
83378,655,113,3
83379,766,972,3
83380,867,1039,5
83381,554,728,3
83382,878,318,5
83383,294,1,5
83384,653,471,2
83385,934,172,5
83386,650,73,3
83387,553,1194,5
83388,685,333,1
83389,760,237,3
83390,804,520,4
83391,891,742,4
83392,881,187,4
83393,776,670,3
83394,734,724,3
83395,159,1152,4
83396,697,1025,2
83397,862,496,5
83398,721,64,4
83399,922,747,3
83400,886,234,3
83401,827,316,3
83402,815,1157,2
83403,458,338,3
83404,915,315,4
83405,90,60,4
83406,618,487,4
83407,94,338,4
83408,922,294,4
83409,826,265,5
83410,43,580,3
83411,697,126,5
83412,730,535,2
83413,59,946,1
83414,642,245,4
83415,469,607,5
83416,921,380,4
83417,371,66,4
83418,657,744,4
83419,664,228,4
83420,943,485,5
83421,601,260,4
83422,540,1011,4
83423,936,117,4
83424,727,135,2
83425,805,998,4
83426,535,693,3
83427,620,596,2
83428,747,498,5
83429,478,708,3
83430,896,1231,1
83431,646,1176,4
83432,363,256,3
83433,932,188,3
83434,896,85,3
83435,211,117,4
83436,932,196,4
83437,889,562,3
83438,593,49,3
83439,328,327,3
83440,937,408,5
83441,91,474,3
83442,843,561,4
83443,889,87,4
83444,746,597,4
83445,83,151,3
83446,758,746,4
83447,922,22,5
83448,645,955,4
83449,919,222,3
83450,350,603,5
83451,943,756,2
83452,916,636,3
83453,537,950,3
83454,875,56,5
83455,901,91,1
83456,591,66,2
83457,835,234,5
83458,861,740,4
83459,820,333,5
83460,789,591,3
83461,49,789,4
83462,670,222,4
83463,704,98,5
83464,663,300,4
83465,886,127,4
83466,693,186,2
83467,303,631,4
83468,517,748,4
83469,764,25,2
83470,907,689,4
83471,940,168,3
83472,913,69,2
83473,167,86,4
83474,773,730,3
83475,881,412,1
83476,888,274,4
83477,454,327,3
83478,887,9,2
83479,928,266,5
83480,625,654,3
83481,747,479,5
83482,823,89,5
83483,393,1409,4
83484,763,135,5
83485,167,137,5
83486,843,172,3
83487,595,871,2
83488,862,174,5
83489,586,53,5
83490,41,969,4
83491,798,174,4
83492,347,546,4
83493,315,673,4
83494,860,516,3
83495,13,837,4
83496,711,403,4
83497,693,632,5
83498,927,417,4
83499,894,1023,3
83500,931,252,3
83501,707,57,4
83502,506,1063,5
83503,667,487,5
83504,887,125,5
83505,894,295,3
83506,389,274,4
83507,751,332,3
83508,314,144,3
83509,405,372,1
83510,716,650,3
83511,553,50,4
83512,837,284,1
83513,773,93,3
83514,864,118,4
83515,268,456,2
83516,617,611,4
83517,795,716,3
83518,936,1241,4
83519,301,226,5
83520,913,268,2
83521,899,111,4
83522,809,1025,1
83523,446,338,2
83524,535,197,5
83525,632,228,3
83526,654,83,5
83527,49,99,4
83528,442,1074,3
83529,741,367,2
83530,457,294,2
83531,608,59,5
83532,867,51,3
83533,839,100,3
83534,650,206,4
83535,880,1181,3
83536,522,168,5
83537,41,173,4
83538,878,88,4
83539,92,212,4
83540,870,95,4
83541,493,974,3
83542,533,117,5
83543,805,4,2
83544,852,122,1
83545,881,140,2
83546,806,856,5
83547,178,69,5
83548,592,975,4
83549,918,25,4
83550,694,100,4
83551,924,701,4
83552,749,748,3
83553,264,234,4
83554,831,144,5
83555,899,663,4
83556,885,143,4
83557,521,127,4
83558,825,1254,1
83559,624,235,4
83560,92,260,1
83561,714,1014,3
83562,643,55,4
83563,773,7,2
83564,301,288,4
83565,179,271,1
83566,354,292,4
83567,851,92,5
83568,608,288,5
83569,548,291,5
83570,896,468,2
83571,782,877,3
83572,618,723,3
83573,747,582,5
83574,804,982,4
83575,633,97,3
83576,570,358,2
83577,941,257,4
83578,224,544,1
83579,293,1264,3
83580,916,697,4
83581,573,654,4
83582,745,14,3
83583,204,269,4
83584,642,1133,3
83585,805,452,3
83586,416,1152,4
83587,896,234,4
83588,758,181,4
83589,311,436,3
83590,931,909,5
83591,678,1129,1
83592,325,71,3
83593,498,251,3
83594,327,268,4
83595,44,318,5
83596,504,503,4
83597,601,365,3
83598,806,1010,3
83599,655,553,2
83600,416,278,3
83601,259,748,4
83602,852,827,2
83603,82,483,5
83604,790,546,1
83605,887,476,1
83606,752,333,3
83607,393,310,4
83608,826,39,4
83609,670,245,4
83610,904,288,4
83611,653,407,1
83612,937,286,4
83613,919,98,5
83614,234,165,5
83615,738,951,2
83616,224,402,5
83617,267,188,5
83618,896,746,3
83619,936,1190,3
83620,545,142,3
83621,450,259,3
83622,881,209,3
83623,807,142,3
83624,766,518,3
83625,864,174,5
83626,883,463,3
83627,518,240,1
83628,676,326,2
83629,868,843,1
83630,731,28,4
83631,807,102,4
83632,791,306,5
83633,267,135,5
83634,866,344,2
83635,866,347,4
83636,690,993,3
83637,868,426,4
83638,577,318,5
83639,770,294,3
83640,825,291,5
83641,158,514,3
83642,59,116,4
83643,831,479,4
83644,586,241,4
83645,65,66,3
83646,840,215,4
83647,807,1409,4
83648,749,326,4
83649,500,249,3
83650,689,237,3
83651,747,64,5
83652,864,655,4
83653,475,327,4
83654,679,100,3
83655,846,174,5
83656,863,344,4
83657,836,210,4
83658,829,1120,2
83659,521,210,3
83660,683,347,4
83661,780,498,5
83662,484,4,4
83663,921,196,5
83664,779,304,3
83665,934,135,4
83666,102,792,3
83667,846,234,5
83668,847,1400,5
83669,898,539,3
83670,695,328,3
83671,715,549,3
83672,919,245,2
83673,664,237,2
83674,823,101,3
83675,936,325,5
83676,840,204,4
83677,775,245,3
83678,715,31,4
83679,897,323,4
83680,200,934,2
83681,934,65,4
83682,502,328,4
83683,896,11,2
83684,707,185,3
83685,504,505,4
83686,653,69,4
83687,886,544,4
83688,880,200,4
83689,312,1050,5
83690,933,1228,1
83691,648,164,4
83692,790,4,3
83693,128,117,5
83694,670,195,4
83695,831,301,2
83696,716,228,4
83697,804,55,4
83698,940,286,3
83699,709,5,4
83700,932,30,4
83701,643,492,4
83702,648,386,4
83703,7,12,5
83704,916,118,2
83705,301,80,3
83706,547,294,1
83707,450,44,3
83708,21,330,4
83709,891,1040,3
83710,474,485,4
83711,735,331,3
83712,650,132,4
83713,453,202,4
83714,655,304,2
83715,940,294,4
83716,721,162,2
83717,395,21,3
83718,872,300,5
83719,449,106,3
83720,727,1049,1
83721,168,181,4
83722,181,1276,1
83723,109,1135,4
83724,836,690,3
83725,622,24,4
83726,923,264,3
83727,551,765,1
83728,863,1395,4
83729,483,68,1
83730,919,284,3
83731,633,871,3
83732,885,756,2
83733,374,1059,2
83734,881,193,5
83735,863,885,1
83736,291,943,4
83737,864,433,3
83738,334,882,3
83739,663,315,4
83740,719,215,4
83741,476,940,3
83742,593,1014,1
83743,181,107,1
83744,603,50,5
83745,680,137,4
83746,802,879,5
83747,682,895,4
83748,608,168,1
83749,600,566,3
83750,145,827,2
83751,901,378,5
83752,881,64,5
83753,940,69,2
83754,354,45,5
83755,885,625,3
83756,885,1061,2
83757,717,147,4
83758,412,169,4
83759,894,248,4
83760,588,67,1
83761,846,602,4
83762,407,162,4
83763,551,218,5
83764,823,206,4
83765,804,69,4
83766,702,289,2
83767,668,993,4
83768,749,393,5
83769,815,523,4
83770,677,288,5
83771,838,713,4
83772,326,493,5
83773,528,422,2
83774,931,286,5
83775,761,125,4
83776,521,125,3
83777,660,747,4
83778,91,333,5
83779,715,195,4
83780,537,200,3
83781,923,100,5
83782,639,280,3
83783,838,494,4
83784,889,257,4
83785,892,435,4
83786,346,566,5
83787,862,97,4
83788,798,265,5
83789,523,408,5
83790,796,988,3
83791,787,1671,1
83792,514,474,5
83793,387,731,1
83794,943,42,5
83795,504,973,4
83796,610,673,4
83797,21,321,3
83798,712,51,3
83799,601,475,4
83800,894,339,4
83801,504,735,5
83802,807,68,4
83803,406,671,5
83804,389,559,3
83805,847,98,4
83806,752,338,3
83807,297,751,4
83808,283,173,5
83809,770,936,5
83810,798,878,4
83811,905,873,3
83812,64,389,4
83813,526,127,4
83814,885,245,2
83815,829,458,3
83816,698,481,3
83817,927,738,3
83818,543,195,4
83819,504,200,4
83820,709,182,4
83821,922,99,4
83822,554,50,4
83823,880,282,2
83824,234,176,3
83825,870,1,5
83826,112,690,4
83827,724,269,4
83828,426,661,4
83829,893,759,3
83830,518,713,5
83831,109,1210,3
83832,537,689,1
83833,825,9,3
83834,795,746,3
83835,694,605,4
83836,202,96,4
83837,896,709,3
83838,292,472,3
83839,653,823,2
83840,919,895,4
83841,870,258,4
83842,659,191,5
83843,907,286,5
83844,749,71,4
83845,343,425,5
83846,868,946,1
83847,66,9,4
83848,840,1451,5
83849,881,208,3
83850,936,975,3
83851,848,443,5
83852,678,298,3
83853,213,195,5
83854,334,810,3
83855,320,56,5
83856,848,582,4
83857,802,669,1
83858,405,672,1
83859,695,748,1
83860,393,833,4
83861,518,237,4
83862,64,10,5
83863,870,178,4
83864,423,316,4
83865,870,474,4
83866,618,238,1
83867,615,435,5
83868,758,343,2
83869,76,293,4
83870,936,124,4
83871,870,50,3
83872,96,234,4
83873,398,79,4
83874,87,648,5
83875,790,1230,2
83876,62,509,4
83877,82,318,4
83878,916,762,3
83879,341,881,5
83880,556,133,5
83881,244,291,2
83882,710,210,4
83883,815,639,2
83884,18,15,4
83885,655,1176,4
83886,549,282,3
83887,919,740,3
83888,817,455,3
83889,788,572,3
83890,711,154,4
83891,639,193,3
83892,63,137,4
83893,891,274,5
83894,427,881,5
83895,913,317,4
83896,774,121,1
83897,405,35,2
83898,417,576,3
83899,303,7,4
83900,92,1194,4
83901,864,214,2
83902,868,61,5
83903,846,1439,2
83904,152,401,3
83905,881,9,3
83906,458,21,2
83907,486,292,4
83908,363,386,1
83909,11,399,3
83910,25,612,4
83911,445,249,2
83912,92,761,2
83913,907,294,4
83914,711,120,2
83915,467,1059,4
83916,128,507,4
83917,313,225,4
83918,311,739,4
83919,722,286,4
83920,384,258,4
83921,901,795,3
83922,867,652,5
83923,870,273,3
83924,415,684,3
83925,828,751,3
83926,899,258,5
83927,774,451,1
83928,537,960,3
83929,763,280,2
83930,524,514,5
83931,938,255,1
83932,478,178,4
83933,612,7,3
83934,592,286,5
83935,881,849,2
83936,883,648,4
83937,280,241,2
83938,905,294,3
83939,905,100,4
83940,450,722,5
83941,551,184,1
83942,932,613,4
83943,939,118,5
83944,727,43,3
83945,277,1,4
83946,592,269,4
83947,426,659,4
83948,863,329,2
83949,345,684,4
83950,902,246,1
83951,883,313,3
83952,566,135,5
83953,755,328,4
83954,939,298,5
83955,447,22,4
83956,715,761,3
83957,911,548,3
83958,250,276,4
83959,903,52,3
83960,254,163,2
83961,467,181,3
83962,497,33,4
83963,823,234,4
83964,326,196,4
83965,259,286,4
83966,894,236,4
83967,933,789,4
83968,174,87,5
83969,489,359,5
83970,756,95,3
83971,752,1265,3
83972,691,650,5
83973,942,315,4
83974,880,137,4
83975,897,470,4
83976,822,169,4
83977,627,237,4
83978,610,204,1
83979,637,285,3
83980,882,174,5
83981,892,90,2
83982,592,326,4
83983,275,188,2
83984,773,780,4
83985,815,83,4
83986,545,233,4
83987,897,699,4
83988,447,265,4
83989,851,823,3
83990,160,628,3
83991,870,1019,3
83992,916,318,4
83993,707,199,2
83994,276,237,5
83995,833,1019,5
83996,690,1,4
83997,822,751,3
83998,703,591,4
83999,848,88,4
84000,481,191,5
84001,624,1010,4
84002,342,428,5
84003,606,201,4
84004,598,286,5
84005,141,988,3
84006,551,153,3
84007,877,557,4
84008,380,199,3
84009,405,194,1
84010,864,609,3
84011,479,986,1
84012,653,1133,2
84013,881,1133,2
84014,311,511,4
84015,933,239,3
84016,924,196,4
84017,848,514,5
84018,923,685,4
84019,145,235,4
84020,625,855,4
84021,610,378,5
84022,550,1089,3
84023,572,301,4
84024,877,228,4
84025,618,468,3
84026,933,202,2
84027,937,304,4
84028,712,294,4
84029,904,1041,2
84030,896,160,3
84031,794,285,5
84032,930,174,3
84033,280,451,5
84034,881,864,3
84035,870,489,4
84036,562,357,1
84037,896,250,3
84038,94,71,4
84039,174,167,3
84040,684,408,5
84041,890,23,5
84042,899,717,1
84043,198,137,4
84044,936,258,3
84045,887,164,4
84046,655,574,2
84047,823,194,5
84048,870,1008,3
84049,389,553,2
84050,862,515,4
84051,587,916,3
84052,922,168,3
84053,383,286,5
84054,780,216,4
84055,891,100,5
84056,653,546,2
84057,861,26,3
84058,882,95,4
84059,453,144,4
84060,796,762,3
84061,943,318,3
84062,593,974,2
84063,336,949,4
84064,846,52,4
84065,724,302,3
84066,879,294,3
84067,881,185,5
84068,833,455,3
84069,883,1065,5
84070,417,134,4
84071,804,108,3
84072,827,748,4
84073,55,174,4
84074,860,865,4
84075,749,179,4
84076,896,1220,1
84077,756,251,4
84078,882,98,5
84079,639,283,4
84080,762,421,4
84081,615,475,4
84082,139,475,5
84083,660,159,1
84084,504,122,1
84085,829,408,4
84086,854,25,3
84087,846,657,5
84088,514,274,4
84089,566,56,4
84090,224,237,3
84091,836,42,3
84092,786,179,4
84093,751,497,4
84094,878,236,2
84095,524,663,2
84096,774,235,1
84097,776,109,4
84098,766,527,5
84099,450,47,3
84100,276,1199,4
84101,919,276,5
84102,543,324,3
84103,94,367,4
84104,764,864,4
84105,63,283,4
84106,896,651,4
84107,804,529,4
84108,643,603,5
84109,897,1028,4
84110,114,224,3
84111,821,284,3
84112,907,88,5
84113,683,245,2
84114,94,1219,4
84115,938,676,3
84116,301,820,3
84117,756,419,3
84118,500,170,5
84119,916,219,3
84120,116,1244,2
84121,938,127,5
84122,757,254,2
84123,758,292,4
84124,874,357,5
84125,666,974,4
84126,807,89,4
84127,94,233,3
84128,809,340,4
84129,932,650,5
84130,660,428,4
84131,883,211,5
84132,916,173,4
84133,625,479,4
84134,803,261,1
84135,848,431,5
84136,493,881,1
84137,864,188,3
84138,560,271,4
84139,670,474,3
84140,880,56,5
84141,828,896,4
84142,896,705,5
84143,37,472,2
84144,933,238,2
84145,722,130,4
84146,886,128,4
84147,756,30,4
84148,804,50,4
84149,312,169,5
84150,144,962,4
84151,76,919,3
84152,586,679,3
84153,625,200,3
84154,184,509,4
84155,843,181,3
84156,788,289,4
84157,682,76,3
84158,611,886,4
84159,561,701,3
84160,284,877,2
84161,894,300,4
84162,570,268,3
84163,608,611,3
84164,653,686,2
84165,756,501,3
84166,104,310,2
84167,399,54,4
84168,830,751,2
84169,232,744,3
84170,62,116,3
84171,851,302,5
84172,651,515,5
84173,456,150,4
84174,828,303,4
84175,936,269,4
84176,194,604,3
84177,632,69,4
84178,804,154,3
84179,848,462,5
84180,829,257,4
84181,868,506,4
84182,435,778,4
84183,932,494,4
84184,562,511,2
84185,543,462,4
84186,711,71,3
84187,561,739,2
84188,774,232,2
84189,312,836,5
84190,773,1529,5
84191,405,724,1
84192,933,87,4
84193,491,408,5
84194,896,54,2
84195,793,1014,3
84196,629,632,3
84197,790,241,5
84198,650,597,3
84199,798,736,5
84200,681,750,5
84201,442,313,3
84202,804,379,3
84203,504,214,4
84204,931,316,5
84205,608,294,3
84206,680,7,5
84207,303,290,4
84208,882,227,4
84209,916,1098,4
84210,560,302,5
84211,851,22,5
84212,880,423,5
84213,40,346,2
84214,48,302,4
84215,279,87,1
84216,881,1215,1
84217,262,655,4
84218,833,164,2
84219,803,300,3
84220,878,418,3
84221,592,1059,3
84222,813,307,4
84223,846,1206,3
84224,373,471,3
84225,936,248,4
84226,846,203,5
84227,468,955,4
84228,924,31,3
84229,450,616,4
84230,904,553,3
84231,745,923,3
84232,654,302,5
84233,913,9,5
84234,302,333,3
84235,429,121,3
84236,937,847,4
84237,723,89,3
84238,394,77,3
84239,790,269,3
84240,820,324,3
84241,500,423,3
84242,835,176,4
84243,682,158,2
84244,234,503,2
84245,292,789,4
84246,894,293,4
84247,668,302,5
84248,130,681,3
84249,601,100,4
84250,815,629,4
84251,798,63,5
84252,87,194,5
84253,474,630,3
84254,521,421,4
84255,927,1014,3
84256,563,321,5
84257,295,11,4
84258,749,498,4
84259,10,525,5
84260,462,181,4
84261,864,109,5
84262,916,480,4
84263,427,322,3
84264,721,631,5
84265,453,151,3
84266,890,127,5
84267,881,1177,1
84268,870,188,5
84269,764,595,4
84270,796,1163,3
84271,468,432,5
84272,64,172,4
84273,724,1432,1
84274,830,193,5
84275,916,528,3
84276,363,705,2
84277,926,258,4
84278,761,1012,1
84279,497,91,2
84280,916,631,4
84281,880,121,2
84282,782,751,2
84283,908,419,4
84284,927,395,3
84285,883,183,5
84286,796,143,5
84287,169,525,3
84288,497,569,2
84289,749,273,4
84290,429,1074,3
84291,882,1412,3
84292,367,876,3
84293,842,328,2
84294,336,407,1
84295,755,688,3
84296,787,328,3
84297,833,806,4
84298,825,127,3
84299,286,906,5
84300,664,705,4
84301,777,522,5
84302,610,423,4
84303,936,476,4
84304,894,26,4
84305,901,63,5
84306,541,678,5
84307,663,265,4
84308,603,273,1
84309,823,427,4
84310,846,288,4
84311,655,157,3
84312,313,229,3
84313,864,1112,2
84314,313,582,2
84315,893,161,5
84316,940,47,3
84317,864,95,5
84318,864,939,4
84319,173,881,3
84320,680,143,4
84321,938,25,4
84322,268,29,1
84323,943,64,5
84324,819,345,4
84325,276,332,4
84326,768,9,5
84327,536,1030,3
84328,796,849,4
84329,937,255,3
84330,805,1119,3
84331,87,1118,3
84332,184,629,3
84333,389,663,4
84334,456,56,5
84335,716,154,5
84336,864,546,4
84337,529,991,1
84338,937,124,4
84339,484,732,5
84340,463,740,4
84341,869,815,1
84342,823,141,4
84343,527,175,3
84344,877,307,3
84345,361,155,3
84346,344,463,4
84347,715,56,5
84348,497,239,4
84349,749,196,4
84350,833,742,3
84351,680,294,4
84352,805,724,2
84353,840,656,4
84354,689,181,5
84355,312,124,3
84356,902,307,3
84357,313,576,3
84358,423,100,5
84359,682,161,3
84360,796,172,4
84361,870,13,4
84362,328,50,4
84363,891,409,4
84364,880,357,5
84365,930,705,2
84366,601,934,1
84367,93,934,3
84368,725,288,3
84369,828,355,2
84370,698,28,2
84371,773,50,5
84372,531,1316,4
84373,37,226,5
84374,381,520,5
84375,916,715,4
84376,593,468,3
84377,814,444,2
84378,566,168,4
84379,347,237,4
84380,793,628,3
84381,627,79,3
84382,618,418,3
84383,537,1,2
84384,363,1478,1
84385,336,1118,4
84386,749,292,4
84387,525,742,3
84388,745,168,3
84389,907,1284,5
84390,527,23,5
84391,666,696,3
84392,565,207,4
84393,854,260,3
84394,864,993,4
84395,647,82,4
84396,532,761,4
84397,598,748,4
84398,883,269,3
84399,834,15,4
84400,458,276,5
84401,872,405,4
84402,936,259,3
84403,919,307,4
84404,902,228,3
84405,804,554,2
84406,786,208,5
84407,896,1351,2
84408,847,742,3
84409,854,153,4
84410,886,1067,5
84411,125,66,5
84412,902,423,4
84413,708,1054,3
84414,551,219,5
84415,214,896,4
84416,601,1039,4
84417,443,307,3
84418,653,54,3
84419,872,974,4
84420,919,367,4
84421,748,421,4
84422,561,24,3
84423,891,1278,5
84424,312,459,4
84425,450,91,4
84426,535,466,3
84427,655,695,3
84428,881,240,1
84429,792,237,3
84430,863,307,5
84431,297,100,5
84432,470,874,3
84433,653,38,3
84434,851,751,4
84435,615,262,4
84436,892,951,4
84437,806,419,5
84438,30,135,5
84439,407,234,3
84440,686,427,5
84441,564,302,3
84442,927,401,2
84443,863,310,5
84444,824,245,2
84445,654,1014,3
84446,841,689,5
84447,657,340,4
84448,406,1073,3
84449,489,984,5
84450,391,291,3
84451,826,1231,3
84452,778,154,5
84453,868,556,3
84454,804,685,4
84455,883,153,5
84456,792,118,2
84457,405,1488,1
84458,773,809,1
84459,763,527,3
84460,708,112,1
84461,535,919,4
84462,805,8,3
84463,328,810,3
84464,837,222,3
84465,253,200,4
84466,216,1067,5
84467,724,329,4
84468,6,533,4
84469,867,1154,5
84470,694,202,4
84471,845,1234,4
84472,927,227,2
84473,886,799,1
84474,721,1025,3
84475,788,322,4
84476,267,68,4
84477,795,109,3
84478,618,939,2
84479,883,523,5
84480,804,429,4
84481,797,243,2
84482,942,258,4
84483,933,233,2
84484,921,222,5
84485,622,578,4
84486,11,365,3
84487,446,322,3
84488,839,127,5
84489,912,186,3
84490,409,134,5
84491,566,790,3
84492,476,325,1
84493,804,79,4
84494,904,402,4
84495,677,455,5
84496,914,739,2
84497,927,625,3
84498,790,577,2
84499,892,195,5
84500,233,462,5
84501,535,132,5
84502,840,190,5
84503,790,1471,2
84504,757,125,2
84505,727,395,3
84506,919,261,3
84507,601,65,4
84508,886,721,5
84509,590,591,3
84510,880,210,4
84511,777,273,4
84512,847,47,2
84513,751,596,4
84514,921,1016,4
84515,717,289,4
84516,788,43,3
84517,535,268,3
84518,943,284,2
84519,521,257,3
84520,868,646,5
84521,933,195,4
84522,868,142,1
84523,265,294,4
84524,730,340,3
84525,840,23,5
84526,757,64,5
84527,871,310,3
84528,622,175,4
84529,293,223,4
84530,560,546,2
84531,804,307,4
84532,837,16,2
84533,588,584,3
84534,892,210,4
84535,798,482,3
84536,115,302,4
84537,896,742,1
84538,749,495,4
84539,749,1136,4
84540,901,73,5
84541,864,443,4
84542,401,216,4
84543,848,180,2
84544,130,144,5
84545,610,71,4
84546,889,480,5
84547,823,4,5
84548,767,1121,5
84549,660,118,2
84550,938,1047,3
84551,145,269,5
84552,700,202,3
84553,516,474,5
84554,486,405,4
84555,269,747,4
84556,838,1,5
84557,815,91,3
84558,708,276,2
84559,928,288,3
84560,470,222,3
84561,804,434,4
84562,429,1139,2
84563,233,135,4
84564,702,690,1
84565,917,100,4
84566,774,444,1
84567,749,428,3
84568,506,1020,4
84569,902,87,4
84570,661,515,5
84571,716,79,4
84572,596,328,5
84573,650,519,4
84574,864,282,3
84575,830,550,5
84576,797,720,2
84577,514,118,2
84578,624,312,4
84579,276,710,4
84580,653,356,1
84581,487,405,4
84582,406,432,5
84583,933,265,4
84584,368,844,3
84585,840,607,4
84586,709,250,4
84587,349,284,5
84588,104,121,2
84589,629,268,5
84590,405,382,1
84591,558,100,5
84592,899,742,4
84593,851,204,4
84594,362,347,5
84595,640,373,3
84596,406,1170,4
84597,343,258,5
84598,876,174,4
84599,662,268,5
84600,613,530,5
84601,899,566,3
84602,880,97,4
84603,326,507,2
84604,669,515,5
84605,936,995,3
84606,892,516,5
84607,892,155,2
84608,758,79,4
84609,708,281,4
84610,634,547,4
84611,621,276,4
84612,804,328,4
84613,758,1088,3
84614,553,507,3
84615,60,423,4
84616,589,304,5
84617,497,55,3
84618,259,168,5
84619,883,88,4
84620,100,885,2
84621,758,713,3
84622,519,895,4
84623,58,823,1
84624,790,268,4
84625,733,274,3
84626,836,286,3
84627,392,316,5
84628,577,1042,4
84629,804,152,4
84630,712,941,5
84631,175,136,4
84632,312,529,5
84633,624,411,4
84634,716,949,3
84635,916,30,4
84636,246,765,2
84637,535,179,4
84638,889,607,4
84639,569,274,4
84640,466,300,3
84641,717,121,2
84642,406,57,4
84643,710,156,4
84644,629,324,2
84645,711,98,5
84646,933,357,4
84647,643,780,4
84648,916,512,5
84649,633,45,3
84650,758,262,5
84651,533,177,4
84652,932,204,4
84653,846,792,4
84654,653,771,2
84655,595,127,5
84656,806,111,3
84657,567,340,3
84658,406,1109,4
84659,817,876,4
84660,868,434,3
84661,934,225,2
84662,506,447,4
84663,851,328,3
84664,897,28,4
84665,883,61,5
84666,886,176,4
84667,773,286,3
84668,886,212,2
84669,708,930,3
84670,835,509,4
84671,880,366,2
84672,492,462,3
84673,916,192,4
84674,875,963,4
84675,197,50,5
84676,478,71,3
84677,846,785,4
84678,927,95,5
84679,682,1132,3
84680,10,153,4
84681,542,88,3
84682,880,410,4
84683,733,20,5
84684,922,83,4
84685,716,740,4
84686,886,733,4
84687,881,22,5
84688,776,23,4
84689,524,221,4
84690,378,265,4
84691,13,60,4
84692,936,1023,2
84693,640,92,4
84694,270,242,5
84695,887,121,5
84696,901,436,4
84697,795,567,2
84698,52,277,5
84699,864,549,3
84700,679,42,4
84701,393,941,4
84702,880,575,3
84703,5,380,3
84704,94,584,4
84705,468,218,4
84706,804,239,4
84707,94,737,4
84708,818,245,4
84709,731,190,5
84710,562,483,4
84711,766,484,4
84712,606,215,4
84713,941,15,4
84714,805,226,3
84715,21,877,2
84716,796,977,2
84717,655,1018,3
84718,567,427,3
84719,294,872,4
84720,804,72,4
84721,823,1070,4
84722,882,510,5
84723,327,33,3
84724,931,297,4
84725,393,250,4
84726,878,796,2
84727,779,596,4
84728,848,485,5
84729,234,1120,3
84730,825,628,4
84731,660,235,3
84732,735,123,3
84733,831,210,5
84734,380,86,4
84735,766,23,4
84736,72,237,3
84737,210,28,4
84738,906,823,3
84739,456,588,3
84740,896,181,5
84741,197,576,4
84742,934,435,4
84743,851,159,3
84744,303,33,4
84745,107,1243,3
84746,795,425,3
84747,829,125,3
84748,639,423,2
84749,796,227,4
84750,412,1,4
84751,883,712,3
84752,932,432,4
84753,755,340,1
84754,632,100,3
84755,673,326,4
84756,727,94,4
84757,406,372,4
84758,798,418,4
84759,592,527,5
84760,897,239,2
84761,756,919,5
84762,429,498,5
84763,599,284,4
84764,381,118,1
84765,671,123,5
84766,463,892,2
84767,92,369,3
84768,710,92,3
84769,572,924,1
84770,829,276,4
84771,796,15,4
84772,363,127,4
84773,660,675,3
84774,58,191,5
84775,601,382,4
84776,851,127,5
84777,866,882,2
84778,883,39,4
84779,326,429,5
84780,727,226,3
84781,889,1153,4
84782,624,340,3
84783,189,489,5
84784,622,739,2
84785,825,930,5
84786,315,475,4
84787,5,105,3
84788,838,945,4
84789,614,235,5
84790,602,508,3
84791,804,2,4
84792,110,31,3
84793,1,207,5
84794,922,447,1
84795,901,866,3
84796,579,327,3
84797,413,276,4
84798,886,423,3
84799,712,40,5
84800,38,451,5
84801,758,199,4
84802,57,168,3
84803,214,209,5
84804,932,495,5
84805,925,876,3
84806,64,919,4
84807,405,792,5
84808,627,245,4
84809,769,597,2
84810,170,300,5
84811,530,607,5
84812,835,28,4
84813,932,1126,5
84814,804,1025,4
84815,901,216,4
84816,919,332,4
84817,42,2,5
84818,144,198,4
84819,929,435,3
84820,904,181,3
84821,429,293,4
84822,788,89,5
84823,728,471,4
84824,731,1086,1
84825,716,633,4
84826,734,288,4
84827,856,294,4
84828,666,443,4
84829,936,20,5
84830,851,1143,5
84831,838,82,4
84832,930,238,4
84833,919,283,4
84834,682,468,5
84835,655,699,2
84836,707,476,3
84837,389,684,4
84838,904,237,5
84839,854,507,4
84840,717,285,5
84841,906,1009,2
84842,588,22,5
84843,782,1611,3
84844,668,69,1
84845,872,591,3
84846,758,230,4
84847,532,298,4
84848,934,818,1
84849,617,668,4
84850,872,151,2
84851,801,332,5
84852,87,685,3
84853,943,182,5
84854,497,413,3
84855,614,7,2
84856,87,372,3
84857,504,676,4
84858,387,655,3
84859,495,210,5
84860,805,433,4
84861,606,38,4
84862,892,79,5
84863,871,1386,3
84864,934,427,4
84865,710,56,5
84866,868,64,5
84867,709,69,5
84868,391,209,5
84869,806,131,4
84870,679,83,5
84871,727,982,4
84872,830,294,3
84873,864,542,4
84874,806,455,3
84875,922,660,3
84876,267,161,4
84877,916,216,4
84878,880,468,3
84879,253,751,3
84880,495,582,4
84881,165,432,5
84882,650,670,3
84883,815,625,4
84884,283,732,4
84885,665,92,4
84886,837,278,3
84887,906,129,4
84888,747,235,5
84889,151,143,5
84890,796,200,5
84891,916,234,4
84892,389,686,3
84893,445,343,1
84894,850,69,5
84895,393,577,4
84896,933,160,3
84897,743,259,3
84898,89,25,5
84899,896,127,5
84900,906,270,4
84901,887,588,4
84902,640,226,5
84903,303,577,3
84904,766,436,4
84905,899,470,4
84906,566,508,4
84907,99,544,4
84908,903,1048,4
84909,766,659,3
84910,135,38,3
84911,699,333,3
84912,532,2,5
84913,206,1433,1
84914,921,526,4
84915,109,56,5
84916,399,139,3
84917,806,175,5
84918,566,172,3
84919,500,462,4
84920,764,278,4
84921,804,671,3
84922,18,50,4
84923,537,311,3
84924,691,748,4
84925,650,211,4
84926,899,1101,5
84927,796,126,3
84928,889,231,3
84929,279,1250,1
84930,606,82,5
84931,916,1042,3
84932,561,117,3
84933,735,13,4
84934,862,282,5
84935,788,423,5
84936,892,2,4
84937,832,243,2
84938,354,512,3
84939,758,222,4
84940,342,476,4
84941,592,140,3
84942,901,243,2
84943,194,570,3
84944,792,762,4
84945,927,403,4
84946,918,1265,1
84947,795,739,1
84948,805,1149,4
84949,905,319,2
84950,621,299,1
84951,749,678,2
84952,648,809,3
84953,604,98,2
84954,933,1110,3
84955,848,109,4
84956,37,568,3
84957,407,175,4
84958,651,301,3
84959,567,654,5
84960,498,479,3
84961,880,1496,4
84962,643,1221,3
84963,751,101,4
84964,916,511,5
84965,889,436,3
84966,181,1281,1
84967,363,17,4
84968,883,477,5
84969,913,483,3
84970,682,365,3
84971,924,480,3
84972,21,991,2
84973,415,174,5
84974,653,692,2
84975,705,96,5
84976,890,286,5
84977,691,304,3
84978,882,185,5
84979,442,77,3
84980,189,14,5
84981,854,512,3
84982,711,214,4
84983,890,167,2
84984,178,203,4
84985,938,762,4
84986,764,202,4
84987,32,50,4
84988,934,132,4
84989,916,735,4
84990,76,1159,3
84991,332,685,4
84992,942,234,4
84993,783,292,4
84994,878,855,3
84995,930,113,5
84996,805,271,3
84997,934,4,5
84998,429,180,5
84999,939,742,5
85000,833,271,5
85001,497,739,4
85002,924,2,3
85003,627,188,4
85004,889,23,3
85005,508,163,3
85006,656,312,1
85007,807,523,3
85008,739,168,1
85009,901,235,3
85010,292,228,5
85011,835,486,4
85012,551,228,5
85013,577,133,4
85014,660,175,3
85015,622,4,4
85016,253,4,4
85017,594,292,3
85018,425,89,4
85019,618,87,3
85020,871,1072,3
85021,64,356,3
85022,679,432,4
85023,224,107,3
85024,313,497,4
85025,603,89,5
85026,437,8,4
85027,943,218,4
85028,707,739,2
85029,436,869,4
85030,661,185,5
85031,851,298,5
85032,405,1464,1
85033,540,343,4
85034,922,195,3
85035,303,562,4
85036,402,15,5
85037,918,175,3
85038,6,216,5
85039,907,1163,4
85040,536,87,3
85041,733,151,4
85042,823,418,4
85043,436,986,3
85044,655,132,3
85045,421,423,2
85046,642,609,3
85047,590,111,3
85048,846,41,3
85049,566,50,2
85050,606,273,4
85051,788,810,3
85052,232,475,5
85053,821,125,4
85054,837,9,3
85055,923,222,4
85056,330,966,5
85057,524,792,4
85058,840,493,5
85059,479,151,4
85060,296,153,4
85061,846,561,3
85062,727,238,2
85063,864,684,4
85064,896,4,3
85065,933,230,3
85066,890,195,5
85067,886,29,1
85068,406,56,5
85069,330,209,3
85070,533,498,4
85071,794,473,4
85072,778,143,1
85073,752,269,5
85074,717,7,4
85075,457,69,5
85076,889,182,4
85077,741,451,3
85078,721,282,4
85079,450,699,4
85080,864,85,2
85081,889,250,4
85082,420,493,3
85083,825,121,5
85084,399,1207,3
85085,392,326,2
85086,653,1,4
85087,790,79,4
85088,373,1444,3
85089,936,1008,5
85090,393,684,4
85091,177,98,5
85092,864,805,4
85093,38,185,2
85094,916,73,3
85095,653,100,4
85096,328,72,3
85097,807,132,4
85098,551,1303,1
85099,394,546,4
85100,848,405,5
85101,435,249,4
85102,466,195,4
85103,889,627,2
85104,661,228,5
85105,932,509,3
85106,920,310,4
85107,882,203,4
85108,936,1163,5
85109,899,732,3
85110,768,245,2
85111,846,527,5
85112,567,190,4
85113,932,14,4
85114,429,1133,2
85115,633,423,4
85116,873,328,4
85117,668,13,4
85118,28,588,3
85119,20,22,5
85120,654,24,4
85121,927,588,5
85122,486,25,4
85123,786,97,4
85124,807,373,4
85125,864,1044,3
85126,851,262,4
85127,822,101,2
85128,654,14,2
85129,349,985,3
85130,871,187,5
85131,327,433,4
85132,655,435,2
85133,815,79,4
85134,545,218,4
85135,897,433,4
85136,881,1033,1
85137,640,150,4
85138,254,143,4
85139,897,173,3
85140,903,4,4
85141,655,316,4
85142,932,133,4
85143,798,112,3
85144,514,188,5
85145,746,506,3
85146,715,944,2
85147,593,478,5
85148,640,209,5
85149,920,299,2
85150,796,578,4
85151,707,707,5
85152,633,82,4
85153,748,192,3
85154,825,405,5
85155,635,358,1
85156,648,663,1
85157,930,265,3
85158,321,430,3
85159,128,28,5
85160,428,242,4
85161,896,578,2
85162,896,455,2
85163,593,285,2
85164,586,410,3
85165,893,928,3
85166,697,326,4
85167,490,952,2
85168,345,58,4
85169,825,685,4
85170,592,654,5
85171,623,451,4
85172,747,1021,5
85173,659,82,4
85174,472,214,4
85175,934,173,3
85176,409,876,2
85177,707,770,3
85178,234,162,3
85179,506,231,3
85180,682,49,3
85181,804,449,3
85182,810,876,3
85183,910,273,3
85184,393,790,4
85185,457,695,3
85186,24,7,4
85187,201,806,3
85188,922,82,3
85189,222,245,3
85190,882,216,4
85191,213,42,5
85192,870,513,4
85193,749,1188,3
85194,221,550,4
85195,702,895,1
85196,719,274,3
85197,336,273,5
85198,77,636,2
85199,627,53,4
85200,913,7,5
85201,292,193,4
85202,875,418,4
85203,358,258,4
85204,168,845,4
85205,836,163,5
85206,890,385,4
85207,901,393,5
85208,494,238,5
85209,626,336,1
85210,619,33,3
85211,914,313,3
85212,906,471,3
85213,867,1065,5
85214,916,256,3
85215,864,470,4
85216,798,568,4
85217,436,507,4
85218,854,825,3
85219,896,148,2
85220,671,62,5
85221,717,887,5
85222,753,98,5
85223,913,57,4
85224,798,73,4
85225,721,335,3
85226,560,1019,4
85227,896,9,4
85228,844,294,2
85229,279,854,1
85230,833,226,3
85231,303,390,3
85232,312,601,5
85233,870,58,5
85234,56,193,5
85235,847,262,5
85236,919,31,3
85237,916,685,2
85238,711,88,5
85239,840,1639,4
85240,484,121,4
85241,851,925,3
85242,521,195,4
85243,21,408,5
85244,506,521,5
85245,847,317,3
85246,784,334,3
85247,151,124,5
85248,893,976,1
85249,815,226,3
85250,932,519,4
85251,878,276,3
85252,679,568,2
85253,804,647,5
85254,697,324,5
85255,648,435,5
85256,903,461,3
85257,694,661,5
85258,497,63,3
85259,669,357,4
85260,650,628,3
85261,931,459,4
85262,587,328,1
85263,833,840,2
85264,659,611,4
85265,454,606,2
85266,934,492,4
85267,458,116,4
85268,394,168,5
85269,851,690,4
85270,907,462,4
85271,537,482,4
85272,650,604,3
85273,655,507,4
85274,422,339,2
85275,398,111,3
85276,664,95,4
85277,711,186,3
85278,928,165,5
85279,886,709,3
85280,450,601,3
85281,821,484,5
85282,450,186,3
85283,295,143,4
85284,887,257,5
85285,566,260,2
85286,805,768,2
85287,715,249,4
85288,514,177,3
85289,332,1210,3
85290,823,238,5
85291,576,471,4
85292,321,526,3
85293,541,83,5
85294,747,664,2
85295,144,411,4
85296,757,227,4
85297,259,928,4
85298,646,877,3
85299,854,58,3
85300,440,258,4
85301,453,229,2
85302,869,476,1
85303,311,939,2
85304,933,388,1
85305,454,504,2
85306,560,201,3
85307,87,1186,3
85308,372,7,3
85309,893,1012,3
85310,524,6,5
85311,823,631,4
85312,308,259,3
85313,548,539,2
85314,868,432,2
85315,808,340,5
85316,796,1055,3
85317,892,1035,3
85318,830,174,5
85319,664,306,4
85320,661,164,4
85321,774,150,1
85322,815,686,5
85323,303,63,1
85324,878,215,2
85325,766,429,4
85326,922,181,5
85327,586,44,3
85328,796,71,4
85329,865,412,1
85330,354,714,4
85331,372,234,5
85332,910,56,4
85333,13,825,1
85334,450,603,5
85335,847,1,3
85336,764,273,3
85337,487,210,4
85338,339,654,5
85339,798,125,3
85340,805,428,5
85341,936,274,3
85342,457,423,5
85343,488,193,3
85344,919,313,5
85345,254,241,4
85346,504,454,5
85347,939,255,5
85348,670,96,5
85349,897,483,3
85350,645,185,5
85351,826,779,3
85352,833,433,3
85353,194,136,5
85354,934,13,5
85355,530,237,4
85356,823,58,5
85357,394,118,4
85358,648,228,5
85359,881,575,2
85360,930,235,2
85361,887,243,1
85362,801,245,3
85363,712,142,4
85364,927,143,3
85365,567,507,5
85366,934,414,5
85367,279,1034,4
85368,230,423,5
85369,682,775,1
85370,645,50,4
85371,790,570,2
85372,279,428,1
85373,279,429,4
85374,581,844,5
85375,576,678,3
85376,848,739,5
85377,1,244,2
85378,936,696,2
85379,939,266,2
85380,815,230,5
85381,737,171,4
85382,478,780,3
85383,660,8,2
85384,590,476,3
85385,130,17,5
85386,727,627,3
85387,943,79,5
85388,498,100,3
85389,925,788,3
85390,936,678,3
85391,474,1124,4
85392,151,301,4
85393,655,191,4
85394,543,82,4
85395,457,47,4
85396,645,653,5
85397,197,802,4
85398,922,739,3
85399,479,235,3
85400,890,667,2
85401,758,362,5
85402,222,790,1
85403,821,471,4
85404,768,127,5
85405,918,154,2
85406,782,257,3
85407,497,417,2
85408,883,56,5
85409,92,1037,2
85410,842,752,4
85411,815,613,5
85412,927,1035,4
85413,588,552,1
85414,753,64,4
85415,365,108,2
85416,805,642,4
85417,393,625,4
85418,810,328,5
85419,862,655,5
85420,382,235,5
85421,833,150,3
85422,435,412,3
85423,848,520,5
85424,796,633,5
85425,879,181,4
85426,880,1277,4
85427,555,47,2
85428,916,581,4
85429,584,228,5
85430,890,501,4
85431,858,678,1
85432,82,603,5
85433,495,662,5
85434,625,300,3
85435,299,503,4
85436,846,506,3
85437,428,245,5
85438,347,627,4
85439,698,195,4
85440,880,250,3
85441,303,155,3
85442,288,210,3
85443,835,591,4
85444,280,403,3
85445,659,214,3
85446,562,1126,4
85447,804,655,4
85448,896,527,4
85449,838,175,3
85450,881,95,4
85451,660,210,4
85452,902,479,4
85453,813,266,2
85454,833,217,2
85455,933,181,2
85456,881,521,4
85457,94,248,4
85458,575,318,5
85459,634,950,5
85460,486,458,3
85461,630,22,3
85462,787,362,3
85463,83,479,5
85464,747,70,4
85465,68,926,1
85466,746,455,4
85467,868,709,4
85468,883,347,4
85469,796,48,3
85470,7,421,3
85471,828,179,4
85472,608,736,4
85473,221,737,4
85474,752,750,2
85475,562,323,2
85476,453,55,4
85477,916,290,3
85478,293,284,2
85479,624,3,3
85480,92,149,3
85481,825,100,4
85482,856,286,4
85483,943,508,5
85484,727,568,3
85485,853,270,4
85486,705,257,4
85487,537,1420,1
85488,938,756,3
85489,903,61,4
85490,854,98,4
85491,632,685,2
85492,897,526,5
85493,537,204,3
85494,762,286,4
85495,188,259,3
85496,223,1234,3
85497,566,685,3
85498,59,658,4
85499,606,833,5
85500,472,105,3
85501,932,429,5
85502,939,1028,5
85503,552,258,4
85504,339,92,4
85505,311,578,2
85506,548,597,4
85507,934,792,3
85508,629,153,5
85509,865,588,2
85510,716,495,4
85511,830,427,5
85512,854,297,4
85513,833,181,2
85514,658,69,4
85515,708,336,2
85516,524,676,3
85517,568,1137,4
85518,234,385,2
85519,16,135,4
85520,436,143,2
85521,647,1016,4
85522,796,779,3
85523,659,447,3
85524,454,604,3
85525,916,164,4
85526,825,148,4
85527,795,402,2
85528,509,690,3
85529,617,74,5
85530,521,203,3
85531,296,898,4
85532,234,144,3
85533,648,475,1
85534,931,137,3
85535,886,159,2
85536,639,215,1
85537,747,433,3
85538,779,111,4
85539,627,82,4
85540,871,262,3
85541,20,50,3
85542,876,604,5
85543,757,17,3
85544,535,32,3
85545,733,148,3
85546,774,778,5
85547,870,70,4
85548,30,780,4
85549,64,435,4
85550,588,159,1
85551,743,258,5
85552,897,406,3
85553,867,603,5
85554,233,180,5
85555,64,241,3
85556,696,327,4
85557,1,19,5
85558,38,673,5
85559,201,1355,1
85560,765,170,5
85561,853,304,4
85562,667,475,5
85563,896,265,4
85564,690,232,4
85565,774,548,1
85566,663,676,3
85567,716,630,4
85568,916,755,2
85569,371,176,4
85570,608,421,5
85571,666,124,3
85572,514,137,3
85573,506,333,4
85574,846,1297,3
85575,746,265,4
85576,655,1010,3
85577,154,475,4
85578,270,563,3
85579,804,32,3
85580,763,137,4
85581,458,275,5
85582,880,1058,2
85583,936,125,4
85584,913,200,5
85585,716,515,5
85586,159,118,4
85587,928,487,5
85588,927,420,5
85589,62,76,4
85590,271,428,4
85591,815,233,3
85592,363,372,4
85593,548,250,5
85594,712,178,2
85595,749,240,1
85596,880,1036,2
85597,913,235,1
85598,244,924,4
85599,535,608,4
85600,763,194,5
85601,843,504,2
85602,855,855,4
85603,534,288,4
85604,597,990,2
85605,782,181,3
85606,2,286,4
85607,842,306,4
85608,627,566,3
85609,407,737,4
85610,666,23,4
85611,343,222,4
85612,840,603,5
85613,790,739,4
85614,276,1052,2
85615,786,281,4
85616,571,69,2
85617,873,342,4
85618,95,52,4
85619,328,447,2
85620,472,825,5
85621,459,186,4
85622,892,8,5
85623,901,435,5
85624,894,171,3
85625,258,326,5
85626,577,50,4
85627,716,300,5
85628,878,14,5
85629,621,184,3
85630,56,393,4
85631,727,402,3
85632,899,174,5
85633,378,313,5
85634,276,1019,5
85635,733,544,1
85636,749,1013,1
85637,785,69,4
85638,932,38,2
85639,611,354,3
85640,682,23,4
85641,548,431,5
85642,873,339,3
85643,831,742,3
85644,887,596,5
85645,562,514,1
85646,20,243,4
85647,815,97,5
85648,653,183,3
85649,335,340,5
85650,827,289,3
85651,748,7,4
85652,833,163,3
85653,883,113,4
85654,650,1419,3
85655,880,85,3
85656,897,79,5
85657,18,142,4
85658,651,995,1
85659,467,222,3
85660,863,909,3
85661,256,449,3
85662,782,304,4
85663,922,579,3
85664,648,692,4
85665,424,840,4
85666,497,805,3
85667,398,655,4
85668,790,135,3
85669,722,25,4
85670,399,561,2
85671,861,242,5
85672,886,69,2
85673,939,756,5
85674,892,56,4
85675,919,238,3
85676,654,237,4
85677,880,150,4
85678,478,150,4
85679,727,815,3
85680,883,208,4
85681,673,895,3
85682,378,287,2
85683,655,502,4
85684,933,654,4
85685,831,327,2
85686,94,412,2
85687,280,452,2
85688,757,250,4
85689,642,91,4
85690,46,286,5
85691,250,588,5
85692,804,252,4
85693,343,116,5
85694,886,1010,5
85695,923,280,3
85696,795,191,4
85697,880,231,2
85698,425,161,3
85699,494,323,3
85700,699,546,3
85701,781,294,1
85702,447,211,4
85703,883,96,4
85704,832,264,3
85705,894,32,4
85706,605,508,5
85707,526,181,4
85708,929,195,4
85709,876,527,5
85710,508,228,5
85711,940,692,4
85712,437,249,5
85713,537,494,4
85714,35,321,3
85715,835,132,5
85716,916,559,3
85717,385,240,4
85718,916,767,4
85719,536,993,3
85720,848,238,4
85721,931,685,4
85722,620,432,4
85723,550,15,5
85724,476,959,3
85725,655,1082,3
85726,3,353,1
85727,119,727,5
85728,903,198,4
85729,843,1135,3
85730,634,410,4
85731,484,14,4
85732,847,417,2
85733,807,144,4
85734,863,292,2
85735,301,299,3
85736,119,172,4
85737,513,435,5
85738,160,832,1
85739,840,503,4
85740,925,260,3
85741,184,480,4
85742,699,270,4
85743,664,157,3
85744,405,181,5
85745,747,1170,2
85746,406,425,3
85747,764,222,4
85748,285,286,3
85749,527,582,2
85750,805,1118,5
85751,823,181,4
85752,804,1244,2
85753,937,326,1
85754,751,916,1
85755,851,327,4
85756,546,343,3
85757,913,227,1
85758,825,195,5
85759,586,356,4
85760,407,85,4
85761,655,793,3
85762,437,420,3
85763,919,126,4
85764,825,620,3
85765,579,268,3
85766,897,208,5
85767,698,187,2
85768,622,9,4
85769,394,418,4
85770,943,187,5
85771,897,168,3
85772,478,1041,3
85773,38,433,5
85774,592,815,3
85775,846,550,4
85776,42,658,2
85777,916,919,5
85778,846,448,5
85779,395,300,3
85780,393,541,3
85781,694,133,5
85782,81,79,5
85783,542,432,5
85784,158,83,5
85785,279,27,5
85786,372,273,5
85787,888,631,4
85788,794,224,4
85789,394,403,4
85790,836,289,1
85791,694,530,5
85792,683,288,3
85793,321,659,4
85794,149,311,3
85795,14,382,5
85796,49,200,3
85797,416,345,5
85798,846,1078,2
85799,832,895,2
85800,768,763,2
85801,643,716,3
85802,806,128,3
85803,942,528,5
85804,453,1303,2
85805,603,227,3
85806,435,658,3
85807,863,304,3
85808,119,287,4
85809,805,411,2
85810,843,216,2
85811,416,173,5
85812,537,506,3
85813,802,259,2
85814,911,134,4
85815,560,58,3
85816,629,42,2
85817,850,659,4
85818,896,379,2
85819,829,86,4
85820,523,202,4
85821,125,289,5
85822,942,659,5
85823,763,12,5
85824,406,9,5
85825,880,976,2
85826,727,108,3
85827,506,641,5
85828,886,9,5
85829,588,697,5
85830,892,357,5
85831,458,194,2
85832,823,174,5
85833,901,194,5
85834,747,199,4
85835,572,100,3
85836,600,1004,4
85837,595,1010,4
85838,393,720,3
85839,864,651,5
85840,577,763,3
85841,870,793,5
85842,566,78,1
85843,807,428,4
85844,933,392,3
85845,671,11,4
85846,497,795,1
85847,868,24,2
85848,756,225,1
85849,864,28,5
85850,829,410,3
85851,854,258,4
85852,907,117,5
85853,833,526,4
85854,184,676,4
85855,659,512,3
85856,498,268,2
85857,919,989,2
85858,589,751,4
85859,377,678,2
85860,846,425,5
85861,655,1578,3
85862,936,286,5
85863,892,465,4
85864,59,608,4
85865,757,143,3
85866,697,339,2
85867,661,86,4
85868,450,61,4
85869,872,845,3
85870,496,68,4
85871,299,211,4
85872,201,697,4
85873,751,865,2
85874,455,52,3
85875,919,116,3
85876,869,275,4
85877,807,205,3
85878,887,109,5
85879,554,717,3
85880,59,90,2
85881,361,121,2
85882,731,694,5
85883,479,143,1
85884,846,200,4
85885,927,815,3
85886,58,56,5
85887,405,435,1
85888,741,732,4
85889,542,401,3
85890,389,418,4
85891,682,752,4
85892,342,9,5
85893,932,654,5
85894,546,219,5
85895,897,530,3
85896,807,422,4
85897,868,193,2
85898,878,174,3
85899,569,118,4
85900,932,479,5
85901,303,419,4
85902,917,756,4
85903,92,841,3
85904,897,135,3
85905,712,510,2
85906,350,190,4
85907,830,173,4
85908,537,708,3
85909,804,632,3
85910,397,484,5
85911,795,202,3
85912,442,92,5
85913,749,22,5
85914,734,483,4
85915,565,86,5
85916,710,179,4
85917,701,326,4
85918,516,357,3
85919,864,203,5
85920,911,584,3
85921,892,136,4
85922,682,625,3
85923,840,22,3
85924,414,11,5
85925,934,614,3
85926,514,100,4
85927,654,508,1
85928,632,550,2
85929,768,682,3
85930,886,328,3
85931,727,186,5
85932,918,216,2
85933,712,42,1
85934,201,1,3
85935,392,11,4
85936,552,628,3
85937,315,466,1
85938,745,20,1
85939,922,455,4
85940,904,709,3
85941,222,472,2
85942,535,848,3
85943,476,433,4
85944,664,414,5
85945,711,941,3
85946,145,234,5
85947,915,346,2
85948,903,655,5
85949,846,489,4
85950,158,298,3
85951,896,188,3
85952,883,504,5
85953,764,371,3
85954,398,633,4
85955,486,50,5
85956,28,529,4
85957,340,969,5
85958,545,67,1
85959,934,661,4
85960,517,1177,5
85961,930,117,3
85962,869,1132,1
85963,328,316,5
85964,715,97,3
85965,381,268,4
85966,843,650,3
85967,847,663,2
85968,586,423,2
85969,484,87,5
85970,766,663,5
85971,634,744,5
85972,276,373,2
85973,878,921,4
85974,551,520,4
85975,870,286,4
85976,587,322,3
85977,881,1066,3
85978,892,663,5
85979,49,283,3
85980,848,183,3
85981,862,472,5
85982,403,476,4
85983,774,101,2
85984,704,432,5
85985,479,470,5
85986,747,1427,2
85987,231,15,4
85988,782,313,5
85989,806,29,4
85990,177,156,5
85991,666,294,3
85992,563,301,4
85993,59,73,4
85994,416,620,4
85995,833,200,4
85996,899,515,3
85997,336,85,3
85998,389,722,2
85999,932,67,2
86000,856,307,4
86001,450,11,5
86002,922,433,4
86003,919,129,5
86004,714,281,3
86005,882,208,5
86006,173,258,4
86007,828,752,1
86008,537,972,3
86009,301,41,3
86010,234,615,5
86011,862,81,5
86012,869,237,4
86013,805,928,3
86014,779,879,3
86015,899,455,3
86016,524,528,4
86017,18,187,5
86018,234,304,3
86019,582,742,3
86020,500,557,3
86021,847,210,3
86022,842,324,4
86023,915,347,5
86024,537,378,2
86025,870,53,2
86026,890,357,5
86027,429,357,5
86028,934,755,4
86029,848,973,5
86030,234,635,2
86031,875,187,4
86032,815,114,5
86033,758,62,2
86034,159,1012,5
86035,919,20,1
86036,466,260,4
86037,416,597,3
86038,798,432,4
86039,881,1480,2
86040,827,300,3
86041,861,292,4
86042,343,466,4
86043,734,485,5
86044,796,693,3
86045,592,182,5
86046,102,2,2
86047,472,402,5
86048,886,33,4
86049,474,431,4
86050,806,879,3
86051,303,412,3
86052,789,150,5
86053,878,285,5
86054,727,230,3
86055,826,29,3
86056,13,899,1
86057,876,511,5
86058,805,273,2
86059,545,1028,4
86060,823,426,4
86061,838,60,4
86062,881,756,4
86063,938,328,2
86064,269,167,1
86065,815,521,4
86066,659,517,5
86067,825,823,4
86068,932,173,3
86069,655,1042,2
86070,882,429,4
86071,774,508,3
86072,595,676,2
86073,734,202,5
86074,392,269,5
86075,899,827,2
86076,897,974,4
86077,903,188,5
86078,645,182,5
86079,524,1540,2
86080,805,890,3
86081,708,405,4
86082,764,2,3
86083,752,887,1
86084,897,528,3
86085,885,117,4
86086,903,871,3
86087,749,328,4
86088,648,186,5
86089,671,66,5
86090,820,328,2
86091,886,100,4
86092,796,31,4
86093,854,269,4
86094,606,1,5
86095,452,527,3
86096,452,825,5
86097,851,333,5
86098,435,288,4
86099,379,1035,3
86100,894,7,4
86101,731,655,5
86102,922,250,2
86103,913,19,5
86104,505,121,4
86105,887,559,4
86106,764,693,3
86107,881,23,4
86108,766,193,3
86109,896,800,3
86110,276,696,2
86111,542,435,4
86112,756,228,3
86113,875,213,4
86114,284,334,3
86115,936,272,4
86116,887,7,4
86117,786,210,4
86118,750,886,3
86119,805,950,3
86120,934,254,4
86121,292,331,5
86122,152,568,5
86123,608,268,4
86124,600,391,3
86125,378,561,3
86126,389,155,2
86127,916,24,2
86128,620,931,3
86129,622,88,3
86130,758,236,4
86131,921,97,2
86132,627,530,3
86133,834,276,5
86134,881,1411,2
86135,851,681,1
86136,896,33,2
86137,937,864,3
86138,250,323,2
86139,365,319,4
86140,753,313,5
86141,537,430,3
86142,546,109,5
86143,691,182,5
86144,887,118,5
86145,886,168,4
86146,770,240,2
86147,643,147,3
86148,308,480,4
86149,538,273,3
86150,678,222,3
86151,848,186,5
86152,734,605,4
86153,869,287,2
86154,883,1656,5
86155,592,24,4
86156,266,289,3
86157,764,819,3
86158,710,64,4
86159,717,628,5
86160,537,471,3
86161,102,174,4
86162,534,985,4
86163,880,281,4
86164,500,358,4
86165,887,151,5
86166,222,1145,3
86167,655,1195,3
86168,860,315,3
86169,896,284,4
86170,125,95,5
86171,486,100,5
86172,49,702,3
86173,937,236,4
86174,588,928,4
86175,840,639,4
86176,805,1002,1
86177,677,117,4
86178,826,586,4
86179,624,1059,1
86180,409,1050,4
86181,830,566,3
86182,862,767,4
86183,899,161,4
86184,246,226,2
86185,90,137,5
86186,773,235,4
86187,504,9,4
86188,299,381,3
86189,892,576,4
86190,125,85,3
86191,11,382,3
86192,943,609,2
86193,883,279,3
86194,803,304,3
86195,870,1451,3
86196,855,170,2
86197,823,202,4
86198,854,271,4
86199,938,343,4
86200,932,708,4
86201,933,105,2
86202,782,894,2
86203,464,479,4
86204,279,630,4
86205,592,180,5
86206,798,671,2
86207,500,554,3
86208,846,54,3
86209,855,919,3
86210,844,2,4
86211,370,57,5
86212,655,226,3
86213,870,64,5
86214,833,591,2
86215,659,73,4
86216,474,151,3
86217,167,216,4
86218,94,823,3
86219,698,135,3
86220,907,356,4
86221,804,290,4
86222,907,322,5
86223,392,657,5
86224,273,286,3
86225,600,518,5
86226,833,1335,2
86227,771,202,4
86228,840,71,3
86229,846,655,3
86230,786,455,1
86231,689,717,3
86232,886,12,5
86233,883,435,4
86234,362,879,5
86235,798,648,3
86236,773,887,2
86237,262,204,3
86238,621,790,4
86239,655,972,3
86240,618,633,3
86241,764,472,3
86242,761,7,4
86243,683,327,4
86244,524,488,4
86245,145,64,4
86246,769,473,3
86247,894,334,3
86248,874,751,3
86249,406,1101,4
86250,416,4,4
86251,772,344,4
86252,890,474,5
86253,314,812,4
86254,582,100,5
86255,879,685,4
86256,848,654,5
86257,567,182,5
86258,803,340,5
86259,895,988,3
86260,634,93,5
86261,617,452,1
86262,742,124,4
86263,711,1024,5
86264,13,28,5
86265,692,257,4
86266,934,94,4
86267,774,655,1
86268,554,284,3
86269,104,328,3
86270,843,226,3
86271,846,88,4
86272,203,748,2
86273,916,483,5
86274,455,22,4
86275,618,566,3
86276,804,629,3
86277,844,174,4
86278,334,561,2
86279,532,368,3
86280,846,140,4
86281,618,313,4
86282,216,97,4
86283,901,932,4
86284,886,191,5
86285,566,137,5
86286,337,151,5
86287,846,141,4
86288,749,568,4
86289,758,285,5
86290,942,484,5
86291,848,403,4
86292,664,96,3
86293,807,300,5
86294,916,550,2
86295,669,175,4
86296,760,71,4
86297,524,13,4
86298,497,372,4
86299,491,325,1
86300,56,1091,2
86301,875,518,4
86302,790,1185,2
86303,573,135,4
86304,663,466,3
86305,715,977,2
86306,833,429,3
86307,870,497,4
86308,829,116,4
86309,10,85,4
86310,119,349,3
86311,930,756,3
86312,374,825,3
86313,903,721,4
86314,504,705,4
86315,815,871,1
86316,941,455,4
86317,701,124,5
86318,632,485,4
86319,704,156,3
86320,938,243,4
86321,877,326,4
86322,804,651,4
86323,774,380,2
86324,63,10,4
86325,659,514,5
86326,847,181,4
86327,907,483,4
86328,785,661,3
86329,815,835,3
86330,653,111,2
86331,592,931,1
86332,782,1598,2
86333,7,509,5
86334,586,72,2
86335,91,183,5
86336,616,316,4
86337,883,659,3
86338,772,264,4
86339,457,169,5
86340,796,152,3
86341,868,169,5
86342,888,191,5
86343,749,1244,3
86344,864,133,5
86345,710,327,3
86346,612,477,2
86347,615,83,4
86348,933,95,3
86349,829,705,4
86350,907,699,5
86351,823,50,5
86352,907,471,5
86353,327,217,3
86354,691,64,5
86355,903,11,2
86356,868,127,4
86357,611,690,3
86358,880,823,3
86359,825,124,3
86360,886,156,4
86361,898,1296,4
86362,701,269,5
86363,892,515,5
86364,495,419,1
86365,916,204,3
86366,880,693,5
86367,531,894,1
86368,649,252,4
86369,543,69,4
86370,867,28,5
86371,727,544,3
86372,932,193,3
86373,78,411,4
86374,735,301,3
86375,276,452,3
86376,840,525,5
86377,145,9,2
86378,875,358,3
86379,885,142,2
86380,76,851,4
86381,487,393,4
86382,468,204,5
86383,852,252,3
86384,898,343,3
86385,851,483,4
86386,648,526,3
86387,665,456,4
86388,436,1248,3
86389,881,199,5
86390,758,388,3
86391,823,655,5
86392,525,293,3
86393,360,15,3
86394,44,175,4
86395,855,509,3
86396,308,684,3
86397,198,470,3
86398,936,1011,4
86399,687,879,3
86400,659,528,4
86401,918,69,3
86402,643,176,5
86403,545,271,3
86404,425,228,4
86405,16,127,5
86406,437,152,4
86407,399,433,3
86408,346,658,3
86409,880,902,4
86410,825,831,3
86411,648,428,2
86412,267,710,4
86413,495,77,4
86414,682,280,3
86415,870,98,4
86416,649,257,5
86417,530,1136,4
86418,823,12,4
86419,771,169,5
86420,201,1208,4
86421,738,28,4
86422,776,185,4
86423,494,603,3
86424,643,11,4
86425,709,38,3
86426,275,174,4
86427,749,1133,2
86428,511,343,3
86429,543,218,3
86430,90,847,5
86431,748,657,4
86432,363,8,5
86433,805,98,5
86434,707,251,5
86435,82,1059,1
86436,686,806,5
86437,536,275,5
86438,939,285,5
86439,452,1204,4
86440,860,692,5
86441,880,17,3
86442,699,870,3
86443,535,495,3
86444,504,756,3
86445,835,505,3
86446,521,827,1
86447,911,647,4
86448,782,300,4
86449,885,167,3
86450,886,144,4
86451,405,704,2
86452,393,82,4
86453,13,671,3
86454,500,425,4
86455,905,471,4
86456,881,182,3
86457,786,504,4
86458,648,391,3
86459,13,358,3
86460,577,98,4
86461,823,66,4
86462,770,596,4
86463,278,302,3
86464,474,606,3
86465,710,181,3
86466,721,326,4
86467,92,40,3
86468,393,732,4
86469,894,165,4
86470,908,216,3
86471,903,1067,2
86472,714,276,2
86473,804,797,4
86474,786,98,5
86475,791,304,4
86476,846,700,2
86477,671,451,4
86478,653,367,3
86479,318,294,4
86480,894,20,5
86481,790,685,4
86482,838,93,3
86483,914,732,2
86484,538,289,1
86485,378,803,3
86486,886,940,2
86487,745,276,1
86488,788,1459,2
86489,887,100,2
86490,835,988,3
86491,561,488,4
86492,870,1074,2
86493,460,151,3
86494,630,866,3
86495,933,575,1
86496,141,866,5
86497,840,657,5
86498,790,365,4
86499,455,770,3
86500,933,474,5
86501,521,216,2
86502,682,797,2
86503,798,1435,2
86504,445,93,1
86505,49,174,1
86506,913,604,2
86507,868,726,2
86508,851,591,5
86509,887,128,5
86510,327,318,5
86511,806,675,3
86512,566,136,4
86513,881,274,3
86514,889,789,2
86515,825,237,4
86516,92,155,2
86517,786,88,4
86518,542,293,3
86519,880,763,3
86520,401,211,4
86521,862,544,5
86522,846,357,4
86523,543,59,4
86524,871,324,3
86525,694,204,4
86526,933,153,3
86527,870,421,2
86528,653,79,4
86529,669,183,3
86530,788,130,2
86531,848,427,5
86532,458,97,1
86533,44,173,5
86534,455,159,3
86535,776,509,5
86536,870,722,2
86537,406,1153,2
86538,42,755,4
86539,622,127,5
86540,786,385,4
86541,877,56,5
86542,476,210,4
86543,923,282,4
86544,806,484,4
86545,846,478,4
86546,634,1197,4
86547,796,405,5
86548,881,1,4
86549,851,1287,1
86550,790,949,4
86551,745,169,4
86552,758,88,4
86553,618,144,4
86554,707,10,5
86555,174,143,5
86556,417,25,2
86557,561,636,1
86558,815,143,5
86559,747,735,4
86560,21,672,3
86561,760,375,4
86562,567,152,4
86563,651,690,3
86564,224,570,4
86565,653,739,3
86566,394,82,4
86567,393,66,3
86568,782,1620,3
86569,825,325,5
86570,835,127,4
86571,429,607,3
86572,806,79,3
86573,843,101,3
86574,863,990,1
86575,899,403,3
86576,884,529,5
86577,699,1057,3
86578,510,326,4
86579,708,225,2
86580,751,537,4
86581,880,385,4
86582,872,1165,2
86583,907,402,5
86584,408,310,4
86585,1,29,1
86586,886,761,4
86587,653,142,2
86588,484,197,4
86589,542,695,2
86590,846,836,5
86591,846,944,2
86592,727,576,4
86593,709,665,3
86594,140,321,4
86595,848,174,5
86596,151,135,5
86597,894,887,4
86598,932,480,5
86599,881,238,1
86600,943,1228,3
86601,789,276,5
86602,790,202,3
86603,854,498,3
86604,940,200,3
86605,789,151,2
86606,615,153,4
86607,621,142,3
86608,766,180,4
86609,670,144,4
86610,913,151,4
86611,342,12,5
86612,893,771,3
86613,472,385,5
86614,642,1336,2
86615,21,9,5
86616,472,831,5
86617,130,819,3
86618,542,509,4
86619,697,305,5
86620,115,628,5
86621,789,129,5
86622,645,301,2
86623,896,1267,2
86624,938,866,5
86625,425,743,4
86626,551,210,4
86627,446,321,4
86628,181,1368,1
86629,943,475,5
86630,781,69,3
86631,777,180,5
86632,677,290,1
86633,880,300,3
86634,280,33,3
86635,619,333,2
86636,877,159,4
86637,841,326,4
86638,915,301,2
86639,929,521,5
86640,492,275,2
86641,805,241,2
86642,160,288,5
86643,606,637,3
86644,663,845,3
86645,909,382,5
86646,769,1,4
86647,929,187,5
86648,409,511,5
86649,605,523,5
86650,92,217,3
86651,796,231,3
86652,643,1028,3
86653,907,819,4
86654,435,53,3
86655,824,319,2
86656,503,86,5
86657,5,210,3
86658,326,514,3
86659,660,652,4
86660,890,132,5
86661,846,65,3
86662,939,411,4
86663,943,840,4
86664,620,173,5
86665,913,176,5
86666,904,275,5
86667,521,526,3
86668,659,483,4
86669,907,185,4
86670,759,50,4
86671,752,323,1
86672,343,252,4
86673,875,131,4
86674,807,843,2
86675,875,421,4
86676,840,82,3
86677,885,72,1
86678,773,408,5
86679,604,672,1
86680,454,71,3
86681,201,284,3
86682,854,466,3
86683,465,929,3
86684,429,98,4
86685,752,1176,2
86686,867,528,4
86687,370,170,4
86688,829,529,4
86689,921,210,4
86690,716,52,5
86691,938,1016,3
86692,391,378,3
86693,880,818,2
86694,267,77,3
86695,643,959,3
86696,893,11,4
86697,931,333,5
86698,885,213,3
86699,588,568,4
86700,235,1134,4
86701,619,231,4
86702,698,357,4
86703,379,345,3
86704,537,91,2
86705,927,542,2
86706,642,410,1
86707,636,15,5
86708,823,176,4
86709,661,96,4
86710,886,228,4
86711,870,202,3
86712,406,207,2
86713,776,174,5
86714,94,622,3
86715,859,1009,4
86716,868,498,3
86717,535,192,4
86718,896,587,3
86719,62,7,4
86720,524,657,4
86721,876,288,3
86722,568,191,4
86723,751,25,5
86724,669,649,4
86725,864,82,5
86726,92,25,3
86727,327,176,4
86728,897,633,5
86729,733,471,3
86730,397,357,5
86731,504,514,4
86732,748,402,2
86733,909,880,4
86734,428,892,4
86735,642,1185,4
86736,697,276,5
86737,792,742,3
86738,854,479,4
86739,336,716,2
86740,846,95,3
86741,686,191,5
86742,207,45,3
86743,663,281,3
86744,425,334,4
86745,707,310,4
86746,818,312,2
86747,609,285,5
86748,593,144,4
86749,429,507,5
86750,615,238,3
86751,865,100,4
86752,766,219,3
86753,788,11,2
86754,709,959,4
86755,936,1202,4
86756,847,235,1
86757,843,708,2
86758,425,269,4
86759,682,693,3
86760,406,1147,4
86761,592,892,1
86762,544,300,4
86763,295,1050,5
86764,919,312,2
86765,896,173,5
86766,721,809,1
86767,332,89,5
86768,42,282,4
86769,778,712,3
86770,234,127,4
86771,638,22,5
86772,860,257,3
86773,738,121,4
86774,557,865,3
86775,655,1153,3
86776,775,347,3
86777,642,975,2
86778,615,521,4
86779,897,294,3
86780,749,140,3
86781,897,203,4
86782,774,100,1
86783,588,95,4
86784,233,64,5
86785,890,444,4
86786,697,307,4
86787,94,127,5
86788,303,71,3
86789,13,841,1
86790,896,557,3
86791,896,145,1
86792,862,211,5
86793,887,1120,5
86794,846,806,3
86795,144,760,2
86796,579,50,5
86797,798,571,3
86798,868,778,2
86799,929,100,4
86800,561,435,3
86801,542,90,4
86802,456,33,4
86803,829,639,4
86804,897,708,2
86805,156,9,4
86806,239,186,1
86807,892,67,4
86808,639,1065,1
86809,922,421,4
86810,73,188,5
86811,938,678,3
86812,806,161,3
86813,758,1090,1
86814,598,22,5
86815,4,360,5
86816,886,1489,1
86817,896,320,3
86818,870,433,3
86819,25,125,5
86820,871,216,3
86821,648,294,3
86822,933,940,1
86823,879,50,4
86824,643,226,2
86825,687,268,5
86826,804,1615,4
86827,921,662,4
86828,881,490,4
86829,398,478,5
86830,504,1037,1
86831,776,182,3
86832,405,46,1
86833,6,111,2
86834,748,813,4
86835,472,554,5
86836,610,195,3
86837,938,117,3
86838,868,509,3
86839,875,42,4
86840,373,238,4
86841,894,340,4
86842,932,1030,2
86843,880,550,4
86844,435,755,2
86845,524,1073,5
86846,774,573,2
86847,763,4,5
86848,880,31,4
86849,731,603,5
86850,624,696,4
86851,648,474,4
86852,546,760,5
86853,721,1119,4
86854,875,327,4
86855,650,585,1
86856,587,305,4
86857,846,89,5
86858,901,172,5
86859,682,300,2
86860,918,166,4
86861,536,483,4
86862,642,118,3
86863,795,640,4
86864,630,120,4
86865,857,892,3
86866,932,56,4
86867,130,219,5
86868,573,519,4
86869,905,137,3
86870,934,516,3
86871,840,414,4
86872,276,143,5
86873,871,526,5
86874,417,94,3
86875,883,154,4
86876,758,68,3
86877,105,880,3
86878,695,289,2
86879,932,167,4
86880,882,357,4
86881,198,128,3
86882,741,357,5
86883,13,803,3
86884,934,154,3
86885,472,916,5
86886,213,1012,3
86887,226,474,3
86888,936,1079,1
86889,880,1225,2
86890,886,188,4
86891,768,1061,1
86892,871,242,3
86893,795,1041,3
86894,805,150,5
86895,60,519,4
86896,799,427,5
86897,757,732,3
86898,646,748,3
86899,393,864,3
86900,833,64,3
86901,399,11,4
86902,405,940,1
86903,627,941,3
86904,303,173,5
86905,918,485,3
86906,852,358,3
86907,940,657,4
86908,106,463,3
86909,916,236,4
86910,933,216,3
86911,699,20,4
86912,363,582,2
86913,606,404,4
86914,430,168,4
86915,214,11,5
86916,633,94,4
86917,925,561,3
86918,646,272,4
86919,749,780,1
86920,864,52,4
86921,573,836,3
86922,401,99,4
86923,904,274,5
86924,896,810,1
86925,807,168,4
86926,791,275,5
86927,917,268,4
86928,715,155,4
86929,864,717,3
86930,880,93,4
86931,876,878,2
86932,458,99,4
86933,399,511,3
86934,489,312,2
86935,896,206,3
86936,846,177,3
86937,843,154,3
86938,677,101,5
86939,843,671,3
86940,854,799,3
86941,692,410,5
86942,296,150,1
86943,872,476,4
86944,850,419,5
86945,616,301,3
86946,303,221,5
86947,881,573,3
86948,639,86,4
86949,727,1188,2
86950,308,411,4
86951,748,216,4
86952,748,655,3
86953,560,1134,3
86954,752,315,2
86955,637,1258,1
86956,916,88,4
86957,320,827,4
86958,563,172,5
86959,741,164,3
86960,99,174,5
86961,788,523,4
86962,550,249,4
86963,928,176,3
86964,870,177,4
86965,289,117,4
86966,887,1383,4
86967,784,750,5
86968,474,378,4
86969,922,91,4
86970,734,95,4
86971,782,295,2
86972,593,73,2
86973,897,243,4
86974,385,1506,4
86975,758,99,3
86976,798,1043,3
86977,788,117,4
86978,793,406,2
86979,262,219,3
86980,380,514,2
86981,232,425,4
86982,65,77,5
86983,790,85,3
86984,592,1264,4
86985,373,328,4
86986,120,515,5
86987,856,347,2
86988,864,73,5
86989,203,628,4
86990,792,25,2
86991,885,135,2
86992,758,405,4
86993,586,696,3
86994,928,876,5
86995,533,919,2
86996,733,950,4
86997,663,111,3
86998,659,345,4
86999,831,294,4
87000,835,205,3
87001,927,541,5
87002,551,200,4
87003,756,432,4
87004,482,286,3
87005,663,294,3
87006,913,343,1
87007,548,271,3
87008,795,998,3
87009,883,511,4
87010,373,125,4
87011,416,765,4
87012,342,716,2
87013,661,294,4
87014,881,561,4
87015,174,708,5
87016,666,744,3
87017,823,410,4
87018,488,651,5
87019,839,323,4
87020,804,495,3
87021,934,316,4
87022,843,637,2
87023,686,89,4
87024,911,176,4
87025,486,1143,3
87026,918,1266,4
87027,671,443,3
87028,495,739,4
87029,774,1118,3
87030,942,661,4
87031,875,8,3
87032,592,886,3
87033,868,68,2
87034,784,344,4
87035,889,869,3
87036,782,1664,4
87037,919,305,4
87038,919,16,4
87039,721,948,1
87040,913,64,5
87041,328,96,4
87042,655,327,3
87043,823,230,3
87044,828,316,5
87045,758,137,5
87046,298,275,3
87047,637,300,3
87048,704,222,3
87049,374,595,3
87050,678,127,5
87051,874,311,4
87052,21,987,3
87053,870,172,4
87054,752,589,4
87055,232,196,5
87056,130,258,4
87057,908,123,3
87058,815,1204,5
87059,291,928,2
87060,143,271,4
87061,668,475,4
87062,697,881,2
87063,677,475,4
87064,896,231,1
87065,883,781,3
87066,751,7,3
87067,201,125,2
87068,497,391,3
87069,852,472,3
87070,837,111,4
87071,846,70,4
87072,655,88,2
87073,486,459,2
87074,734,283,5
87075,806,143,5
87076,595,290,4
87077,471,71,3
87078,804,97,4
87079,825,222,5
87080,151,922,4
87081,743,748,4
87082,675,321,2
87083,870,608,4
87084,788,391,2
87085,535,318,4
87086,712,1220,5
87087,830,661,4
87088,920,333,4
87089,244,1428,4
87090,548,515,5
87091,870,651,3
87092,44,151,4
87093,932,663,4
87094,385,1065,3
87095,816,260,3
87096,920,307,3
87097,846,47,5
87098,782,1513,2
87099,758,750,2
87100,761,283,4
87101,624,762,4
87102,851,875,5
87103,338,479,5
87104,553,487,5
87105,846,233,5
87106,763,738,2
87107,942,879,4
87108,896,92,1
87109,833,679,3
87110,532,917,4
87111,884,127,4
87112,911,83,4
87113,933,384,1
87114,7,50,5
87115,576,204,4
87116,452,290,2
87117,424,688,2
87118,896,282,2
87119,661,204,5
87120,663,324,2
87121,378,443,4
87122,761,263,1
87123,883,896,5
87124,908,28,4
87125,296,246,4
87126,791,302,4
87127,655,712,3
87128,894,512,5
87129,591,237,3
87130,654,367,4
87131,716,31,3
87132,938,275,4
87133,867,7,5
87134,882,177,5
87135,933,228,4
87136,804,402,3
87137,852,117,4
87138,885,815,4
87139,904,796,3
87140,886,385,3
87141,880,393,3
87142,158,285,5
87143,666,646,3
87144,860,629,3
87145,834,284,4
87146,694,481,4
87147,85,172,4
87148,864,128,4
87149,503,963,5
87150,330,25,5
87151,749,202,5
87152,161,225,1
87153,642,110,2
87154,870,127,5
87155,390,690,3
87156,661,199,5
87157,804,949,3
87158,524,131,5
87159,872,1040,3
87160,751,1035,2
87161,757,235,3
87162,908,223,4
87163,892,763,2
87164,368,164,3
87165,885,423,4
87166,566,385,3
87167,854,544,3
87168,903,64,5
87169,882,183,4
87170,417,117,4
87171,456,772,4
87172,880,161,2
87173,503,303,5
87174,537,1154,1
87175,840,588,4
87176,932,639,5
87177,688,302,5
87178,606,79,3
87179,709,176,4
87180,526,845,5
87181,330,228,5
87182,932,482,5
87183,716,525,3
87184,864,116,4
87185,862,845,4
87186,896,180,5
87187,401,591,3
87188,896,7,4
87189,860,26,3
87190,932,70,4
87191,758,1292,1
87192,56,281,2
87193,901,391,5
87194,848,163,5
87195,238,255,3
87196,621,91,3
87197,151,966,4
87198,933,476,2
87199,845,340,1
87200,156,528,4
87201,416,727,5
87202,504,449,4
87203,793,7,3
87204,896,80,2
87205,322,655,5
87206,800,476,3
87207,724,1434,1
87208,880,356,4
87209,592,151,4
87210,459,271,4
87211,527,1149,4
87212,875,921,5
87213,933,569,1
87214,682,378,3
87215,916,183,4
87216,624,508,4
87217,821,473,3
87218,551,333,5
87219,782,1590,3
87220,77,98,4
87221,934,1018,4
87222,130,752,5
87223,567,1298,5
87224,872,121,4
87225,537,224,3
87226,769,685,3
87227,450,423,5
87228,862,568,3
87229,727,559,2
87230,159,322,5
87231,788,665,2
87232,932,560,2
87233,102,301,3
87234,391,427,5
87235,715,98,5
87236,217,405,3
87237,387,324,4
87238,722,845,5
87239,805,38,3
87240,854,14,4
87241,710,357,4
87242,798,1063,3
87243,642,147,4
87244,104,407,2
87245,933,866,2
87246,655,1631,4
87247,782,316,4
87248,633,71,3
87249,176,181,3
87250,587,302,3
87251,790,155,3
87252,271,963,5
87253,387,173,4
87254,943,172,4
87255,602,243,3
87256,883,66,3
87257,537,131,4
87258,553,213,5
87259,788,470,3
87260,389,196,3
87261,878,739,3
87262,893,298,4
87263,344,473,4
87264,941,222,2
87265,482,249,2
87266,753,304,4
87267,854,1281,2
87268,305,865,3
87269,878,321,2
87270,472,143,4
87271,234,258,2
87272,521,496,2
87273,698,22,1
87274,184,212,4
87275,833,346,5
87276,762,256,3
87277,919,988,3
87278,518,742,5
87279,919,412,2
87280,914,775,3
87281,942,71,5
87282,896,172,5
87283,923,460,4
87284,773,652,3
87285,890,429,4
87286,790,1028,3
87287,280,364,3
87288,886,153,3
87289,880,369,1
87290,399,465,3
87291,631,294,3
87292,804,159,4
87293,833,655,2
87294,498,238,4
87295,864,69,5
87296,846,12,5
87297,892,420,2
87298,747,134,5
87299,940,50,4
87300,489,328,4
87301,326,428,5
87302,795,410,2
87303,134,338,4
87304,892,1124,4
87305,459,932,4
87306,883,170,3
87307,878,393,3
87308,653,145,2
87309,843,632,2
87310,727,53,1
87311,664,1,4
87312,25,7,4
87313,892,436,3
87314,712,78,4
87315,869,100,5
87316,669,252,2
87317,840,499,4
87318,350,127,5
87319,452,288,2
87320,903,824,3
87321,236,717,3
87322,851,8,4
87323,474,1063,5
87324,883,302,5
87325,385,100,4
87326,5,448,2
87327,913,204,4
87328,874,182,4
87329,7,357,5
87330,622,117,4
87331,798,785,3
87332,639,990,1
87333,712,228,3
87334,116,124,3
87335,933,25,2
87336,497,156,5
87337,483,173,4
87338,825,566,5
87339,513,257,4
87340,374,241,5
87341,862,823,4
87342,753,69,4
87343,405,730,1
87344,789,100,5
87345,846,495,4
87346,11,239,4
87347,851,831,5
87348,682,922,3
87349,847,740,4
87350,489,300,5
87351,932,155,3
87352,918,958,3
87353,889,156,5
87354,271,174,5
87355,776,200,4
87356,916,756,3
87357,709,226,3
87358,452,285,3
87359,298,485,3
87360,544,346,4
87361,605,546,2
87362,472,581,4
87363,342,475,5
87364,764,418,4
87365,903,156,5
87366,918,1,3
87367,826,89,5
87368,851,326,3
87369,524,501,2
87370,823,514,5
87371,773,1036,3
87372,462,322,5
87373,889,731,2
87374,895,1014,3
87375,881,504,3
87376,846,365,2
87377,862,222,5
87378,927,29,5
87379,804,1101,3
87380,302,266,2
87381,892,473,3
87382,351,258,5
87383,851,223,4
87384,846,580,5
87385,877,738,4
87386,919,99,4
87387,175,111,4
87388,897,498,5
87389,290,62,2
87390,314,93,1
87391,772,1025,3
87392,719,162,4
87393,823,588,3
87394,42,136,4
87395,416,147,5
87396,347,411,5
87397,650,363,2
87398,661,179,4
87399,850,435,4
87400,230,64,5
87401,781,135,5
87402,749,1034,2
87403,201,1166,3
87404,405,1027,1
87405,450,781,4
87406,886,435,3
87407,622,418,3
87408,178,873,3
87409,506,205,5
87410,711,447,4
87411,880,461,4
87412,863,302,4
87413,896,616,3
87414,851,180,5
87415,943,53,3
87416,840,504,3
87417,294,455,3
87418,910,284,3
87419,943,541,4
87420,868,1206,3
87421,314,1291,1
87422,576,1,4
87423,866,315,4
87424,707,70,3
87425,880,53,4
87426,782,1190,2
87427,862,257,5
87428,887,195,4
87429,741,28,3
87430,328,471,3
87431,609,948,1
87432,453,403,4
87433,782,331,3
87434,767,432,5
87435,872,334,1
87436,936,16,4
87437,856,300,4
87438,796,1197,3
87439,925,447,4
87440,792,405,3
87441,805,425,5
87442,747,22,3
87443,547,321,4
87444,561,639,3
87445,715,22,4
87446,647,294,3
87447,738,4,4
87448,722,405,3
87449,861,321,1
87450,725,873,4
87451,387,153,4
87452,680,1,4
87453,805,588,2
87454,887,168,4
87455,880,298,4
87456,503,381,5
87457,906,300,3
87458,787,748,4
87459,719,468,3
87460,939,15,5
87461,882,546,2
87462,405,757,1
87463,833,860,2
87464,796,525,4
87465,437,401,5
87466,847,496,4
87467,385,693,4
87468,793,181,4
87469,747,96,5
87470,6,182,4
87471,486,279,4
87472,82,212,4
87473,618,88,4
87474,10,40,4
87475,741,131,4
87476,405,341,1
87477,374,406,3
87478,871,326,5
87479,665,924,4
87480,899,427,5
87481,459,477,1
87482,668,340,4
87483,22,209,4
87484,805,1065,5
87485,521,183,3
87486,790,1016,2
87487,354,10,5
87488,429,737,4
87489,654,1115,3
87490,807,432,5
87491,916,268,5
87492,497,172,5
87493,598,260,3
87494,870,558,4
87495,650,1050,3
87496,930,282,4
87497,911,432,3
87498,632,318,5
87499,608,134,3
87500,612,202,2
87501,806,127,5
87502,770,302,2
87503,669,235,2
87504,924,12,4
87505,195,135,5
87506,835,1045,4
87507,801,682,5
87508,114,522,5
87509,805,942,3
87510,682,756,2
87511,778,550,4
87512,663,546,3
87513,459,926,4
87514,642,384,5
87515,13,280,4
87516,916,249,3
87517,892,755,4
87518,900,654,2
87519,620,112,4
87520,870,496,5
87521,914,381,3
87522,867,273,3
87523,886,87,4
87524,198,942,4
87525,831,156,4
87526,502,754,2
87527,599,846,5
87528,694,180,4
87529,405,658,4
87530,727,553,2
87531,751,121,4
87532,846,794,5
87533,846,376,2
87534,661,496,5
87535,921,71,4
87536,880,771,3
87537,875,652,5
87538,807,403,4
87539,922,288,2
87540,659,387,4
87541,788,520,4
87542,650,504,3
87543,934,66,4
87544,671,583,3
87545,378,550,2
87546,450,521,4
87547,63,285,3
87548,328,51,3
87549,809,319,3
87550,886,216,5
87551,911,855,5
87552,424,259,2
87553,761,9,2
87554,755,299,2
87555,479,154,3
87556,94,631,5
87557,759,127,2
87558,798,72,3
87559,664,4,4
87560,536,1,5
87561,707,275,4
87562,548,252,3
87563,619,597,4
87564,943,233,5
87565,902,275,4
87566,339,250,5
87567,793,50,5
87568,346,58,3
87569,545,385,3
87570,892,135,5
87571,843,162,2
87572,642,1054,3
87573,682,77,3
87574,456,204,3
87575,642,796,4
87576,539,202,5
87577,710,271,3
87578,851,9,4
87579,615,190,3
87580,835,257,3
87581,18,381,4
87582,896,801,2
87583,896,117,2
87584,766,178,4
87585,659,836,4
87586,545,395,4
87587,273,268,5
87588,486,148,2
87589,632,7,3
87590,448,874,3
87591,798,1003,3
87592,887,65,5
87593,391,131,2
87594,62,275,4
87595,782,1143,2
87596,629,276,5
87597,187,204,2
87598,878,662,1
87599,593,1016,4
87600,617,1612,1
87601,805,196,2
87602,846,173,4
87603,833,223,4
87604,878,237,3
87605,910,1025,2
87606,115,83,3
87607,891,866,5
87608,458,52,4
87609,932,484,5
87610,308,257,4
87611,537,676,4
87612,892,96,4
87613,537,514,4
87614,792,1054,1
87615,934,234,2
87616,408,242,4
87617,885,82,4
87618,864,283,5
87619,279,482,4
87620,833,401,2
87621,879,304,4
87622,698,211,2
87623,927,255,4
87624,442,871,1
87625,782,887,4
87626,660,429,4
87627,344,117,3
87628,308,66,4
87629,407,1160,1
87630,883,1404,3
87631,889,955,3
87632,843,527,3
87633,933,1188,1
87634,64,693,3
87635,919,331,4
87636,140,988,3
87637,840,127,4
87638,524,56,4
87639,913,60,3
87640,394,795,2
87641,916,42,5
87642,478,235,2
87643,782,333,3
87644,936,246,4
87645,410,272,4
87646,276,23,5
87647,639,714,2
87648,167,641,4
87649,279,47,4
87650,840,520,5
87651,434,411,5
87652,617,218,2
87653,749,208,5
87654,714,748,5
87655,894,117,3
87656,862,180,5
87657,896,632,2
87658,907,96,5
87659,303,831,4
87660,878,640,1
87661,934,495,4
87662,104,471,3
87663,416,1483,4
87664,339,94,2
87665,407,443,3
87666,496,333,3
87667,592,1276,1
87668,378,69,3
87669,933,652,3
87670,621,890,1
87671,870,458,1
87672,795,132,3
87673,724,264,3
87674,938,50,5
87675,798,1035,4
87676,201,1103,3
87677,387,53,4
87678,763,133,3
87679,716,142,3
87680,488,509,2
87681,748,286,3
87682,470,291,2
87683,707,173,2
87684,293,696,2
87685,848,121,4
87686,805,9,3
87687,775,887,4
87688,847,191,4
87689,528,202,5
87690,786,4,4
87691,582,271,4
87692,502,323,4
87693,666,108,3
87694,868,69,2
87695,659,467,3
87696,768,620,2
87697,76,24,2
87698,455,372,4
87699,346,395,1
87700,649,815,3
87701,271,125,3
87702,846,218,4
87703,848,421,5
87704,632,182,3
87705,699,19,4
87706,868,161,2
87707,749,621,3
87708,660,181,4
87709,286,173,4
87710,324,268,4
87711,847,8,4
87712,223,278,4
87713,788,448,2
87714,926,313,3
87715,869,127,5
87716,391,96,3
87717,798,476,2
87718,781,878,1
87719,385,514,4
87720,776,318,4
87721,888,280,3
87722,143,690,2
87723,919,260,4
87724,566,1028,2
87725,840,971,4
87726,870,317,4
87727,437,129,1
87728,625,705,3
87729,554,7,3
87730,793,122,3
87731,779,117,4
87732,652,748,3
87733,429,746,3
87734,710,12,4
87735,878,535,1
87736,417,121,3
87737,625,597,2
87738,932,178,5
87739,748,633,4
87740,101,1028,3
87741,716,227,3
87742,860,269,2
87743,630,264,2
87744,506,489,4
87745,345,215,4
87746,62,117,4
87747,848,504,3
87748,776,588,4
87749,558,137,4
87750,815,427,5
87751,586,693,3
87752,648,514,2
87753,709,1188,4
87754,882,194,3
87755,882,147,4
87756,805,68,3
87757,907,1244,5
87758,636,106,4
87759,275,419,3
87760,851,472,3
87761,875,937,4
87762,843,230,3
87763,23,451,2
87764,705,363,2
87765,167,184,1
87766,70,993,3
87767,363,39,4
87768,709,98,4
87769,938,1283,3
87770,840,212,4
87771,101,472,3
87772,123,294,1
87773,749,67,1
87774,659,226,4
87775,574,887,4
87776,280,216,5
87777,494,498,4
87778,883,1226,3
87779,683,879,3
87780,747,231,3
87781,786,286,4
87782,557,270,3
87783,880,762,4
87784,643,96,5
87785,874,676,3
87786,633,581,3
87787,833,576,3
87788,755,310,4
87789,734,22,3
87790,561,1294,1
87791,406,95,4
87792,916,792,3
87793,696,178,4
87794,910,300,4
87795,615,28,4
87796,426,617,3
87797,840,645,3
87798,894,902,3
87799,222,380,4
87800,773,318,4
87801,116,690,3
87802,593,284,4
87803,918,88,2
87804,622,1419,2
87805,577,427,4
87806,805,111,3
87807,504,548,2
87808,883,1131,5
87809,660,47,2
87810,543,603,5
87811,903,293,4
87812,480,208,2
87813,916,60,4
87814,862,260,5
87815,509,245,2
87816,595,986,2
87817,847,141,3
87818,607,174,3
87819,479,234,5
87820,862,195,5
87821,378,569,3
87822,881,143,5
87823,538,176,4
87824,889,279,2
87825,190,826,3
87826,638,511,3
87827,497,144,4
87828,882,191,5
87829,886,710,4
87830,709,651,4
87831,1,18,4
87832,821,95,5
87833,871,359,3
87834,577,1336,1
87835,804,616,3
87836,875,479,4
87837,612,243,2
87838,14,276,4
87839,393,33,3
87840,903,324,4
87841,936,535,2
87842,709,833,4
87843,929,172,4
87844,927,471,4
87845,58,730,5
87846,534,824,4
87847,561,182,3
87848,887,1496,4
87849,676,993,5
87850,653,585,2
87851,854,1047,1
87852,529,324,2
87853,880,302,5
87854,896,195,4
87855,486,307,3
87856,881,763,3
87857,301,334,3
87858,694,172,5
87859,893,845,3
87860,254,228,4
87861,894,260,2
87862,699,95,3
87863,196,110,1
87864,882,143,4
87865,682,472,3
87866,642,385,5
87867,653,118,3
87868,447,202,3
87869,94,134,5
87870,721,268,4
87871,663,326,4
87872,798,243,4
87873,804,155,3
87874,703,121,5
87875,733,1375,3
87876,864,186,4
87877,916,150,4
87878,389,488,5
87879,838,718,5
87880,354,744,4
87881,817,300,3
87882,117,249,4
87883,707,160,5
87884,668,895,3
87885,774,96,2
87886,698,516,2
87887,826,665,5
87888,903,7,2
87889,669,79,2
87890,487,340,1
87891,696,285,4
87892,561,284,1
87893,940,98,4
87894,911,428,4
87895,361,226,3
87896,896,662,3
87897,782,301,3
87898,837,1049,1
87899,881,62,4
87900,578,268,2
87901,606,713,4
87902,878,781,1
87903,885,1221,3
87904,821,281,3
87905,777,9,5
87906,916,159,3
87907,870,87,5
87908,892,82,3
87909,883,900,5
87910,765,151,4
87911,930,176,3
87912,777,523,4
87913,863,362,1
87914,894,971,3
87915,847,117,2
87916,690,63,3
87917,472,264,3
87918,395,318,4
87919,805,100,5
87920,468,24,3
87921,828,331,4
87922,869,298,3
87923,922,810,4
87924,551,721,5
87925,881,419,5
87926,868,67,3
87927,334,38,2
87928,303,240,3
87929,806,302,4
87930,533,208,4
87931,291,576,4
87932,924,144,3
87933,899,518,4
87934,516,582,5
87935,138,147,4
87936,568,529,4
87937,901,402,4
87938,837,472,3
87939,416,420,3
87940,388,219,5
87941,897,140,3
87942,592,315,5
87943,924,433,5
87944,593,553,2
87945,843,214,3
87946,848,689,1
87947,932,109,2
87948,502,682,5
87949,867,222,4
87950,663,176,5
87951,887,845,4
87952,897,501,5
87953,648,1060,2
87954,683,626,3
87955,747,202,4
87956,587,1625,4
87957,494,245,3
87958,921,778,3
87959,911,479,5
87960,705,566,4
87961,903,121,3
87962,632,2,4
87963,751,237,2
87964,894,116,4
87965,735,275,4
87966,374,654,3
87967,1,59,5
87968,855,171,3
87969,826,426,2
87970,189,459,4
87971,588,732,4
87972,937,222,3
87973,889,1,3
87974,883,945,4
87975,664,496,5
87976,943,816,4
87977,193,159,4
87978,919,88,2
87979,378,588,5
87980,500,122,3
87981,639,323,1
87982,863,538,2
87983,774,1228,1
87984,532,834,4
87985,774,72,1
87986,811,895,5
87987,374,27,4
87988,879,117,4
87989,13,522,5
87990,839,235,4
87991,871,4,3
87992,159,358,1
87993,301,62,3
87994,38,1032,4
87995,880,27,3
87996,504,322,4
87997,525,7,3
87998,804,230,4
87999,394,90,3
88000,782,340,3
88001,694,385,4
88002,833,264,2
88003,896,496,4
88004,840,209,4
88005,503,116,5
88006,943,97,2
88007,715,85,3
88008,749,809,3
88009,690,77,3
88010,747,185,5
88011,592,463,4
88012,810,881,4
88013,897,684,2
88014,244,188,4
88015,892,641,5
88016,405,378,4
88017,701,312,3
88018,198,151,4
88019,889,1139,1
88020,804,737,3
88021,1,15,5
88022,838,174,4
88023,788,651,4
88024,541,90,4
88025,896,393,3
88026,889,739,3
88027,932,524,5
88028,57,1,5
88029,931,471,3
88030,354,1039,4
88031,919,300,4
88032,936,1009,4
88033,883,210,4
88034,870,132,4
88035,435,406,3
88036,393,248,4
88037,549,24,3
88038,875,462,4
88039,916,978,1
88040,570,321,1
88041,916,863,3
88042,823,25,3
88043,901,195,5
88044,393,1,3
88045,727,17,1
88046,774,1090,1
88047,788,566,4
88048,758,276,2
88049,856,312,2
88050,293,315,3
88051,886,101,4
88052,643,430,5
88053,537,651,3
88054,899,173,3
88055,493,317,3
88056,342,1016,1
88057,803,289,3
88058,450,498,3
88059,932,222,4
88060,835,606,5
88061,911,1039,4
88062,880,473,3
88063,435,139,2
88064,882,135,5
88065,660,1615,2
88066,747,32,5
88067,913,428,3
88068,864,736,5
88069,748,847,4
88070,620,95,4
88071,894,262,4
88072,401,185,4
88073,835,160,3
88074,268,450,1
88075,305,650,4
88076,723,164,4
88077,331,132,3
88078,932,163,4
88079,884,86,3
88080,917,282,4
88081,912,28,4
88082,609,147,1
88083,833,23,5
88084,825,274,4
88085,846,134,4
88086,371,496,4
88087,526,271,3
88088,682,774,4
88089,875,288,4
88090,548,9,1
88091,758,229,3
88092,536,416,4
88093,653,619,3
88094,373,216,4
88095,932,529,4
88096,707,936,4
88097,655,1044,3
88098,916,196,4
88099,833,32,5
88100,790,10,1
88101,907,225,5
88102,577,588,4
88103,900,478,2
88104,279,62,3
88105,300,1012,4
88106,882,181,5
88107,678,332,4
88108,862,7,5
88109,363,25,3
88110,854,469,5
88111,837,125,5
88112,921,172,4
88113,456,59,4
88114,514,237,4
88115,682,367,3
88116,894,676,3
88117,847,219,4
88118,280,946,4
88119,942,316,4
88120,892,15,4
88121,911,709,5
88122,895,117,3
88123,843,446,3
88124,750,338,3
88125,903,9,3
88126,843,528,3
88127,405,954,4
88128,897,176,5
88129,878,127,4
88130,835,378,4
88131,833,184,3
88132,159,845,1
88133,442,928,3
88134,601,228,5
88135,896,153,4
88136,881,7,4
88137,751,118,2
88138,550,682,4
88139,458,531,5
88140,660,423,3
88141,707,172,2
88142,545,139,3
88143,436,928,4
88144,160,302,5
88145,773,1555,4
88146,776,191,5
88147,798,172,4
88148,557,305,3
88149,747,473,3
88150,393,272,4
88151,838,124,4
88152,543,9,4
88153,871,79,5
88154,518,235,4
88155,894,472,3
88156,659,121,4
88157,817,924,3
88158,532,684,5
88159,514,68,4
88160,344,100,5
88161,806,504,4
88162,567,39,3
88163,886,433,2
88164,908,183,4
88165,748,204,3
88166,454,988,2
88167,738,271,3
88168,907,268,4
88169,704,286,5
88170,749,391,3
88171,844,161,3
88172,303,238,4
88173,893,290,3
88174,561,596,2
88175,854,19,3
88176,938,291,4
88177,387,95,2
88178,203,458,3
88179,868,191,3
88180,749,200,4
88181,788,4,3
88182,521,1,2
88183,496,151,3
88184,907,182,5
88185,854,13,3
88186,699,269,4
88187,328,300,5
88188,916,7,4
88189,551,300,4
88190,2,275,5
88191,276,365,3
88192,493,208,4
88193,684,216,3
88194,749,930,3
88195,932,434,5
88196,60,592,4
88197,846,569,3
88198,484,930,3
88199,63,322,2
88200,607,950,3
88201,297,724,3
88202,650,898,3
88203,521,403,4
88204,916,111,4
88205,417,818,2
88206,885,7,3
88207,655,59,4
88208,697,254,2
88209,719,410,1
88210,940,529,3
88211,180,735,4
88212,692,762,4
88213,923,823,4
88214,181,1215,1
88215,846,302,5
88216,907,928,5
88217,655,427,4
88218,660,209,4
88219,814,413,2
88220,550,258,5
88221,311,428,4
88222,916,642,3
88223,907,1220,5
88224,625,135,5
88225,633,96,4
88226,617,674,3
88227,935,286,5
88228,620,234,3
88229,749,233,5
88230,910,357,4
88231,298,402,3
88232,745,1,2
88233,708,628,3
88234,707,865,5
88235,790,233,3
88236,299,733,3
88237,622,69,4
88238,907,123,4
88239,787,294,3
88240,889,469,4
88241,746,405,2
88242,405,89,1
88243,643,210,4
88244,908,654,3
88245,892,566,4
88246,665,313,4
88247,887,496,4
88248,885,209,2
88249,882,96,4
88250,83,944,3
88251,807,930,5
88252,601,1116,4
88253,928,269,5
88254,870,589,4
88255,660,163,2
88256,655,479,4
88257,619,11,2
88258,940,213,4
88259,1,111,5
88260,782,307,4
88261,650,25,3
88262,1,52,4
88263,721,319,3
88264,521,265,3
88265,503,44,5
88266,655,333,2
88267,916,597,2
88268,624,405,4
88269,588,1078,4
88270,880,1620,3
88271,374,137,2
88272,915,305,2
88273,911,211,3
88274,916,385,3
88275,878,57,4
88276,916,155,2
88277,795,412,3
88278,256,100,4
88279,833,581,1
88280,92,1052,2
88281,834,628,5
88282,394,1484,4
88283,357,825,3
88284,313,778,2
88285,942,174,5
88286,618,416,4
88287,498,180,4
88288,654,282,3
88289,835,928,3
88290,332,64,5
88291,851,303,4
88292,671,38,5
88293,279,1437,3
88294,881,289,1
88295,919,295,3
88296,881,215,3
88297,873,358,2
88298,937,225,2
88299,917,879,2
88300,883,1118,4
88301,892,765,2
88302,620,627,5
88303,379,843,4
88304,561,526,3
88305,95,294,2
88306,825,407,3
88307,671,452,4
88308,556,523,5
88309,580,25,3
88310,846,419,5
88311,530,275,5
88312,767,481,5
88313,417,141,3
88314,880,383,3
88315,588,313,5
88316,864,145,4
88317,561,11,4
88318,907,744,5
88319,447,24,3
88320,859,381,4
88321,305,45,5
88322,870,31,4
88323,592,409,1
88324,474,729,4
88325,891,121,4
88326,219,433,5
88327,940,482,5
88328,816,243,4
88329,378,412,2
88330,779,275,4
88331,429,230,2
88332,886,568,3
88333,741,255,3
88334,642,1425,2
88335,835,685,4
88336,916,684,3
88337,843,89,5
88338,618,1221,2
88339,468,91,5
88340,622,190,4
88341,933,194,4
88342,864,333,5
88343,607,855,4
88344,938,235,1
88345,526,298,4
88346,882,101,3
88347,774,174,3
88348,864,66,3
88349,385,231,2
88350,898,271,3
88351,880,409,2
88352,144,690,3
88353,903,13,5
88354,851,112,1
88355,619,849,2
88356,880,1093,3
88357,748,172,4
88358,924,178,5
88359,676,255,5
88360,844,930,2
88361,885,25,4
88362,886,28,4
88363,847,196,3
88364,896,450,1
88365,805,65,3
88366,919,236,5
88367,943,282,5
88368,795,81,4
88369,890,523,4
88370,639,28,4
88371,690,203,4
88372,144,137,4
88373,315,79,4
88374,904,732,3
88375,150,291,4
88376,932,100,5
88377,690,158,4
88378,881,322,4
88379,795,62,4
88380,913,461,4
88381,200,239,3
88382,417,158,2
88383,537,463,3
88384,902,289,3
88385,588,821,4
88386,826,720,3
88387,22,526,4
88388,721,329,3
88389,627,56,2
88390,587,321,2
88391,456,94,3
88392,715,125,3
88393,548,405,4
88394,160,250,4
88395,773,343,1
88396,854,696,2
88397,42,735,4
88398,671,121,4
88399,537,890,1
88400,868,158,1
88401,462,328,5
88402,943,614,5
88403,614,121,4
88404,609,313,5
88405,291,405,4
88406,708,678,2
88407,846,380,3
88408,907,1167,5
88409,894,298,3
88410,908,194,3
88411,933,229,1
88412,726,1,4
88413,933,89,4
88414,301,721,3
88415,655,975,3
88416,590,298,2
88417,712,451,5
88418,940,301,3
88419,381,142,3
88420,844,549,3
88421,655,378,1
88422,642,1091,4
88423,450,140,3
88424,904,747,4
88425,694,506,4
88426,416,387,3
88427,506,135,5
88428,541,304,4
88429,125,67,5
88430,843,300,3
88431,916,153,3
88432,655,448,4
88433,552,1362,3
88434,157,244,5
88435,745,275,1
88436,69,222,3
88437,924,288,3
88438,246,433,5
88439,907,1157,5
88440,663,975,4
88441,276,33,4
88442,870,569,2
88443,670,521,4
88444,865,99,1
88445,795,564,1
88446,292,203,4
88447,833,664,3
88448,492,172,3
88449,924,114,3
88450,106,70,3
88451,537,806,3
88452,645,177,4
88453,567,197,5
88454,157,235,5
88455,145,96,5
88456,405,69,4
88457,884,949,2
88458,582,676,2
88459,659,357,4
88460,871,286,3
88461,891,476,5
88462,716,283,4
88463,893,125,3
88464,495,969,4
88465,534,300,4
88466,782,261,2
88467,916,948,2
88468,233,9,5
88469,758,328,1
88470,60,483,5
88471,116,270,3
88472,870,461,4
88473,825,16,3
88474,889,1065,4
88475,855,59,3
88476,798,746,4
88477,265,1016,3
88478,783,880,4
88479,247,100,3
88480,642,779,3
88481,756,97,3
88482,699,1010,3
88483,835,465,3
88484,907,1048,5
88485,868,732,3
88486,804,96,5
88487,882,393,4
88488,495,233,4
88489,452,76,4
88490,548,683,4
88491,305,961,3
88492,269,479,4
88493,588,463,4
88494,802,665,4
88495,382,1268,5
88496,801,355,3
88497,566,108,2
88498,843,239,3
88499,701,292,4
88500,349,696,3
88501,416,255,5
88502,913,191,5
88503,758,506,3
88504,883,512,5
88505,721,380,5
88506,269,697,4
88507,757,148,4
88508,478,232,2
88509,632,475,3
88510,625,50,5
88511,943,151,4
88512,896,493,5
88513,938,222,5
88514,385,197,4
88515,445,1067,1
88516,863,886,3
88517,589,336,1
88518,318,208,4
88519,24,1007,5
88520,158,290,4
88521,450,151,5
88522,868,631,4
88523,910,50,5
88524,854,180,4
88525,663,1161,3
88526,280,379,5
88527,503,283,5
88528,897,418,4
88529,721,125,3
88530,881,176,4
88531,886,184,4
88532,806,174,5
88533,848,141,4
88534,880,1041,4
88535,476,70,3
88536,864,367,5
88537,894,935,3
88538,872,282,5
88539,933,53,1
88540,814,288,4
88541,941,358,2
88542,313,357,5
88543,719,509,2
88544,49,477,2
88545,761,402,3
88546,871,342,4
88547,624,410,4
88548,695,887,3
88549,622,154,4
88550,709,288,5
88551,892,168,4
88552,855,512,4
88553,23,642,3
88554,747,63,3
88555,373,229,4
88556,870,657,5
88557,741,1041,4
88558,885,100,3
88559,453,90,3
88560,239,382,3
88561,916,286,4
88562,535,429,3
88563,913,228,5
88564,880,177,5
88565,189,568,4
88566,328,385,3
88567,507,754,5
88568,880,230,3
88569,763,1039,4
88570,760,255,3
88571,598,243,2
88572,216,189,3
88573,882,131,4
88574,664,522,3
88575,559,259,3
88576,932,174,4
88577,645,23,5
88578,734,282,4
88579,559,261,3
88580,770,100,5
88581,805,127,3
88582,334,218,3
88583,18,28,3
88584,747,94,4
88585,561,737,3
88586,934,209,1
88587,900,100,4
88588,897,181,3
88589,847,568,4
88590,697,260,3
88591,178,328,3
88592,881,255,3
88593,466,7,4
88594,878,154,3
88595,878,1149,4
88596,563,167,4
88597,189,170,4
88598,655,515,4
88599,374,546,5
88600,423,887,5
88601,268,239,3
88602,643,527,3
88603,582,508,4
88604,614,286,2
88605,393,392,4
88606,58,223,5
88607,922,77,4
88608,757,470,3
88609,932,517,5
88610,899,71,4
88611,864,157,4
88612,561,478,4
88613,698,945,2
88614,207,129,3
88615,916,218,3
88616,825,456,3
88617,927,168,4
88618,642,581,2
88619,702,380,4
88620,787,879,4
88621,391,435,5
88622,665,1028,4
88623,487,94,3
88624,886,56,4
88625,864,1248,3
88626,693,211,2
88627,635,877,3
88628,833,38,1
88629,904,682,4
88630,653,198,4
88631,537,195,3
88632,261,300,5
88633,910,12,4
88634,429,697,3
88635,615,286,4
88636,537,483,4
88637,796,294,3
88638,903,421,3
88639,782,1173,2
88640,573,237,4
88641,892,378,4
88642,32,181,4
88643,513,258,4
88644,832,288,3
88645,758,209,5
88646,18,56,5
88647,939,717,4
88648,607,100,4
88649,85,745,3
88650,896,720,1
88651,751,21,5
88652,842,749,4
88653,479,498,5
88654,902,144,5
88655,708,117,4
88656,932,636,3
88657,119,492,5
88658,223,819,3
88659,769,237,3
88660,451,887,1
88661,878,97,3
88662,906,405,3
88663,653,318,4
88664,343,583,4
88665,826,177,5
88666,727,163,4
88667,578,313,5
88668,514,98,5
88669,488,223,4
88670,711,167,2
88671,568,523,3
88672,409,499,3
88673,627,17,2
88674,593,88,4
88675,813,304,1
88676,902,191,5
88677,95,194,5
88678,672,301,4
88679,757,405,4
88680,894,50,4
88681,328,71,4
88682,489,307,4
88683,682,550,2
88684,269,108,5
88685,878,1041,1
88686,227,756,3
88687,126,310,2
88688,892,72,4
88689,620,50,4
88690,903,272,4
88691,666,651,5
88692,577,1035,3
88693,707,506,2
88694,846,67,4
88695,882,202,4
88696,893,235,3
88697,456,214,4
88698,638,4,4
88699,653,333,5
88700,840,187,3
88701,90,942,4
88702,930,286,3
88703,833,1187,5
88704,426,489,5
88705,486,293,3
88706,293,411,2
88707,378,399,3
88708,545,227,4
88709,198,96,4
88710,870,428,4
88711,899,66,4
88712,805,234,5
88713,59,969,3
88714,793,237,3
88715,790,22,5
88716,824,748,1
88717,110,739,4
88718,305,222,2
88719,864,226,3
88720,747,608,4
88721,802,264,4
88722,622,1411,4
88723,500,161,2
88724,468,5,3
88725,648,763,2
88726,592,512,5
88727,429,241,3
88728,746,229,2
88729,851,1095,3
88730,870,55,3
88731,786,211,4
88732,835,405,3
88733,878,59,3
88734,659,210,5
88735,907,686,4
88736,733,762,4
88737,773,189,5
88738,693,504,5
88739,854,42,4
88740,934,1311,1
88741,733,245,3
88742,846,161,4
88743,796,248,3
88744,595,100,4
88745,542,64,4
88746,846,211,2
88747,494,204,5
88748,345,318,5
88749,737,258,5
88750,276,1232,3
88751,923,1011,4
88752,486,294,2
88753,532,229,5
88754,663,64,5
88755,311,79,4
88756,533,64,5
88757,903,157,4
88758,330,143,5
88759,393,1197,3
88760,924,482,4
88761,887,180,4
88762,910,313,4
88763,537,56,5
88764,653,237,2
88765,798,140,4
88766,320,358,4
88767,916,31,3
88768,883,273,4
88769,503,83,5
88770,478,869,2
88771,592,198,5
88772,613,1157,2
88773,207,177,3
88774,200,1028,2
88775,844,82,3
88776,504,667,3
88777,395,1060,2
88778,924,275,4
88779,397,474,5
88780,436,1489,2
88781,843,392,2
88782,217,11,4
88783,786,275,4
88784,710,301,3
88785,834,286,4
88786,862,99,4
88787,925,217,2
88788,537,325,1
88789,475,539,3
88790,868,503,3
88791,612,476,3
88792,805,140,3
88793,862,930,5
88794,734,162,3
88795,841,315,4
88796,622,1230,1
88797,806,628,3
88798,526,125,2
88799,746,233,4
88800,870,246,3
88801,541,924,5
88802,887,432,5
88803,401,429,3
88804,804,412,2
88805,505,951,3
88806,896,77,4
88807,85,482,4
88808,618,265,4
88809,487,426,3
88810,10,12,5
88811,30,69,5
88812,881,28,5
88813,652,328,4
88814,648,740,4
88815,932,675,4
88816,424,304,4
88817,738,91,4
88818,733,244,2
88819,836,750,3
88820,637,328,4
88821,916,1074,3
88822,942,272,5
88823,773,212,2
88824,406,502,1
88825,861,462,4
88826,932,603,5
88827,30,319,4
88828,580,829,2
88829,276,284,4
88830,500,367,3
88831,747,1015,4
88832,562,88,5
88833,916,820,2
88834,899,740,5
88835,583,286,4
88836,348,369,3
88837,711,408,5
88838,222,333,5
88839,468,124,5
88840,723,988,1
88841,934,211,4
88842,854,826,2
88843,754,127,4
88844,87,396,1
88845,95,392,3
88846,663,282,3
88847,795,431,4
88848,878,216,4
88849,271,427,5
88850,131,536,5
88851,711,958,5
88852,918,430,1
88853,935,274,5
88854,896,101,3
88855,766,514,4
88856,393,143,5
88857,851,456,2
88858,805,162,2
88859,727,111,3
88860,840,644,4
88861,825,106,4
88862,790,259,2
88863,577,1147,4
88864,671,2,4
88865,757,568,4
88866,592,762,5
88867,486,473,3
88868,831,208,2
88869,663,685,4
88870,894,9,4
88871,442,986,1
88872,100,346,3
88873,766,503,3
88874,709,825,2
88875,268,363,1
88876,642,121,5
88877,698,132,4
88878,435,432,3
88879,913,423,3
88880,566,660,4
88881,671,7,5
88882,543,66,3
88883,776,1172,2
88884,700,56,3
88885,782,1665,2
88886,830,418,3
88887,682,143,3
88888,796,385,5
88889,864,403,5
88890,928,114,5
88891,4,301,5
88892,387,676,1
88893,1,88,4
88894,826,1110,4
88895,610,66,3
88896,830,732,5
88897,614,237,2
88898,942,662,4
88899,883,382,3
88900,406,674,4
88901,271,176,3
88902,552,619,3
88903,838,750,4
88904,709,118,5
88905,751,90,3
88906,698,640,2
88907,655,164,2
88908,352,210,3
88909,807,757,4
88910,901,50,4
88911,886,1421,2
88912,851,193,4
88913,928,173,4
88914,617,1187,3
88915,883,52,3
88916,109,250,2
88917,851,248,4
88918,363,28,4
88919,798,50,5
88920,634,147,2
88921,405,1069,1
88922,867,1,4
88923,896,328,1
88924,860,216,4
88925,747,274,4
88926,927,154,3
88927,868,154,3
88928,744,174,4
88929,477,275,5
88930,693,382,4
88931,751,213,5
88932,486,222,3
88933,830,87,4
88934,810,678,4
88935,195,242,4
88936,659,609,4
88937,835,285,4
88938,567,59,5
88939,618,24,2
88940,622,7,5
88941,182,15,4
88942,843,194,2
88943,919,1014,4
88944,881,588,3
88945,360,175,3
88946,766,65,4
88947,633,148,1
88948,840,81,4
88949,922,252,2
88950,119,655,5
88951,883,1171,5
88952,867,182,4
88953,398,185,5
88954,406,185,5
88955,897,141,4
88956,126,303,3
88957,862,188,5
88958,903,214,4
88959,455,1167,4
88960,796,1415,3
88961,682,144,3
88962,413,321,3
88963,119,93,4
88964,151,531,3
88965,921,392,4
88966,640,161,4
88967,709,155,2
88968,195,841,2
88969,109,28,3
88970,902,328,3
88971,879,1047,2
88972,881,620,2
88973,893,597,4
88974,586,763,4
88975,184,197,4
88976,70,1,4
88977,583,655,5
88978,878,98,4
88979,871,289,3
88980,318,423,5
88981,936,1016,3
88982,293,117,3
88983,624,126,4
88984,796,300,4
88985,911,506,3
88986,296,514,5
88987,894,1281,3
88988,583,100,5
88989,691,692,5
88990,892,826,2
88991,852,826,3
88992,604,567,5
88993,647,196,4
88994,394,176,5
88995,628,984,5
88996,733,276,5
88997,939,283,5
88998,839,106,2
88999,877,173,4
89000,696,899,3
89001,903,12,5
89002,372,264,4
89003,506,199,4
89004,870,699,3
89005,894,331,4
89006,889,188,5
89007,645,746,4
89008,823,866,2
89009,435,946,2
89010,608,509,1
89011,921,1317,2
89012,886,399,3
89013,807,229,4
89014,738,117,3
89015,918,165,4
89016,642,1037,2
89017,884,923,3
89018,902,204,3
89019,527,433,4
89020,883,414,3
89021,906,124,4
89022,916,748,2
89023,757,472,3
89024,921,763,3
89025,738,269,2
89026,923,307,4
89027,463,1007,3
89028,807,421,3
89029,757,252,3
89030,564,924,3
89031,815,179,2
89032,439,268,4
89033,870,631,2
89034,894,1150,4
89035,784,332,4
89036,825,1008,1
89037,486,328,2
89038,870,945,4
89039,618,233,3
89040,399,356,3
89041,644,276,4
89042,655,1090,3
89043,492,478,2
89044,853,334,3
89045,715,367,3
89046,567,523,3
89047,782,1243,3
89048,864,159,4
89049,694,484,4
89050,943,824,4
89051,879,292,4
89052,847,480,3
89053,757,825,3
89054,79,285,5
89055,655,1248,3
89056,316,223,4
89057,929,127,5
89058,342,153,4
89059,885,735,3
89060,631,323,2
89061,646,259,3
89062,798,755,3
89063,794,455,4
89064,788,742,3
89065,704,506,4
89066,414,433,5
89067,892,180,5
89068,887,491,2
89069,488,127,4
89070,319,350,3
89071,430,123,2
89072,773,732,3
89073,649,127,5
89074,797,327,2
89075,588,716,5
89076,41,156,4
89077,901,739,5
89078,807,720,4
89079,419,1,4
89080,785,496,4
89081,535,300,3
89082,932,191,4
89083,897,196,3
89084,852,121,4
89085,363,230,2
89086,795,21,3
89087,599,1048,2
89088,844,588,4
89089,281,300,4
89090,830,424,1
89091,845,896,3
89092,142,268,5
89093,927,768,4
89094,537,79,3
89095,505,95,4
89096,412,195,4
89097,936,815,3
89098,864,223,5
89099,916,678,2
89100,912,479,4
89101,373,231,3
89102,936,300,3
89103,655,197,3
89104,299,399,2
89105,881,393,4
89106,894,289,2
89107,885,953,3
89108,720,896,5
89109,342,42,3
89110,350,1039,4
89111,16,943,3
89112,612,100,4
89113,321,942,3
89114,655,447,4
89115,919,750,3
89116,807,398,3
89117,279,231,2
89118,940,629,3
89119,306,257,4
89120,882,196,4
89121,451,873,5
89122,636,272,5
89123,896,928,3
89124,724,906,1
89125,802,201,4
89126,629,732,5
89127,833,273,3
89128,92,169,5
89129,916,549,3
89130,332,50,5
89131,870,653,4
89132,896,482,3
89133,271,43,3
89134,504,155,3
89135,805,729,3
89136,774,181,3
89137,537,603,4
89138,712,1074,3
89139,758,715,4
89140,870,191,3
89141,638,187,2
89142,914,781,5
89143,894,113,4
89144,749,143,4
89145,927,121,5
89146,924,172,4
89147,894,678,3
89148,520,990,4
89149,655,1136,2
89150,722,328,5
89151,406,367,4
89152,757,82,4
89153,916,198,4
89154,223,28,4
89155,732,294,3
89156,882,290,4
89157,269,268,5
89158,871,651,2
89159,399,1042,3
89160,345,40,3
89161,621,118,3
89162,655,639,3
89163,339,229,3
89164,715,145,2
89165,593,496,5
89166,911,209,5
89167,864,591,4
89168,385,204,1
89169,766,606,3
89170,456,217,3
89171,455,581,3
89172,62,747,3
89173,697,271,4
89174,896,679,3
89175,733,281,2
89176,868,566,1
89177,693,185,5
89178,930,255,3
89179,733,250,1
89180,63,993,2
89181,277,1012,3
89182,796,79,5
89183,726,294,5
89184,823,735,4
89185,766,172,3
89186,940,382,3
89187,894,1194,5
89188,263,181,4
89189,864,318,5
89190,621,3,5
89191,724,294,4
89192,553,187,5
89193,453,652,3
89194,885,174,5
89195,634,866,3
89196,655,1549,2
89197,344,258,3
89198,701,19,5
89199,394,294,4
89200,38,162,5
89201,892,233,5
89202,697,252,1
89203,916,380,2
89204,913,346,3
89205,592,813,4
89206,943,100,5
89207,92,418,3
89208,680,517,4
89209,845,308,4
89210,592,735,5
89211,758,922,5
89212,618,95,3
89213,75,222,5
89214,924,318,5
89215,354,887,4
89216,934,533,3
89217,6,8,4
89218,881,105,3
89219,922,715,3
89220,887,465,5
89221,931,293,4
89222,650,203,3
89223,592,287,3
89224,773,11,2
89225,897,118,5
89226,899,229,2
89227,851,820,3
89228,524,58,4
89229,314,1225,3
89230,405,1429,1
89231,578,751,3
89232,749,941,5
89233,786,174,4
89234,136,257,3
89235,442,164,2
89236,575,603,5
89237,684,73,4
89238,897,496,5
89239,340,196,4
89240,936,346,4
89241,773,23,5
89242,929,284,2
89243,727,810,2
89244,903,664,4
89245,222,685,4
89246,897,281,4
89247,911,154,4
89248,442,441,3
89249,276,636,4
89250,773,720,1
89251,916,746,3
89252,903,346,3
89253,693,611,4
89254,862,250,5
89255,347,713,3
89256,682,346,2
89257,57,257,5
89258,940,204,4
89259,782,321,2
89260,218,657,5
89261,789,741,5
89262,495,208,5
89263,910,98,4
89264,664,183,3
89265,828,906,3
89266,301,755,4
89267,682,235,1
89268,936,898,1
89269,932,528,5
89270,788,29,3
89271,680,24,4
89272,625,97,4
89273,826,79,4
89274,397,529,4
89275,642,926,5
89276,932,357,5
89277,814,669,3
89278,727,144,4
89279,940,12,4
89280,803,259,2
89281,934,550,4
89282,545,188,2
89283,882,412,1
89284,908,494,3
89285,927,928,4
89286,921,678,5
89287,458,969,4
89288,620,420,3
89289,943,202,2
89290,123,1269,2
89291,698,385,4
89292,499,205,5
89293,336,393,3
89294,851,895,3
89295,889,128,5
89296,911,172,4
89297,523,1472,5
89298,294,293,4
89299,786,451,2
89300,716,419,5
89301,781,56,3
89302,749,66,3
89303,470,277,4
89304,848,512,5
89305,868,433,4
89306,447,952,4
89307,271,315,4
89308,894,109,1
89309,666,493,5
89310,906,9,4
89311,894,313,4
89312,782,1014,2
89313,678,14,3
89314,529,307,5
89315,592,237,4
89316,175,566,3
89317,907,1051,5
89318,831,1119,3
89319,566,143,3
89320,551,1051,4
89321,10,286,4
89322,605,930,2
89323,479,338,1
89324,416,470,4
89325,758,509,5
89326,926,321,3
89327,160,9,3
89328,773,568,1
89329,942,99,5
89330,626,270,2
89331,905,345,4
89332,658,201,3
89333,637,1284,1
89334,421,173,1
89335,922,1,5
89336,943,426,4
89337,748,213,3
89338,26,471,2
89339,592,985,4
89340,693,230,2
89341,316,323,1
89342,18,83,5
89343,10,179,5
89344,314,69,5
89345,908,591,4
89346,805,403,4
89347,806,265,4
89348,742,24,3
89349,790,121,3
89350,682,82,4
89351,883,805,4
89352,495,9,5
89353,471,627,1
89354,833,174,2
89355,892,215,4
89356,168,1028,2
89357,699,1643,3
89358,916,476,2
89359,393,367,3
89360,833,1149,4
89361,860,100,4
89362,788,510,5
89363,843,495,3
89364,186,77,5
89365,934,153,5
89366,389,579,1
89367,328,56,4
89368,911,142,4
89369,654,751,3
89370,896,147,2
89371,727,1206,2
89372,632,258,4
89373,911,216,4
89374,189,1154,3
89375,807,510,5
89376,7,607,3
89377,596,289,3
89378,537,381,3
89379,885,94,2
89380,495,1263,4
89381,617,1316,1
89382,781,50,5
89383,874,100,4
89384,828,170,3
89385,795,1095,3
89386,279,17,4
89387,913,11,4
89388,711,70,5
89389,808,875,4
89390,878,152,4
89391,921,151,3
89392,875,28,4
89393,799,127,4
89394,884,146,3
89395,773,32,4
89396,715,68,4
89397,823,156,5
89398,851,824,4
89399,616,292,4
89400,659,186,3
89401,247,181,4
89402,913,164,2
89403,815,472,1
89404,851,1059,3
89405,249,1167,4
89406,897,673,5
89407,627,148,3
89408,879,751,2
89409,441,100,3
89410,756,275,3
89411,642,220,4
89412,711,317,4
89413,684,732,4
89414,752,1527,1
89415,727,940,2
89416,561,1021,4
89417,455,385,3
89418,907,19,5
89419,854,1011,2
89420,717,240,2
89421,450,756,3
89422,532,1483,4
89423,653,840,4
89424,624,689,3
89425,882,66,4
89426,829,151,4
89427,860,1059,1
89428,156,77,2
89429,859,458,3
89430,632,210,5
89431,851,410,4
89432,624,255,3
89433,405,313,4
89434,880,209,3
89435,588,370,5
89436,851,845,3
89437,685,882,3
89438,862,61,5
89439,843,215,2
89440,426,671,4
89441,877,241,4
89442,896,1098,3
89443,874,125,3
89444,854,493,5
89445,790,1118,3
89446,488,288,2
89447,853,690,2
89448,661,652,2
89449,748,197,3
89450,503,475,2
89451,912,474,3
89452,705,526,3
89453,933,127,5
89454,889,411,2
89455,838,568,4
89456,847,578,3
89457,879,125,5
89458,436,273,4
89459,864,169,5
89460,829,1121,4
89461,416,223,5
89462,871,955,3
89463,193,333,1
89464,821,148,3
89465,805,739,1
89466,185,239,3
89467,373,735,5
89468,704,210,4
89469,862,640,3
89470,43,226,3
89471,875,269,4
89472,890,452,2
89473,746,176,5
89474,145,869,4
89475,606,472,4
89476,194,550,3
89477,142,338,2
89478,370,173,3
89479,854,83,4
89480,306,289,3
89481,881,200,2
89482,881,728,3
89483,664,174,5
89484,875,707,4
89485,605,526,5
89486,81,210,4
89487,606,527,4
89488,588,21,5
89489,661,566,4
89490,270,1007,5
89491,561,692,1
89492,708,819,3
89493,181,299,1
89494,713,272,4
89495,801,343,4
89496,798,584,3
89497,621,108,3
89498,851,23,4
89499,886,772,1
89500,863,272,5
89501,186,405,3
89502,747,192,5
89503,894,60,5
89504,936,24,4
89505,868,747,2
89506,768,255,4
89507,73,246,3
89508,701,127,4
89509,896,735,3
89510,868,1037,1
89511,766,198,4
89512,206,1233,1
89513,805,432,5
89514,120,118,2
89515,807,208,4
89516,669,483,3
89517,7,86,4
89518,432,313,4
89519,889,746,4
89520,916,399,3
89521,738,216,3
89522,795,919,4
89523,882,465,3
89524,728,286,3
89525,851,676,3
89526,452,77,3
89527,42,411,4
89528,862,135,5
89529,807,659,4
89530,555,1013,4
89531,776,89,5
89532,690,89,2
89533,847,13,3
89534,757,174,5
89535,805,946,2
89536,804,496,5
89537,936,324,5
89538,881,136,4
89539,763,26,4
89540,907,173,4
89541,933,232,1
89542,592,458,3
89543,715,1016,4
89544,630,472,3
89545,574,1022,2
89546,862,89,5
89547,368,441,3
89548,589,690,4
89549,877,202,4
89550,429,739,3
89551,379,707,5
89552,753,173,5
89553,854,421,3
89554,864,474,4
89555,624,879,3
89556,561,201,3
89557,396,974,4
89558,714,924,3
89559,637,619,2
89560,780,28,5
89561,940,209,4
89562,892,1118,3
89563,655,944,3
89564,779,125,4
89565,429,651,4
89566,145,11,5
89567,326,1126,2
89568,798,554,2
89569,259,546,3
89570,869,1163,2
89571,442,239,3
89572,796,36,1
89573,896,1249,2
89574,559,22,1
89575,629,56,5
89576,450,1112,3
89577,217,684,5
89578,622,231,4
89579,690,53,2
89580,632,1028,2
89581,23,449,2
89582,460,9,3
89583,591,710,3
89584,716,826,2
89585,934,162,3
89586,618,174,5
89587,859,763,4
89588,882,568,5
89589,943,399,1
89590,902,95,4
89591,927,132,2
89592,425,403,4
89593,708,981,3
89594,889,98,4
89595,378,577,2
89596,894,990,3
89597,784,690,4
89598,645,521,4
89599,887,127,3
89600,897,188,5
89601,788,748,3
89602,666,707,5
89603,92,239,4
89604,887,928,5
89605,715,182,5
89606,62,285,4
89607,758,210,4
89608,438,619,4
89609,921,128,1
89610,830,222,3
89611,763,692,2
89612,830,451,4
89613,861,45,5
89614,328,258,5
89615,788,658,3
89616,429,540,3
89617,851,435,4
89618,653,172,3
89619,854,471,2
89620,695,312,3
89621,257,1010,4
89622,640,301,2
89623,591,85,3
89624,758,350,4
89625,488,132,3
89626,938,928,5
89627,141,294,4
89628,776,510,5
89629,817,294,4
89630,889,493,3
89631,886,63,3
89632,301,183,3
89633,389,87,5
89634,854,357,4
89635,802,200,4
89636,437,202,5
89637,796,550,3
89638,8,358,2
89639,787,359,3
89640,363,789,4
89641,711,582,5
89642,145,926,3
89643,865,547,5
89644,813,750,4
89645,95,679,2
89646,38,1029,1
89647,330,117,5
89648,532,311,2
89649,178,174,5
89650,892,7,4
89651,315,202,3
89652,430,151,4
89653,797,298,3
89654,940,1167,4
89655,334,290,3
89656,437,215,3
89657,742,127,5
89658,707,482,3
89659,922,29,3
89660,497,449,2
89661,561,1115,3
89662,644,546,4
89663,833,578,1
89664,880,541,2
89665,650,208,5
89666,881,43,3
89667,903,106,2
89668,591,712,3
89669,642,4,3
89670,936,25,4
89671,147,286,5
89672,495,1207,5
89673,465,275,4
89674,874,313,3
89675,698,228,3
89676,916,180,5
89677,910,307,2
89678,165,202,4
89679,34,898,5
89680,938,121,5
89681,327,875,4
89682,497,388,4
89683,805,679,4
89684,848,23,2
89685,652,879,3
89686,455,79,4
89687,896,62,2
89688,38,1037,4
89689,374,196,1
89690,743,9,5
89691,881,96,3
89692,658,530,4
89693,650,191,4
89694,405,1101,3
89695,835,200,4
89696,312,181,4
89697,883,124,5
89698,786,126,4
89699,114,200,3
89700,747,7,4
89701,761,742,2
89702,18,962,4
89703,922,380,4
89704,623,258,4
89705,760,195,4
89706,908,50,4
89707,911,1060,4
89708,887,56,5
89709,784,299,3
89710,943,393,2
89711,469,238,4
89712,848,50,5
89713,917,237,5
89714,843,651,2
89715,877,692,4
89716,631,315,4
89717,871,333,2
89718,763,13,3
89719,927,82,2
89720,930,165,5
89721,919,117,4
89722,903,120,2
89723,328,518,2
89724,668,902,2
89725,880,1119,3
89726,932,443,4
89727,847,70,3
89728,555,252,5
89729,894,70,3
89730,22,174,5
89731,19,294,3
89732,397,14,3
89733,795,95,4
89734,897,521,5
89735,916,825,1
89736,181,1325,1
89737,537,845,2
89738,559,94,3
89739,887,385,4
89740,804,425,4
89741,59,727,2
89742,886,919,4
89743,864,404,4
89744,519,268,5
89745,812,333,5
89746,600,53,4
89747,559,202,1
89748,523,169,5
89749,665,471,3
89750,749,180,4
89751,899,89,4
89752,490,255,1
89753,712,141,3
89754,451,1038,1
89755,940,70,3
89756,699,206,3
89757,893,260,2
89758,823,1067,4
89759,930,64,4
89760,216,3,4
89761,222,1250,1
89762,881,576,3
89763,916,147,1
89764,405,709,1
89765,840,654,4
89766,417,238,4
89767,551,265,4
89768,561,207,3
89769,759,118,5
89770,545,542,2
89771,751,486,3
89772,916,652,4
89773,804,930,3
89774,925,98,4
89775,716,494,5
89776,722,823,3
89777,927,775,3
89778,885,50,3
89779,279,222,1
89780,472,100,5
89781,881,768,3
89782,551,672,1
89783,538,174,4
89784,806,553,3
89785,519,751,4
89786,790,427,4
89787,913,180,3
89788,472,216,4
89789,10,479,5
89790,752,260,3
89791,450,59,4
89792,592,685,2
89793,59,505,4
89794,796,1039,4
89795,843,385,3
89796,896,422,3
89797,511,678,2
89798,913,83,4
89799,447,132,4
89800,896,380,2
89801,482,294,4
89802,334,419,3
89803,738,82,5
89804,843,229,3
89805,551,1118,5
89806,62,276,5
89807,420,286,4
89808,650,601,3
89809,864,127,4
89810,424,258,2
89811,854,1028,2
89812,698,526,2
89813,181,1242,1
89814,561,629,3
89815,896,655,4
89816,903,427,5
89817,626,879,1
89818,847,482,2
89819,664,724,3
89820,655,1144,3
89821,636,25,5
89822,422,271,3
89823,821,389,5
89824,854,756,3
89825,886,405,3
89826,768,597,2
89827,436,592,3
89828,893,476,3
89829,562,550,4
89830,887,501,4
89831,796,209,3
89832,938,260,4
89833,202,179,1
89834,943,406,3
89835,828,748,2
89836,247,258,5
89837,588,692,4
89838,862,467,4
89839,417,66,3
89840,551,760,3
89841,537,715,4
89842,894,1,4
89843,542,744,2
89844,751,481,4
89845,773,1170,3
89846,94,1065,4
89847,881,417,2
89848,426,641,4
89849,274,1163,2
89850,804,162,2
89851,727,474,3
89852,796,1511,3
89853,707,847,5
89854,506,484,4
89855,931,355,2
89856,8,566,3
89857,44,432,5
89858,749,485,4
89859,870,100,4
89860,929,22,5
89861,26,515,4
89862,774,250,3
89863,460,13,3
89864,838,9,4
89865,755,538,4
89866,923,1012,5
89867,551,211,5
89868,597,825,5
89869,177,42,4
89870,645,92,3
89871,930,137,2
89872,929,56,4
89873,871,181,3
89874,782,1292,3
89875,862,98,5
89876,1,13,5
89877,809,333,3
89878,875,32,5
89879,373,190,5
89880,880,1134,5
89881,457,160,4
89882,916,237,3
89883,153,322,3
89884,904,762,2
89885,938,323,3
89886,622,198,4
89887,622,431,5
89888,501,276,4
89889,891,148,5
89890,932,385,2
89891,933,144,4
89892,870,124,4
89893,60,228,4
89894,747,47,5
89895,588,286,4
89896,561,176,4
89897,655,471,3
89898,878,497,2
89899,897,1033,4
89900,859,288,4
89901,881,132,3
89902,117,1059,3
89903,715,629,2
89904,910,9,4
89905,555,301,4
89906,698,498,4
89907,653,482,2
89908,450,69,4
89909,406,1079,2
89910,846,87,4
89911,176,345,5
89912,838,83,5
89913,942,79,5
89914,33,288,4
89915,840,181,3
89916,717,1011,4
89917,868,755,4
89918,456,1421,3
89919,177,238,3
89920,898,327,5
89921,860,517,4
89922,385,23,5
89923,870,574,1
89924,363,384,1
89925,645,56,3
89926,227,15,4
89927,923,628,4
89928,753,653,4
89929,932,427,4
89930,880,109,4
89931,533,28,4
89932,690,636,4
89933,780,174,5
89934,887,419,2
89935,16,33,2
89936,936,455,3
89937,425,258,2
89938,921,820,3
89939,625,165,3
89940,145,333,2
89941,318,167,4
89942,926,302,4
89943,912,653,3
89944,508,79,2
89945,389,209,4
89946,16,410,5
89947,925,816,3
89948,865,475,4
89949,617,302,4
89950,928,48,5
89951,933,840,3
89952,933,167,2
89953,881,420,3
89954,360,471,4
89955,862,498,4
89956,504,401,2
89957,622,226,4
89958,661,195,5
89959,933,94,1
89960,897,65,4
89961,918,664,4
89962,921,1028,4
89963,689,358,4
89964,843,168,3
89965,222,230,4
89966,903,763,5
89967,740,271,2
89968,158,294,1
89969,66,300,5
89970,907,1016,5
89971,825,409,3
89972,622,1228,1
89973,872,546,4
89974,343,1047,1
89975,405,738,1
89976,848,127,3
89977,643,187,4
89978,499,519,3
89979,937,295,4
89980,813,263,3
89981,815,403,4
89982,859,118,3
89983,178,269,4
89984,21,286,3
89985,254,200,3
89986,754,286,3
89987,851,1014,3
89988,690,642,3
89989,867,69,2
89990,816,264,4
89991,771,172,4
89992,636,760,5
89993,707,167,2
89994,796,778,4
89995,772,328,5
89996,627,23,4
89997,766,497,3
89998,847,89,2
89999,896,24,4
90000,777,135,3
90001,837,1009,5
90002,724,895,4
90003,90,135,5
90004,387,12,5
90005,774,214,3
90006,929,433,2
90007,496,1091,1
90008,145,1279,1
90009,401,88,4
90010,734,164,3
90011,919,879,3
90012,764,633,5
90013,313,79,5
90014,425,455,2
90015,234,1010,2
90016,790,183,4
90017,919,875,1
90018,537,340,4
90019,792,15,4
90020,710,286,4
90021,419,69,4
90022,621,82,5
90023,748,408,5
90024,499,1483,1
90025,916,144,3
90026,719,98,5
90027,12,69,5
90028,908,515,4
90029,545,451,3
90030,897,866,5
90031,810,342,5
90032,686,50,4
90033,894,290,2
90034,605,333,4
90035,13,336,2
90036,629,435,4
90037,796,685,4
90038,892,98,5
90039,636,235,4
90040,932,162,4
90041,896,420,4
90042,213,924,4
90043,749,298,4
90044,807,515,4
90045,466,679,3
90046,344,496,4
90047,942,705,4
90048,941,763,3
90049,805,258,3
90050,883,785,3
90051,752,332,4
90052,326,523,4
90053,880,1014,4
90054,846,215,5
90055,688,879,5
90056,880,1224,3
90057,878,136,4
90058,344,319,1
90059,870,198,4
90060,218,98,5
90061,643,956,4
90062,752,752,3
90063,171,326,2
90064,695,333,2
90065,883,173,4
90066,394,549,4
90067,455,172,4
90068,795,50,3
90069,892,568,4
90070,608,197,5
90071,848,197,5
90072,266,100,5
90073,749,821,3
90074,846,515,5
90075,388,200,5
90076,883,304,3
90077,600,568,4
90078,891,118,4
90079,500,846,3
90080,513,763,3
90081,599,1,4
90082,663,864,3
90083,436,425,4
90084,326,519,5
90085,470,327,3
90086,889,405,2
90087,456,793,3
90088,716,72,3
90089,72,106,4
90090,373,465,4
90091,44,190,5
90092,833,13,2
90093,800,121,4
90094,908,482,3
90095,711,161,4
90096,655,372,3
90097,394,627,5
90098,727,25,3
90099,863,336,2
90100,724,351,1
90101,934,498,3
90102,751,739,3
90103,561,25,2
90104,221,117,4
90105,899,357,4
90106,436,11,5
90107,928,172,5
90108,293,410,2
90109,612,25,3
90110,160,325,3
90111,804,646,4
90112,916,425,5
90113,267,12,5
90114,647,202,4
90115,771,694,3
90116,798,801,3
90117,932,1411,4
90118,872,1376,2
90119,374,925,3
90120,704,197,5
90121,864,49,3
90122,523,1036,4
90123,829,20,3
90124,509,181,4
90125,13,813,1
90126,766,968,4
90127,877,98,5
90128,727,679,5
90129,650,642,3
90130,342,514,5
90131,778,35,1
90132,293,238,4
90133,458,515,4
90134,943,2,5
90135,614,1142,3
90136,862,1009,4
90137,638,226,5
90138,764,7,4
90139,272,134,5
90140,918,529,3
90141,887,143,5
90142,95,462,4
90143,840,637,3
90144,881,520,5
90145,883,550,3
90146,894,960,5
90147,936,221,4
90148,887,115,5
90149,642,393,5
90150,880,556,3
90151,549,323,2
90152,152,660,5
90153,833,76,2
90154,201,508,4
90155,833,197,3
90156,666,69,3
90157,910,1,4
90158,730,151,4
90159,932,165,4
90160,826,651,4
90161,293,820,2
90162,868,82,2
90163,757,145,3
90164,591,110,2
90165,642,191,4
90166,823,143,4
90167,916,188,3
90168,682,1019,5
90169,782,245,4
90170,782,1254,3
90171,592,688,1
90172,661,180,5
90173,721,876,3
90174,323,156,5
90175,94,997,4
90176,923,129,5
90177,250,202,4
90178,454,602,2
90179,795,203,3
90180,816,271,4
90181,116,127,5
90182,492,699,3
90183,193,347,4
90184,782,1088,2
90185,776,657,3
90186,896,183,4
90187,840,89,5
90188,501,544,4
90189,825,866,4
90190,627,690,5
90191,905,879,3
90192,13,882,3
90193,807,50,5
90194,916,566,3
90195,527,318,3
90196,12,127,4
90197,708,289,4
90198,796,559,3
90199,398,483,5
90200,592,1142,5
90201,393,9,4
90202,788,135,3
90203,328,715,2
90204,627,89,5
90205,907,71,5
90206,894,93,4
90207,374,823,1
90208,886,117,2
90209,374,181,3
90210,826,210,5
90211,910,25,3
90212,508,186,3
90213,901,210,4
90214,927,374,4
90215,659,79,4
90216,898,272,4
90217,920,288,3
90218,766,530,4
90219,328,167,3
90220,591,603,5
90221,813,270,5
90222,915,752,3
90223,834,287,2
90224,833,298,5
90225,932,478,4
90226,936,410,3
90227,896,68,3
90228,892,129,3
90229,183,50,2
90230,938,1254,1
90231,911,443,4
90232,727,128,4
90233,939,9,5
90234,706,117,4
90235,884,462,4
90236,870,693,4
90237,892,419,3
90238,860,307,3
90239,854,249,3
90240,880,147,4
90241,930,1048,2
90242,896,402,4
90243,872,930,3
90244,890,162,4
90245,936,6,5
90246,707,507,5
90247,830,134,3
90248,670,1299,4
90249,864,559,4
90250,805,810,2
90251,878,702,1
90252,870,9,5
90253,896,274,2
90254,591,283,4
90255,506,12,5
90256,655,61,3
90257,482,258,2
90258,882,1116,4
90259,899,684,3
90260,782,1670,3
90261,722,696,4
90262,931,315,5
90263,658,919,2
90264,774,597,2
90265,244,193,4
90266,588,216,5
90267,786,484,4
90268,660,257,4
90269,788,736,3
90270,435,55,5
90271,943,194,5
90272,864,194,4
90273,881,25,3
90274,537,980,3
90275,881,515,4
90276,763,317,3
90277,706,24,3
90278,430,303,4
90279,489,879,5
90280,590,137,5
90281,806,226,3
90282,676,286,4
90283,889,294,3
90284,38,768,5
90285,587,988,2
90286,758,640,5
90287,387,568,2
90288,871,1430,3
90289,716,489,4
90290,661,471,4
90291,829,1,4
90292,922,51,4
90293,95,631,4
90294,650,258,3
90295,844,222,3
90296,719,402,4
90297,748,4,4
90298,249,844,5
90299,643,357,5
90300,680,151,5
90301,450,366,3
90302,711,306,5
90303,425,50,5
90304,781,172,5
90305,903,1142,5
90306,673,898,3
90307,940,516,4
90308,844,919,3
90309,425,27,3
90310,457,208,4
90311,864,678,4
90312,659,655,4
90313,883,955,5
90314,929,423,4
90315,839,864,3
90316,790,80,2
90317,539,163,4
90318,714,9,3
90319,405,1529,1
90320,759,24,3
90321,723,178,3
90322,827,938,3
90323,330,82,4
90324,92,597,2
90325,711,200,4
90326,940,302,4
90327,807,393,4
90328,497,926,2
90329,592,518,5
90330,804,642,3
90331,238,237,3
90332,733,297,3
90333,846,213,3
90334,924,427,4
90335,560,22,2
90336,705,377,4
90337,898,315,5
90338,659,1044,4
90339,428,310,4
90340,766,71,3
90341,429,936,4
90342,711,387,4
90343,907,313,5
90344,551,143,4
90345,330,468,5
90346,887,142,1
90347,889,433,4
90348,213,288,4
90349,933,210,3
90350,882,1052,2
90351,393,315,5
90352,422,323,3
90353,851,332,1
90354,429,177,4
90355,940,651,4
90356,731,494,3
90357,541,623,3
90358,496,206,4
90359,868,114,5
90360,806,231,3
90361,904,202,2
90362,940,269,4
90363,656,300,2
90364,796,8,5
90365,878,515,4
90366,622,725,3
90367,766,1050,3
90368,632,203,3
90369,567,83,4
90370,823,42,4
90371,865,1240,5
90372,892,184,4
90373,224,729,3
90374,273,896,4
90375,938,508,4
90376,446,300,3
90377,840,756,4
90378,716,168,5
90379,804,182,4
90380,781,134,5
90381,896,128,4
90382,479,647,5
90383,933,665,1
90384,902,326,3
90385,870,382,3
90386,798,734,3
90387,527,134,5
90388,885,99,4
90389,883,1005,5
90390,883,778,4
90391,782,256,2
90392,790,203,4
90393,815,121,2
90394,825,844,2
90395,840,501,4
90396,499,258,2
90397,904,603,4
90398,435,818,2
90399,929,205,4
90400,933,186,4
90401,871,82,3
90402,916,568,4
90403,592,282,4
90404,764,531,5
90405,863,286,5
90406,880,384,3
90407,655,111,2
90408,899,603,4
90409,878,584,4
90410,871,331,3
90411,567,489,5
90412,655,357,4
90413,870,196,3
90414,114,172,5
90415,883,204,4
90416,181,370,2
90417,852,264,3
90418,758,61,3
90419,601,387,3
90420,537,173,4
90421,713,690,1
90422,870,477,4
90423,883,12,4
90424,506,85,3
90425,940,100,3
90426,883,285,5
90427,256,21,4
90428,405,170,1
90429,737,160,4
90430,756,983,2
90431,678,300,4
90432,846,802,2
90433,884,1018,2
90434,749,546,3
90435,855,475,4
90436,633,654,3
90437,622,172,5
90438,554,77,4
90439,851,176,4
90440,125,763,3
90441,121,315,4
90442,886,693,4
90443,572,813,4
90444,505,82,4
90445,435,235,4
90446,923,713,5
90447,624,282,4
90448,405,1573,1
90449,709,540,3
90450,844,421,4
90451,472,208,5
90452,663,13,3
90453,346,226,3
90454,788,528,5
90455,450,1518,4
90456,27,1017,4
90457,790,475,3
90458,846,432,3
90459,897,402,5
90460,280,411,3
90461,919,250,3
90462,904,794,4
90463,417,1411,3
90464,25,177,3
90465,795,405,1
90466,851,689,3
90467,715,233,3
90468,892,487,5
90469,222,223,4
90470,753,187,3
90471,868,1188,1
90472,620,1091,4
90473,903,79,4
90474,665,931,3
90475,809,315,5
90476,758,419,4
90477,561,925,3
90478,862,559,4
90479,911,153,5
90480,533,44,4
90481,939,280,5
90482,868,317,5
90483,749,139,4
90484,627,276,2
90485,934,213,4
90486,663,1067,3
90487,766,132,4
90488,786,50,4
90489,548,98,5
90490,267,89,5
90491,788,172,3
90492,593,179,5
90493,479,15,3
90494,653,232,2
90495,453,67,4
90496,870,710,3
90497,933,56,5
90498,634,225,3
90499,864,81,3
90500,7,317,4
90501,881,229,4
90502,94,721,2
90503,927,278,1
90504,934,99,3
90505,897,40,3
90506,529,689,2
90507,707,504,1
90508,937,50,5
90509,887,50,5
90510,778,246,2
90511,854,175,4
90512,159,597,5
90513,308,1118,4
90514,773,251,3
90515,868,550,4
90516,254,135,5
90517,217,825,3
90518,484,161,4
90519,643,234,4
90520,629,200,4
90521,450,405,4
90522,494,127,5
90523,751,99,4
90524,738,197,4
90525,829,258,3
90526,663,948,4
90527,788,662,4
90528,276,469,4
90529,524,1184,3
90530,916,535,3
90531,398,662,2
90532,73,514,4
90533,854,168,4
90534,529,260,4
90535,429,562,2
90536,795,39,4
90537,445,879,2
90538,880,1217,3
90539,704,100,4
90540,882,99,5
90541,162,28,4
90542,430,298,3
90543,201,45,2
90544,906,286,5
90545,74,300,3
90546,862,678,4
90547,181,287,2
90548,889,83,4
90549,524,418,1
90550,63,294,2
90551,226,23,3
90552,144,183,4
90553,919,334,4
90554,917,248,4
90555,395,288,2
90556,825,25,4
90557,883,430,5
90558,880,1244,3
90559,342,1011,3
90560,430,297,4
90561,670,419,4
90562,833,645,3
90563,72,770,4
90564,756,222,2
90565,738,930,3
90566,343,735,5
90567,452,71,3
90568,782,1257,1
90569,392,875,3
90570,646,323,3
90571,655,603,4
90572,894,276,5
90573,663,984,3
90574,738,1,5
90575,709,65,2
90576,938,456,1
90577,901,1,5
90578,329,322,3
90579,815,837,5
90580,933,735,3
90581,617,854,1
90582,934,732,5
90583,405,466,1
90584,642,812,4
90585,504,739,3
90586,887,13,1
90587,932,77,2
90588,892,64,4
90589,778,405,3
90590,437,248,2
90591,804,504,3
90592,883,584,3
90593,721,204,5
90594,794,137,5
90595,796,245,3
90596,894,268,3
90597,429,300,3
90598,831,688,1
90599,553,527,3
90600,250,159,4
90601,851,310,5
90602,60,141,3
90603,586,56,5
90604,798,1503,3
90605,244,1012,2
90606,582,313,5
90607,833,448,3
90608,570,340,3
90609,788,230,3
90610,833,980,3
90611,320,51,5
90612,529,300,4
90613,911,451,2
90614,753,316,4
90615,892,1091,2
90616,505,648,4
90617,38,413,1
90618,650,639,3
90619,849,118,5
90620,703,926,4
90621,793,222,3
90622,178,223,4
90623,522,180,5
90624,571,181,4
90625,853,880,5
90626,936,235,3
90627,922,576,4
90628,796,216,5
90629,749,226,4
90630,846,778,4
90631,234,843,2
90632,864,164,4
90633,293,73,2
90634,314,568,5
90635,823,503,5
90636,846,497,5
90637,506,455,3
90638,867,191,5
90639,630,568,4
90640,537,499,3
90641,252,124,5
90642,921,400,4
90643,882,411,3
90644,297,659,4
90645,710,100,4
90646,267,959,3
90647,378,82,4
90648,877,52,4
90649,886,180,5
90650,486,281,3
90651,932,1116,4
90652,75,866,2
90653,577,22,5
90654,399,919,2
90655,880,401,3
90656,892,238,4
90657,660,523,3
90658,913,100,3
90659,85,663,5
90660,546,892,4
90661,620,588,5
90662,457,252,4
90663,932,447,3
90664,378,204,4
90665,918,72,1
90666,715,713,4
90667,629,326,3
90668,908,79,4
90669,244,56,5
90670,299,510,5
90671,416,926,2
90672,608,234,5
90673,805,645,5
90674,919,304,4
90675,665,237,3
90676,761,282,4
90677,588,151,4
90678,775,315,5
90679,314,1048,4
90680,690,127,4
90681,293,66,2
90682,746,174,5
90683,886,58,4
90684,443,948,1
90685,617,200,5
90686,234,768,2
90687,450,415,3
90688,537,953,3
90689,903,240,4
90690,787,691,4
90691,493,959,2
90692,234,699,3
90693,783,294,3
90694,666,50,3
90695,877,463,4
90696,675,223,1
90697,230,10,3
90698,524,493,4
90699,860,287,3
90700,666,100,4
90701,450,232,4
90702,719,294,2
90703,295,941,4
90704,648,286,1
90705,868,207,3
90706,416,1136,4
90707,416,624,3
90708,429,583,3
90709,758,43,3
90710,932,470,3
90711,748,79,4
90712,468,143,5
90713,448,288,1
90714,459,1014,1
90715,269,673,4
90716,717,1051,3
90717,816,678,4
90718,43,143,4
90719,872,294,3
90720,846,99,4
90721,693,228,2
90722,670,161,2
90723,328,481,3
90724,470,742,4
90725,916,58,5
90726,756,88,1
90727,863,348,2
90728,374,732,4
90729,661,298,3
90730,405,1090,1
90731,349,459,4
90732,535,135,3
90733,679,111,3
90734,877,155,2
90735,296,659,5
90736,551,33,5
90737,790,168,4
90738,843,197,2
90739,833,467,2
90740,939,680,2
90741,159,15,5
90742,833,230,1
90743,751,738,4
90744,896,51,2
90745,327,250,2
90746,303,1209,2
90747,594,276,3
90748,790,283,2
90749,246,175,4
90750,933,411,2
90751,643,172,5
90752,591,511,3
90753,201,33,4
90754,889,147,3
90755,592,591,4
90756,6,237,2
90757,425,684,2
90758,655,1448,3
90759,268,449,2
90760,41,514,4
90761,130,203,4
90762,435,10,5
90763,7,164,5
90764,757,1014,3
90765,880,731,4
90766,90,491,4
90767,536,95,5
90768,445,1378,2
90769,362,678,2
90770,695,302,4
90771,407,189,4
90772,889,124,4
90773,538,58,4
90774,621,62,4
90775,858,754,4
90776,664,525,4
90777,846,212,5
90778,479,200,5
90779,910,124,3
90780,825,1051,4
90781,591,4,4
90782,887,471,3
90783,747,1041,4
90784,330,627,5
90785,936,244,4
90786,286,183,4
90787,859,410,4
90788,422,234,4
90789,872,717,4
90790,679,751,5
90791,835,514,3
90792,941,298,5
90793,378,728,3
90794,14,524,5
90795,682,48,4
90796,748,300,4
90797,877,531,5
90798,635,742,3
90799,567,303,3
90800,727,147,3
90801,463,286,4
90802,382,252,2
90803,846,181,5
90804,846,271,5
90805,174,98,5
90806,429,11,4
90807,921,762,2
90808,664,317,3
90809,694,241,3
90810,892,760,3
90811,870,713,4
90812,815,659,5
90813,539,215,4
90814,940,709,5
90815,918,1639,5
90816,830,399,5
90817,435,79,4
90818,757,188,3
90819,586,551,2
90820,514,268,4
90821,727,366,3
90822,918,1195,4
90823,851,597,4
90824,897,290,4
90825,435,155,3
90826,267,181,5
90827,222,465,2
90828,296,462,4
90829,543,47,3
90830,807,484,4
90831,790,568,3
90832,919,148,3
90833,774,674,2
90834,799,331,4
90835,224,526,4
90836,92,108,2
90837,455,744,3
90838,721,237,3
90839,892,525,5
90840,588,50,5
90841,881,580,5
90842,666,129,4
90843,588,403,3
90844,201,737,2
90845,582,473,3
90846,919,82,5
90847,405,621,1
90848,885,188,3
90849,606,1011,3
90850,671,654,3
90851,916,117,2
90852,851,1051,2
90853,618,1163,2
90854,741,216,4
90855,878,485,3
90856,846,182,5
90857,705,117,5
90858,786,188,5
90859,890,663,4
90860,585,286,4
90861,657,508,4
90862,318,941,4
90863,885,393,3
90864,239,179,5
90865,745,302,4
90866,803,264,2
90867,615,14,5
90868,889,239,4
90869,880,96,4
90870,731,202,5
90871,397,591,4
90872,474,126,4
90873,884,638,4
90874,883,338,4
90875,849,207,5
90876,648,151,2
90877,472,603,5
90878,588,720,4
90879,767,648,4
90880,864,625,4
90881,939,591,5
90882,413,100,4
90883,885,111,4
90884,398,283,3
90885,270,118,3
90886,916,674,3
90887,886,265,4
90888,864,563,3
90889,784,260,4
90890,435,953,3
90891,886,15,3
90892,599,866,2
90893,886,659,4
90894,776,679,4
90895,200,465,4
90896,676,483,4
90897,682,1228,1
90898,897,121,5
90899,880,761,4
90900,43,731,4
90901,449,213,3
90902,643,82,3
90903,529,690,3
90904,896,1045,3
90905,935,282,4
90906,592,99,5
90907,768,274,3
90908,804,951,3
90909,289,109,3
90910,655,1311,3
90911,794,273,4
90912,697,263,1
90913,815,190,5
90914,889,919,5
90915,868,547,3
90916,795,1,4
90917,660,182,2
90918,503,185,5
90919,727,399,3
90920,380,1101,4
90921,345,210,4
90922,189,185,5
90923,892,62,4
90924,862,483,5
90925,497,42,4
90926,716,234,5
90927,828,288,3
90928,880,24,3
90929,831,271,2
90930,758,616,4
90931,796,43,4
90932,942,265,5
90933,659,1021,5
90934,932,600,2
90935,886,92,3
90936,833,47,5
90937,491,493,4
90938,115,100,5
90939,886,959,3
90940,634,845,3
90941,588,234,5
90942,121,11,2
90943,883,863,3
90944,80,887,4
90945,201,705,3
90946,795,10,4
90947,943,1044,3
90948,793,3,4
90949,545,684,4
90950,311,781,2
90951,889,258,4
90952,665,121,2
90953,933,166,3
90954,633,195,4
90955,347,260,1
90956,910,118,3
90957,416,330,3
90958,754,1197,3
90959,747,644,5
90960,13,778,3
90961,757,449,3
90962,535,504,3
90963,938,597,3
90964,634,245,3
90965,710,420,4
90966,393,586,3
90967,181,1341,1
90968,209,293,4
90969,617,671,4
90970,880,588,4
90971,741,178,5
90972,312,484,5
90973,843,1,3
90974,655,93,3
90975,118,234,5
90976,897,235,3
90977,532,98,5
90978,934,1411,4
90979,814,667,2
90980,294,255,3
90981,782,880,4
90982,763,1180,2
90983,488,134,2
90984,524,429,2
90985,707,462,4
90986,895,294,4
90987,145,249,4
90988,818,258,4
90989,901,423,4
90990,853,340,1
90991,758,433,5
90992,758,447,4
90993,180,181,2
90994,541,709,5
90995,654,223,4
90996,860,712,3
90997,880,248,4
90998,487,178,5
90999,830,49,5
91000,887,378,5
91001,46,262,5
91002,842,340,5
91003,918,168,3
91004,880,234,5
91005,540,147,3
91006,655,1388,3
91007,823,52,3
91008,239,1065,5
91009,815,1133,3
91010,648,527,4
91011,592,1166,3
91012,528,250,3
91013,864,232,4
91014,841,1294,5
91015,26,936,4
91016,796,64,4
91017,887,1013,4
91018,145,218,3
91019,901,151,3
91020,918,196,3
91021,727,1185,1
91022,758,293,3
91023,942,310,4
91024,601,195,3
91025,44,181,4
91026,567,56,4
91027,889,385,3
91028,326,131,2
91029,932,487,3
91030,734,821,2
91031,885,420,4
91032,743,340,3
91033,654,12,5
91034,868,429,2
91035,774,566,2
91036,532,840,4
91037,299,49,4
91038,534,282,5
91039,513,121,5
91040,788,62,3
91041,716,708,4
91042,940,258,5
91043,38,627,5
91044,827,332,3
91045,596,50,5
91046,682,721,4
91047,533,451,2
91048,894,875,3
91049,383,528,4
91050,682,180,3
91051,537,1011,3
91052,892,418,4
91053,265,273,5
91054,894,961,4
91055,225,478,5
91056,642,928,5
91057,938,288,5
91058,401,482,4
91059,805,191,4
91060,402,408,5
91061,815,133,5
91062,833,378,3
91063,514,87,5
91064,559,521,2
91065,774,743,1
91066,561,709,3
91067,324,508,5
91068,880,930,2
91069,916,125,3
91070,409,79,4
91071,790,258,3
91072,938,225,4
91073,693,566,2
91074,919,315,3
91075,776,603,4
91076,796,1032,3
91077,804,413,4
91078,506,196,4
91079,924,200,4
91080,880,81,4
91081,725,748,4
91082,375,1046,2
91083,836,900,2
91084,846,381,4
91085,934,163,4
91086,919,28,4
91087,899,179,2
91088,795,72,3
91089,653,1136,2
91090,579,523,3
91091,917,751,2
91092,888,111,4
91093,405,665,1
91094,870,690,2
91095,634,696,4
91096,180,655,5
91097,758,66,3
91098,757,931,2
91099,846,638,4
91100,537,591,3
91101,383,124,4
91102,747,517,5
91103,871,182,5
91104,243,77,3
91105,686,22,5
91106,922,258,4
91107,646,880,3
91108,48,193,2
91109,532,864,4
91110,653,620,3
91111,533,508,4
91112,608,514,5
91113,922,67,3
91114,855,510,4
91115,111,304,4
91116,719,300,2
91117,635,333,5
91118,894,536,5
91119,406,210,5
91120,546,665,2
91121,903,684,3
91122,865,473,3
91123,634,1162,1
91124,569,333,3
91125,64,496,5
91126,894,736,4
91127,151,173,5
91128,548,293,4
91129,307,269,4
91130,892,194,4
91131,280,318,5
91132,74,358,2
91133,780,4,3
91134,889,203,2
91135,728,323,3
91136,864,258,5
91137,862,196,5
91138,33,300,4
91139,878,923,3
91140,938,1061,4
91141,890,194,5
91142,747,174,5
91143,447,762,3
91144,642,432,2
91145,583,195,4
91146,669,195,2
91147,751,204,4
91148,95,648,3
91149,866,896,2
91150,851,818,2
91151,805,597,3
91152,847,419,3
91153,823,231,3
91154,236,521,3
91155,823,128,2
91156,478,204,4
91157,497,928,3
91158,608,340,4
91159,542,22,3
91160,894,1005,5
91161,901,636,2
91162,811,988,4
91163,678,277,3
91164,151,28,4
91165,677,740,1
91166,743,408,4
91167,532,1240,2
91168,916,168,4
91169,890,484,3
91170,758,96,5
91171,877,690,4
91172,799,321,4
91173,672,181,3
91174,639,949,3
91175,881,409,4
91176,766,375,2
91177,190,24,3
91178,936,3,4
91179,539,56,2
91180,766,609,3
91181,757,164,3
91182,296,696,4
91183,398,97,4
91184,932,205,5
91185,935,9,1
91186,747,653,5
91187,892,659,4
91188,181,544,1
91189,878,64,5
91190,903,154,4
91191,891,924,5
91192,391,98,4
91193,393,652,3
91194,121,458,1
91195,883,275,4
91196,921,1051,3
91197,194,199,4
91198,898,312,2
91199,64,347,3
91200,648,576,4
91201,776,444,2
91202,877,302,2
91203,807,998,3
91204,398,135,3
91205,471,1219,4
91206,824,259,4
91207,738,225,3
91208,429,796,3
91209,102,1,3
91210,407,219,4
91211,498,337,4
91212,343,1117,3
91213,774,530,5
91214,100,751,4
91215,819,177,4
91216,787,313,5
91217,828,475,4
91218,921,1287,1
91219,778,216,3
91220,880,1017,3
91221,683,354,3
91222,930,106,4
91223,13,515,2
91224,465,836,3
91225,769,1093,3
91226,746,720,3
91227,880,470,4
91228,466,241,5
91229,868,327,4
91230,882,199,5
91231,327,183,3
91232,864,235,5
91233,913,596,1
91234,796,486,5
91235,523,1121,5
91236,363,301,3
91237,770,268,5
91238,907,50,4
91239,543,796,3
91240,378,660,4
91241,872,290,2
91242,840,175,4
91243,100,271,3
91244,860,321,3
91245,745,9,4
91246,646,1313,3
91247,943,31,4
91248,903,87,4
91249,787,286,3
91250,89,173,5
91251,932,195,4
91252,697,9,4
91253,406,294,3
91254,916,971,4
91255,424,300,2
91256,504,168,5
91257,148,173,5
91258,13,9,3
91259,903,60,4
91260,523,531,5
91261,682,27,3
91262,642,208,5
91263,681,292,4
91264,911,374,1
91265,429,80,3
91266,936,121,4
91267,938,1152,3
91268,880,310,3
91269,650,257,3
91270,889,651,4
91271,916,569,2
91272,916,97,4
91273,275,679,3
91274,234,447,3
91275,919,294,3
91276,561,928,2
91277,916,1101,4
91278,94,226,2
91279,807,543,2
91280,684,83,5
91281,854,411,2
91282,669,111,4
91283,912,661,2
91284,919,271,4
91285,312,429,5
91286,927,11,5
91287,408,751,4
91288,848,153,5
91289,895,742,4
91290,883,13,4
91291,942,750,4
91292,922,204,3
91293,261,596,2
91294,872,284,3
91295,158,70,4
91296,901,1047,3
91297,618,483,5
91298,894,277,4
91299,921,194,3
91300,934,420,4
91301,899,181,3
91302,318,1030,2
91303,894,212,5
91304,843,143,2
91305,896,179,2
91306,141,1040,3
91307,746,68,4
91308,582,294,1
91309,833,517,2
91310,632,468,3
91311,693,654,3
91312,805,141,2
91313,941,408,5
91314,563,220,4
91315,774,97,2
91316,796,387,3
91317,313,559,3
91318,864,665,3
91319,881,542,1
91320,157,1016,5
91321,738,211,3
91322,901,451,4
91323,913,531,2
91324,835,485,5
91325,593,393,4
91326,99,329,4
91327,848,484,5
91328,913,474,5
91329,881,186,3
91330,456,109,3
91331,214,518,3
91332,663,1059,2
91333,933,50,4
91334,293,712,2
91335,894,125,3
91336,784,346,4
91337,917,696,5
91338,596,286,4
91339,882,820,3
91340,642,660,3
91341,894,19,4
91342,927,535,3
91343,836,523,5
91344,598,300,4
91345,831,750,4
91346,569,546,3
91347,506,692,4
91348,683,315,4
91349,754,340,2
91350,541,95,4
91351,905,301,4
91352,722,866,4
91353,894,198,4
91354,881,582,1
91355,738,109,4
91356,256,829,4
91357,409,83,3
91358,474,9,5
91359,782,890,1
91360,937,19,1
91361,629,699,3
91362,374,88,3
91363,933,578,1
91364,796,342,5
91365,883,10,5
91366,916,193,4
91367,840,615,5
91368,892,484,5
91369,742,284,3
91370,798,694,3
91371,763,515,4
91372,208,781,3
91373,455,258,5
91374,79,763,5
91375,932,148,2
91376,776,524,5
91377,655,137,4
91378,882,151,5
91379,880,1185,1
91380,378,1168,3
91381,932,189,5
91382,896,29,2
91383,175,98,5
91384,773,541,1
91385,843,170,1
91386,456,14,5
91387,933,184,1
91388,894,190,5
91389,514,222,4
91390,932,530,4
91391,756,66,4
91392,591,194,4
91393,918,855,5
91394,825,597,5
91395,774,1215,1
91396,892,70,4
91397,848,528,3
91398,918,153,1
91399,588,100,1
91400,576,7,5
91401,840,609,4
91402,938,148,3
91403,641,558,5
91404,840,855,4
91405,894,303,4
91406,615,666,2
91407,815,168,3
91408,640,175,5
91409,882,121,4
91410,303,259,3
91411,206,326,1
91412,907,25,5
91413,645,48,4
91414,859,1008,4
91415,297,1136,3
91416,865,744,4
91417,694,72,4
91418,894,978,3
91419,303,81,4
91420,267,1035,4
91421,916,79,3
91422,712,946,4
91423,625,197,5
91424,7,309,3
91425,938,7,4
91426,568,430,3
91427,643,58,4
91428,795,17,2
91429,343,715,5
91430,771,164,2
91431,820,286,4
91432,757,1,4
91433,882,258,3
91434,834,148,4
91435,788,399,3
91436,655,298,4
91437,932,134,4
91438,642,40,4
91439,727,1250,1
91440,892,69,5
91441,24,699,3
91442,848,134,5
91443,914,1259,1
91444,835,135,5
91445,747,129,5
91446,733,116,4
91447,334,1011,4
91448,677,908,4
91449,503,8,5
91450,930,523,2
91451,910,254,1
91452,913,419,5
91453,890,179,5
91454,22,998,1
91455,752,995,4
91456,777,692,5
91457,790,582,3
91458,846,521,3
91459,588,111,1
91460,790,275,4
91461,561,588,2
91462,146,342,1
91463,880,381,4
91464,716,385,1
91465,758,12,5
91466,933,627,2
91467,551,727,5
91468,716,631,5
91469,669,654,5
91470,500,82,4
91471,427,334,5
91472,838,69,4
91473,930,1,3
91474,458,1335,1
91475,872,682,3
91476,715,1188,2
91477,916,250,4
91478,710,173,3
91479,313,235,3
91480,847,1031,2
91481,290,64,4
91482,847,820,1
91483,929,135,5
91484,276,293,4
91485,795,68,3
91486,916,541,2
91487,933,38,2
91488,221,423,2
91489,880,127,5
91490,934,428,4
91491,371,204,5
91492,643,202,3
91493,459,275,4
91494,935,597,4
91495,660,298,2
91496,342,324,1
91497,881,495,5
91498,886,132,3
91499,422,7,3
91500,923,293,4
91501,834,300,3
91502,207,1170,2
91503,218,431,3
91504,708,1049,2
91505,94,690,4
91506,561,385,2
91507,655,889,3
91508,288,100,5
91509,834,181,5
91510,532,660,4
91511,497,1041,3
91512,683,914,2
91513,932,616,5
91514,883,385,1
91515,464,50,4
91516,916,161,3
91517,927,111,4
91518,916,387,4
91519,617,192,5
91520,708,676,3
91521,488,31,4
91522,435,169,5
91523,59,143,1
91524,290,357,3
91525,841,325,3
91526,181,1352,1
91527,663,319,1
91528,738,528,4
91529,112,315,5
91530,881,1228,3
91531,645,46,5
91532,935,300,4
91533,670,483,5
91534,26,282,4
91535,826,82,3
91536,936,1335,4
91537,435,627,3
91538,931,126,4
91539,805,169,4
91540,870,197,5
91541,149,333,1
91542,411,194,5
91543,887,305,5
91544,896,637,2
91545,664,134,5
91546,89,405,3
91547,592,558,5
91548,671,526,2
91549,560,275,4
91550,943,231,2
91551,216,833,2
91552,605,934,4
91553,930,116,5
91554,830,88,4
91555,911,465,5
91556,843,74,2
91557,880,1188,2
91558,865,685,3
91559,445,271,1
91560,804,448,3
91561,793,106,3
91562,727,98,4
91563,537,518,4
91564,910,174,5
91565,886,566,3
91566,276,1273,2
91567,642,1058,3
91568,838,255,4
91569,711,727,4
91570,865,108,1
91571,803,538,4
91572,836,324,4
91573,655,1118,3
91574,95,50,5
91575,561,651,3
91576,648,220,3
91577,846,63,3
91578,868,378,2
91579,841,258,5
91580,650,290,2
91581,889,3,4
91582,102,684,2
91583,482,313,5
91584,892,159,4
91585,843,196,2
91586,937,303,4
91587,655,279,3
91588,934,630,4
91589,846,82,2
91590,542,249,4
91591,102,1076,2
91592,805,357,5
91593,620,151,4
91594,862,546,4
91595,787,351,3
91596,639,14,5
91597,858,9,5
91598,779,294,5
91599,194,712,3
91600,796,655,3
91601,825,840,4
91602,727,252,2
91603,620,758,2
91604,378,51,3
91605,824,243,1
91606,885,365,3
91607,777,652,5
91608,45,24,3
91609,748,118,2
91610,798,181,5
91611,421,509,2
91612,683,127,4
91613,934,712,4
91614,771,173,4
91615,809,322,3
91616,817,9,3
91617,406,462,5
91618,751,655,3
91619,932,493,5
91620,894,30,4
91621,530,470,3
91622,916,257,3
91623,932,228,4
91624,796,195,5
91625,894,718,3
91626,239,528,5
91627,932,520,4
91628,41,50,5
91629,329,534,3
91630,642,172,5
91631,59,507,4
91632,709,295,3
91633,389,367,4
91634,436,427,3
91635,905,751,3
91636,887,455,5
91637,693,546,1
91638,940,183,3
91639,551,17,5
91640,911,173,5
91641,250,469,4
91642,605,187,5
91643,863,895,5
91644,460,245,3
91645,881,194,3
91646,155,322,2
91647,798,1446,4
91648,690,69,5
91649,650,520,4
91650,938,259,2
91651,724,323,2
91652,608,42,5
91653,894,270,3
91654,514,199,3
91655,648,742,5
91656,545,50,5
91657,905,1051,2
91658,577,294,4
91659,933,39,3
91660,296,1251,5
91661,617,17,1
91662,294,21,3
91663,653,1035,2
91664,655,196,3
91665,919,880,3
91666,642,1032,4
91667,22,731,3
91668,180,235,4
91669,864,393,3
91670,934,449,4
91671,784,302,5
91672,782,752,4
91673,757,118,3
91674,870,427,4
91675,429,528,4
91676,897,25,2
91677,533,627,2
91678,151,664,5
91679,846,463,5
91680,910,597,3
91681,833,819,1
91682,378,956,3
91683,435,585,3
91684,468,55,5
91685,930,14,4
91686,492,474,5
91687,90,516,5
91688,286,1133,4
91689,645,288,3
91690,13,218,1
91691,840,463,5
91692,804,928,4
91693,864,58,5
91694,276,949,3
91695,868,1240,5
91696,429,71,3
91697,806,70,2
91698,109,50,5
91699,932,212,4
91700,805,549,3
91701,734,705,4
91702,838,487,4
91703,268,840,2
91704,846,97,4
91705,619,293,3
91706,502,307,4
91707,898,328,2
91708,543,144,4
91709,814,447,3
91710,805,82,3
91711,807,1274,3
91712,659,559,1
91713,307,121,1
91714,524,60,5
91715,416,303,4
91716,299,354,4
91717,145,544,4
91718,933,164,2
91719,328,610,3
91720,330,384,2
91721,553,483,5
91722,455,736,3
91723,872,975,4
91724,267,265,5
91725,758,319,4
91726,504,100,5
91727,536,205,5
91728,555,13,5
91729,934,89,5
91730,618,214,2
91731,657,7,3
91732,896,952,4
91733,798,828,4
91734,91,79,5
91735,756,151,4
91736,934,170,4
91737,224,147,3
91738,367,217,5
91739,870,88,2
91740,562,148,5
91741,864,509,5
91742,883,496,2
91743,622,427,4
91744,903,273,3
91745,363,1013,3
91746,645,135,5
91747,479,205,3
91748,722,117,4
91749,774,518,1
91750,650,145,3
91751,918,381,5
91752,896,129,4
91753,862,979,5
91754,837,277,2
91755,144,212,5
91756,537,19,4
91757,393,769,4
91758,329,423,4
91759,578,300,4
91760,405,550,2
91761,894,124,5
91762,883,237,3
91763,325,172,4
91764,179,347,3
91765,655,559,2
91766,896,164,4
91767,478,433,3
91768,897,125,4
91769,916,367,3
91770,222,597,1
91771,271,735,4
91772,552,111,3
91773,577,216,4
91774,398,237,3
91775,880,151,4
91776,929,28,4
91777,26,1013,1
91778,452,480,5
91779,323,273,4
91780,896,43,3
91781,758,77,3
91782,751,597,2
91783,472,235,5
91784,933,834,1
91785,788,828,3
91786,889,165,3
91787,881,748,3
91788,880,63,3
91789,886,214,3
91790,591,954,3
91791,877,222,2
91792,880,636,3
91793,723,150,3
91794,524,647,3
91795,332,472,3
91796,887,409,4
91797,868,55,5
91798,286,402,3
91799,932,96,4
91800,926,272,5
91801,650,176,4
91802,847,603,3
91803,279,945,5
91804,738,100,2
91805,747,172,5
91806,393,819,3
91807,487,1220,4
91808,795,583,4
91809,817,288,4
91810,943,204,3
91811,655,1628,2
91812,870,579,2
91813,586,232,3
91814,830,510,4
91815,263,141,5
91816,648,364,5
91817,870,313,4
91818,540,762,4
91819,698,214,1
91820,722,148,3
91821,916,369,2
91822,653,393,2
91823,747,1246,1
91824,774,211,3
91825,774,62,2
91826,537,792,3
91827,804,167,3
91828,805,338,1
91829,883,265,3
91830,801,358,4
91831,645,194,4
91832,773,324,3
91833,472,95,3
91834,603,474,4
91835,808,264,5
91836,922,834,1
91837,871,1434,3
91838,942,328,3
91839,537,978,2
91840,870,692,2
91841,943,132,3
91842,162,294,3
91843,85,162,2
91844,543,562,2
91845,601,406,2
91846,539,301,5
91847,828,462,3
91848,919,423,5
91849,490,289,1
91850,484,89,4
91851,430,64,4
91852,543,432,4
91853,727,1615,1
91854,577,941,4
91855,582,988,1
91856,846,737,4
91857,307,708,4
91858,918,82,3
91859,618,186,4
91860,919,287,4
91861,943,56,5
91862,705,423,2
91863,407,152,4
91864,886,64,5
91865,838,121,2
91866,919,527,4
91867,405,174,5
91868,279,242,3
91869,932,510,4
91870,784,268,3
91871,918,630,3
91872,617,164,1
91873,532,143,4
91874,916,462,4
91875,807,318,5
91876,935,546,4
91877,870,268,3
91878,629,881,3
91879,715,50,5
91880,234,1003,2
91881,747,169,5
91882,554,276,3
91883,860,332,2
91884,884,921,5
91885,840,11,3
91886,189,297,3
91887,454,732,4
91888,848,176,4
91889,804,250,4
91890,307,831,1
91891,704,382,4
91892,889,514,1
91893,807,449,5
91894,831,508,3
91895,823,127,5
91896,741,172,5
91897,481,144,4
91898,320,597,3
91899,318,451,4
91900,533,70,4
91901,771,128,2
91902,881,596,3
91903,883,396,2
91904,815,204,4
91905,896,654,3
91906,747,17,4
91907,650,614,3
91908,102,316,3
91909,870,1221,3
91910,592,789,4
91911,850,318,5
91912,848,647,5
91913,582,117,3
91914,883,530,3
91915,880,1049,3
91916,867,257,4
91917,772,294,4
91918,894,347,4
91919,758,386,3
91920,907,79,5
91921,13,870,3
91922,841,751,3
91923,645,39,3
91924,583,602,4
91925,568,482,4
91926,854,197,4
91927,862,633,5
91928,896,1028,2
91929,293,432,5
91930,505,755,3
91931,617,441,3
91932,704,494,5
91933,883,989,5
91934,936,717,2
91935,807,95,4
91936,303,116,5
91937,910,210,4
91938,642,794,4
91939,764,939,4
91940,846,48,5
91941,449,86,4
91942,758,196,4
91943,194,654,2
91944,890,176,4
91945,707,654,4
91946,776,7,4
91947,806,690,2
91948,931,845,3
91949,673,340,5
91950,851,349,3
91951,938,258,5
91952,834,13,2
91953,880,1047,3
91954,890,187,5
91955,919,953,3
91956,369,196,5
91957,854,121,1
91958,653,1087,2
91959,534,276,5
91960,463,985,1
91961,659,482,4
91962,936,358,4
91963,399,1060,3
91964,862,969,5
91965,463,936,2
91966,560,197,4
91967,897,120,3
91968,698,419,3
91969,600,759,2
91970,256,934,3
91971,642,64,5
91972,727,616,2
91973,346,195,5
91974,242,275,5
91975,498,1404,3
91976,577,121,5
91977,156,100,4
91978,907,475,3
91979,862,132,5
91980,495,135,3
91981,479,62,3
91982,479,250,4
91983,416,544,2
91984,705,230,4
91985,894,591,4
91986,763,79,5
91987,874,20,3
91988,661,31,3
91989,881,712,3
91990,693,402,3
91991,842,874,5
91992,891,595,3
91993,733,1117,2
91994,922,80,3
91995,773,174,3
91996,889,509,2
91997,874,127,5
91998,699,202,3
91999,429,1112,3
92000,660,87,2
92001,867,300,2
92002,877,14,5
92003,933,435,4
92004,497,1615,3
92005,627,693,2
92006,826,511,3
92007,281,259,3
92008,848,566,4
92009,821,71,5
92010,899,195,4
92011,176,273,4
92012,556,173,3
92013,876,22,4
92014,899,1,3
92015,900,117,2
92016,658,923,3
92017,940,164,2
92018,618,55,2
92019,514,568,4
92020,741,186,5
92021,807,748,4
92022,889,276,4
92023,287,742,3
92024,748,427,4
92025,930,411,1
92026,65,194,4
92027,776,860,3
92028,908,7,3
92029,422,441,4
92030,312,197,4
92031,60,419,3
92032,881,14,1
92033,892,318,5
92034,438,300,4
92035,916,650,4
92036,387,665,2
92037,521,231,2
92038,611,750,5
92039,880,342,3
92040,932,491,5
92041,846,661,4
92042,527,423,3
92043,870,606,4
92044,758,902,4
92045,577,819,3
92046,902,257,3
92047,886,550,4
92048,75,129,3
92049,1,28,4
92050,882,407,2
92051,867,855,5
92052,880,1012,4
92053,827,312,2
92054,934,965,4
92055,164,248,4
92056,847,928,3
92057,900,205,4
92058,632,22,4
92059,916,92,5
92060,927,25,3
92061,891,405,3
92062,721,682,3
92063,700,651,4
92064,194,575,1
92065,880,226,4
92066,942,1221,4
92067,768,237,4
92068,642,940,2
92069,706,237,4
92070,903,175,4
92071,943,625,3
92072,59,53,5
92073,659,170,3
92074,532,99,5
92075,786,419,4
92076,117,164,5
92077,25,82,4
92078,872,628,4
92079,625,652,4
92080,296,187,5
92081,785,269,5
92082,454,511,3
92083,691,322,3
92084,918,197,2
92085,796,243,3
92086,178,173,5
92087,382,514,3
92088,600,82,5
92089,592,748,2
92090,941,300,4
92091,643,408,4
92092,655,915,4
92093,805,419,4
92094,795,747,3
92095,707,134,4
92096,889,59,4
92097,711,378,4
92098,535,134,5
92099,878,740,2
92100,918,965,4
92101,798,1284,3
92102,763,143,3
92103,889,763,4
92104,848,945,5
92105,782,348,4
92106,861,70,4
92107,927,195,4
92108,711,729,3
92109,754,307,3
92110,618,713,4
92111,646,352,1
92112,327,952,2
92113,730,1,4
92114,435,101,3
92115,943,1330,3
92116,847,507,3
92117,405,641,1
92118,854,11,5
92119,409,663,4
92120,121,1,4
92121,291,293,5
92122,872,273,3
92123,882,7,4
92124,464,12,5
92125,887,368,5
92126,308,583,4
92127,624,595,3
92128,909,339,4
92129,389,412,3
92130,886,95,5
92131,34,899,5
92132,865,95,1
92133,496,1041,1
92134,402,100,5
92135,501,273,4
92136,508,215,3
92137,125,82,5
92138,132,1019,3
92139,796,477,2
92140,682,172,5
92141,204,9,5
92142,537,501,3
92143,100,898,4
92144,267,576,3
92145,532,754,4
92146,117,271,4
92147,908,124,3
92148,919,275,5
92149,851,480,5
92150,896,473,2
92151,843,521,2
92152,891,126,5
92153,887,1084,5
92154,870,490,3
92155,691,205,5
92156,880,467,4
92157,500,1315,4
92158,456,483,4
92159,836,260,2
92160,666,566,3
92161,532,453,4
92162,94,1007,4
92163,49,208,4
92164,786,703,3
92165,886,1014,5
92166,862,185,5
92167,665,248,4
92168,653,188,5
92169,706,125,5
92170,279,1274,3
92171,383,604,5
92172,447,474,3
92173,545,386,2
92174,561,531,1
92175,655,1636,4
92176,814,635,2
92177,561,357,3
92178,3,340,5
92179,715,692,3
92180,796,125,4
92181,942,520,5
92182,887,405,5
92183,943,569,2
92184,56,1074,3
92185,442,738,3
92186,621,386,3
92187,917,763,3
92188,440,245,4
92189,230,627,5
92190,932,705,4
92191,709,597,4
92192,524,117,3
92193,747,649,3
92194,884,14,4
92195,548,127,5
92196,553,170,4
92197,933,597,1
92198,686,603,5
92199,435,596,4
92200,747,276,5
92201,38,678,5
92202,887,25,2
92203,658,171,4
92204,758,1047,3
92205,880,732,4
92206,869,25,2
92207,860,894,2
92208,699,117,4
92209,840,91,5
92210,934,199,4
92211,907,291,5
92212,101,595,2
92213,886,42,5
92214,451,748,4
92215,814,201,2
92216,606,180,4
92217,896,710,4
92218,934,1065,2
92219,804,118,4
92220,771,496,5
92221,840,172,3
92222,705,393,4
92223,705,576,4
92224,943,546,4
92225,251,185,5
92226,922,15,4
92227,788,402,3
92228,21,858,1
92229,834,886,4
92230,889,1239,1
92231,847,66,3
92232,932,488,5
92233,916,713,3
92234,707,9,5
92235,862,1050,5
92236,495,577,1
92237,401,203,4
92238,291,739,3
92239,927,56,4
92240,650,71,3
92241,932,890,1
92242,574,305,3
92243,258,300,5
92244,437,558,3
92245,910,181,1
92246,927,477,3
92247,358,221,5
92248,246,477,4
92249,650,559,3
92250,110,569,4
92251,913,50,4
92252,846,576,4
92253,232,44,4
92254,924,511,5
92255,568,524,2
92256,727,371,2
92257,840,157,4
92258,916,582,4
92259,244,383,3
92260,746,186,4
92261,429,462,4
92262,528,79,5
92263,334,403,4
92264,49,225,2
92265,49,256,4
92266,745,127,2
92267,878,1100,3
92268,266,325,1
92269,927,412,1
92270,411,202,4
92271,641,203,4
92272,846,523,4
92273,921,538,4
92274,912,517,4
92275,705,283,5
92276,411,174,4
92277,892,27,4
92278,536,549,3
92279,867,188,4
92280,758,289,2
92281,936,19,5
92282,916,475,4
92283,743,242,4
92284,934,483,3
92285,26,328,2
92286,842,258,3
92287,591,8,3
92288,763,190,4
92289,248,187,3
92290,886,762,5
92291,883,517,4
92292,664,318,5
92293,877,61,5
92294,524,174,4
92295,334,214,3
92296,372,1212,4
92297,843,357,2
92298,788,22,5
92299,892,227,4
92300,798,944,4
92301,634,1011,4
92302,432,475,4
92303,790,721,3
92304,766,739,2
92305,161,118,2
92306,934,811,4
92307,504,622,4
92308,802,194,4
92309,727,748,4
92310,804,156,4
92311,631,877,2
92312,693,1090,4
92313,585,14,4
92314,541,826,3
92315,846,768,4
92316,899,203,4
92317,110,67,3
92318,922,450,4
92319,682,1153,3
92320,943,385,4
92321,910,831,1
92322,812,332,4
92323,932,612,5
92324,26,1010,2
92325,77,191,3
92326,846,1249,3
92327,195,109,3
92328,653,265,4
92329,896,1681,3
92330,889,42,5
92331,699,1009,4
92332,470,124,3
92333,940,191,4
92334,705,820,3
92335,707,242,4
92336,892,28,4
92337,276,541,3
92338,655,1638,3
92339,145,1011,5
92340,922,391,3
92341,328,566,5
92342,939,257,5
92343,893,288,3
92344,899,568,4
92345,763,819,2
92346,783,895,4
92347,560,1016,3
92348,275,228,4
92349,919,447,4
92350,878,663,5
92351,708,1028,2
92352,237,64,5
92353,815,443,3
92354,918,132,4
92355,773,153,5
92356,844,405,2
92357,690,154,3
92358,665,535,4
92359,606,63,3
92360,484,172,5
92361,403,50,5
92362,931,508,4
92363,697,291,5
92364,593,163,4
92365,374,193,4
92366,774,88,1
92367,842,349,3
92368,342,236,3
92369,788,175,3
92370,933,69,4
92371,927,761,3
92372,407,498,4
92373,416,603,5
92374,11,107,4
92375,617,515,3
92376,84,591,4
92377,795,226,3
92378,932,527,4
92379,854,1284,2
92380,916,233,3
92381,908,172,3
92382,826,190,3
92383,749,162,3
92384,906,991,3
92385,840,208,4
92386,927,71,5
92387,880,257,5
92388,228,275,3
92389,932,47,4
92390,525,181,4
92391,708,1040,2
92392,630,195,4
92393,94,355,2
92394,488,321,3
92395,592,681,1
92396,723,50,4
92397,596,222,3
92398,826,568,4
92399,752,678,3
92400,194,399,2
92401,938,250,3
92402,561,206,3
92403,686,168,5
92404,936,257,3
92405,808,748,4
92406,497,249,5
92407,57,717,4
92408,59,1120,1
92409,788,623,3
92410,804,245,4
92411,645,181,4
92412,914,216,3
92413,542,48,5
92414,653,447,2
92415,880,570,3
92416,907,506,5
92417,880,657,4
92418,653,238,1
92419,731,215,5
92420,838,257,5
92421,908,558,4
92422,796,511,4
92423,804,523,5
92424,723,433,3
92425,620,699,5
92426,180,356,3
92427,655,716,2
92428,807,417,3
92429,890,521,5
92430,410,352,3
92431,599,220,5
92432,624,870,4
92433,753,269,5
92434,878,549,4
92435,526,272,5
92436,897,179,3
92437,771,95,4
92438,899,147,2
92439,894,312,3
92440,623,70,4
92441,777,212,5
92442,577,452,3
92443,358,1159,5
92444,279,576,3
92445,106,82,3
92446,927,1415,4
92447,833,1070,5
92448,928,268,5
92449,770,410,4
92450,846,421,4
92451,435,559,3
92452,450,504,5
92453,9,385,5
92454,813,893,3
92455,416,1229,2
92456,835,187,4
92457,731,237,4
92458,933,204,3
92459,655,1137,3
92460,795,210,4
92461,874,521,5
92462,463,690,4
92463,450,63,4
92464,846,1220,2
92465,711,905,3
92466,70,449,2
92467,862,45,4
92468,693,28,2
92469,657,327,1
92470,864,225,3
92471,730,1012,5
92472,600,79,4
92473,639,835,4
92474,429,663,4
92475,846,728,4
92476,916,583,4
92477,710,277,4
92478,911,228,4
92479,705,173,2
92480,772,751,3
92481,493,170,3
92482,805,145,2
92483,834,515,5
92484,935,313,5
92485,934,82,4
92486,889,695,3
92487,1,172,5
92488,327,66,3
92489,353,313,5
92490,924,153,4
92491,883,59,5
92492,479,238,4
92493,894,1403,3
92494,871,905,3
92495,679,173,5
92496,846,68,3
92497,762,111,2
92498,867,678,3
92499,644,125,4
92500,703,328,3
92501,226,92,2
92502,417,102,3
92503,901,222,4
92504,407,71,3
92505,393,210,4
92506,846,385,5
92507,660,679,2
92508,840,650,4
92509,843,596,3
92510,936,1068,4
92511,896,966,4
92512,152,451,5
92513,889,164,4
92514,826,625,3
92515,416,1286,5
92516,913,131,5
92517,766,443,3
92518,897,1531,4
92519,401,634,1
92520,881,205,4
92521,933,154,2
92522,885,172,3
92523,407,408,4
92524,545,1091,3
92525,738,154,3
92526,883,251,5
92527,468,161,3
92528,931,181,4
92529,883,922,5
92530,487,789,4
92531,915,750,4
92532,506,172,5
92533,669,64,4
92534,615,683,1
92535,847,455,2
92536,943,227,1
92537,234,190,3
92538,437,319,5
92539,804,431,4
92540,929,204,4
92541,536,117,4
92542,537,284,3
92543,906,1011,4
92544,901,826,2
92545,801,681,1
92546,887,568,2
92547,643,436,4
92548,942,689,3
92549,634,760,3
92550,501,93,4
92551,752,1243,4
92552,854,89,4
92553,764,318,5
92554,733,1132,4
92555,805,417,2
92556,861,10,3
92557,651,269,5
92558,925,288,5
92559,705,15,3
92560,716,367,4
92561,416,1168,4
92562,130,239,4
92563,922,62,3
92564,286,856,2
92565,847,135,4
92566,888,202,4
92567,626,292,1
92568,805,155,1
92569,881,172,4
92570,934,703,4
92571,900,136,2
92572,301,217,3
92573,727,451,5
92574,825,932,3
92575,893,323,2
92576,877,371,5
92577,819,533,4
92578,674,292,4
92579,815,313,5
92580,23,387,3
92581,178,339,3
92582,892,405,4
92583,356,288,4
92584,861,116,4
92585,463,1216,3
92586,727,538,3
92587,864,380,3
92588,758,239,3
92589,885,179,1
92590,122,1074,4
92591,561,69,1
92592,940,357,4
92593,639,509,3
92594,823,102,4
92595,469,510,4
92596,393,866,3
92597,264,517,5
92598,409,529,5
92599,881,227,4
92600,691,79,5
92601,591,856,4
92602,399,182,4
92603,519,682,1
92604,40,302,3
92605,918,199,3
92606,47,1022,3
92607,933,62,1
92608,714,118,5
92609,561,514,4
92610,834,1017,2
92611,847,228,4
92612,13,135,5
92613,712,553,5
92614,24,97,4
92615,130,293,5
92616,236,520,4
92617,299,89,5
92618,892,213,3
92619,892,447,3
92620,916,121,3
92621,436,234,3
92622,923,325,4
92623,655,1284,2
92624,880,62,3
92625,908,496,5
92626,889,1194,4
92627,398,86,3
92628,923,257,5
92629,151,610,5
92630,106,318,5
92631,833,1427,3
92632,749,566,3
92633,935,1048,3
92634,848,432,2
92635,653,144,3
92636,698,607,2
92637,665,265,3
92638,18,133,5
92639,222,1291,2
92640,922,122,2
92641,230,549,5
92642,711,49,4
92643,871,147,5
92644,919,535,3
92645,911,514,3
92646,815,732,5
92647,930,274,4
92648,942,210,4
92649,621,8,5
92650,675,235,1
92651,651,302,5
92652,417,496,3
92653,796,147,5
92654,933,42,1
92655,399,100,3
92656,892,523,5
92657,886,833,5
92658,838,254,3
92659,72,23,4
92660,864,24,5
92661,495,448,5
92662,916,960,4
92663,624,301,3
92664,886,692,3
92665,880,39,4
92666,922,68,4
92667,942,480,5
92668,714,323,4
92669,647,136,5
92670,766,465,3
92671,586,79,4
92672,250,81,4
92673,207,1023,3
92674,584,541,3
92675,664,792,4
92676,425,4,4
92677,907,1028,5
92678,610,135,3
92679,806,1012,4
92680,312,511,5
92681,830,431,3
92682,883,794,4
92683,474,492,4
92684,906,237,4
92685,709,515,4
92686,835,225,2
92687,435,177,5
92688,897,826,4
92689,833,931,4
92690,906,240,3
92691,888,237,5
92692,548,1,4
92693,693,636,1
92694,669,196,3
92695,859,1326,4
92696,533,1086,3
92697,936,1,4
92698,404,876,2
92699,777,288,4
92700,745,936,1
92701,151,202,5
92702,804,527,4
92703,894,1255,4
92704,868,520,4
92705,884,515,4
92706,875,180,5
92707,919,125,4
92708,249,129,5
92709,558,285,5
92710,795,926,2
92711,85,715,4
92712,538,50,5
92713,863,343,5
92714,841,302,5
92715,804,444,4
92716,456,1551,3
92717,897,288,5
92718,924,313,4
92719,903,234,4
92720,475,303,1
92721,882,582,5
92722,916,211,4
92723,747,555,2
92724,936,1160,5
92725,425,300,2
92726,851,1023,3
92727,621,751,4
92728,782,1667,3
92729,935,255,4
92730,880,329,4
92731,852,109,3
92732,796,530,3
92733,878,45,3
92734,370,14,3
92735,896,461,3
92736,823,408,5
92737,705,161,5
92738,880,328,4
92739,328,38,3
92740,435,742,4
92741,682,288,4
92742,843,222,3
92743,901,204,5
92744,870,89,3
92745,23,176,3
92746,842,302,5
92747,787,749,4
92748,936,1199,4
92749,816,300,4
92750,749,419,5
92751,823,651,5
92752,889,474,4
92753,932,389,3
92754,854,222,4
92755,846,787,4
92756,890,186,2
92757,249,123,3
92758,363,260,2
92759,299,83,5
92760,846,614,5
92761,544,327,2
92762,916,69,4
92763,328,281,4
92764,381,483,5
92765,833,357,4
92766,864,77,4
92767,545,449,2
92768,825,1013,2
92769,536,73,4
92770,833,447,5
92771,870,223,4
92772,716,604,3
92773,716,193,5
92774,887,289,5
92775,87,56,4
92776,840,69,4
92777,592,350,4
92778,267,2,3
92779,109,385,4
92780,497,177,4
92781,936,756,4
92782,803,260,3
92783,877,739,4
92784,943,468,2
92785,886,512,1
92786,488,300,4
92787,749,969,4
92788,276,1010,3
92789,830,568,4
92790,315,1084,4
92791,848,1063,5
92792,301,655,1
92793,705,181,5
92794,912,64,4
92795,682,527,3
92796,389,675,3
92797,126,881,5
92798,693,135,4
92799,894,463,4
92800,899,8,4
92801,541,173,5
92802,922,11,5
92803,345,815,3
92804,931,306,4
92805,661,121,2
92806,907,476,4
92807,916,209,3
92808,650,159,3
92809,266,276,3
92810,254,405,3
92811,916,1070,4
92812,86,259,4
92813,800,237,4
92814,871,11,3
92815,782,293,2
92816,727,385,3
92817,795,222,3
92818,457,202,4
92819,704,889,3
92820,407,121,4
92821,880,1044,4
92822,904,1152,4
92823,890,657,5
92824,715,183,3
92825,846,581,4
92826,257,1137,5
92827,920,268,3
92828,896,774,3
92829,338,169,5
92830,378,1147,4
92831,49,904,2
92832,758,576,4
92833,883,1288,4
92834,889,322,3
92835,911,197,4
92836,650,162,3
92837,907,151,4
92838,546,567,4
92839,868,679,3
92840,146,286,3
92841,642,58,3
92842,502,266,3
92843,901,117,4
92844,405,385,1
92845,606,951,2
92846,880,992,4
92847,318,629,4
92848,916,693,3
92849,634,284,4
92850,870,7,4
92851,533,298,4
92852,823,136,5
92853,932,755,2
92854,677,351,2
92855,249,658,4
92856,896,307,3
92857,607,482,5
92858,709,379,3
92859,716,430,5
92860,934,972,3
92861,889,482,4
92862,711,254,2
92863,431,303,4
92864,419,197,5
92865,595,547,4
92866,880,122,3
92867,881,259,3
92868,646,895,3
92869,588,1098,4
92870,903,238,5
92871,897,368,1
92872,805,402,2
92873,334,14,3
92874,731,720,3
92875,423,10,4
92876,66,257,3
92877,221,288,3
92878,885,204,4
92879,641,198,5
92880,943,234,3
92881,816,323,4
92882,566,388,3
92883,136,258,5
92884,758,139,4
92885,486,532,4
92886,659,187,5
92887,854,275,4
92888,642,420,4
92889,313,490,4
92890,901,409,3
92891,314,476,5
92892,738,152,4
92893,872,871,3
92894,880,184,4
92895,848,1065,2
92896,872,354,4
92897,716,505,4
92898,44,201,2
92899,44,31,4
92900,347,1244,3
92901,875,211,5
92902,757,1073,4
92903,825,290,4
92904,807,602,5
92905,624,326,3
92906,716,451,4
92907,943,72,2
92908,833,577,1
92909,460,283,3
92910,796,660,5
92911,709,233,3
92912,503,684,4
92913,650,489,3
92914,417,549,3
92915,13,756,2
92916,221,1016,3
92917,269,825,1
92918,451,258,4
92919,844,172,4
92920,712,143,5
92921,896,1112,3
92922,457,133,4
92923,279,823,3
92924,751,153,4
92925,634,988,1
92926,95,450,2
92927,640,770,4
92928,901,560,3
92929,895,748,3
92930,559,56,3
92931,843,211,2
92932,666,208,3
92933,833,179,5
92934,198,81,5
92935,13,8,4
92936,727,930,3
92937,795,755,3
92938,840,196,4
92939,83,50,3
92940,305,311,5
92941,860,393,2
92942,627,658,3
92943,286,215,3
92944,738,343,3
92945,13,285,5
92946,727,578,3
92947,682,216,4
92948,767,344,4
92949,669,313,4
92950,844,946,3
92951,623,153,3
92952,940,150,3
92953,903,211,5
92954,627,317,5
92955,320,96,5
92956,533,744,2
92957,541,1091,3
92958,692,1028,3
92959,17,269,4
92960,717,476,4
92961,405,1043,1
92962,537,493,4
92963,642,69,5
92964,758,566,4
92965,276,161,3
92966,892,49,4
92967,90,708,5
92968,340,378,5
92969,550,275,4
92970,208,393,4
92971,586,431,3
92972,307,50,5
92973,928,749,5
92974,936,866,2
92975,450,795,3
92976,907,496,4
92977,577,356,4
92978,490,24,4
92979,805,231,3
92980,796,333,5
92981,271,136,3
92982,518,508,3
92983,707,190,5
92984,833,646,5
92985,250,991,2
92986,768,272,5
92987,13,260,1
92988,771,652,4
92989,486,1142,5
92990,940,161,3
92991,500,182,2
92992,299,1379,3
92993,724,749,4
92994,782,1278,4
92995,925,559,3
92996,844,471,3
92997,472,50,5
92998,939,424,3
92999,912,192,4
93000,222,162,2
93001,833,1274,1
93002,542,50,4
93003,643,393,4
93004,197,751,3
93005,878,755,2
93006,851,1291,2
93007,890,675,5
93008,908,603,4
93009,889,519,4
93010,246,240,3
93011,650,265,4
93012,932,9,5
93013,377,294,5
93014,851,174,5
93015,763,464,3
93016,795,473,2
93017,737,137,5
93018,872,347,2
93019,716,566,3
93020,393,302,4
93021,118,100,5
93022,802,436,4
93023,785,294,4
93024,933,117,2
93025,60,15,4
93026,450,628,4
93027,807,118,4
93028,118,5,2
93029,391,133,4
93030,507,181,5
93031,735,1012,2
93032,894,818,3
93033,768,762,1
93034,899,177,3
93035,887,1047,5
93036,877,475,4
93037,858,689,5
93038,757,69,3
93039,416,124,4
93040,749,380,3
93041,391,648,5
93042,82,134,4
93043,436,187,5
93044,913,171,3
93045,269,237,2
93046,923,294,4
93047,851,1675,3
93048,327,275,4
93049,776,607,4
93050,592,185,5
93051,695,678,4
93052,785,79,4
93053,561,185,4
93054,868,95,2
93055,686,23,5
93056,916,741,3
93057,812,300,5
93058,790,97,2
93059,387,232,2
93060,590,19,5
93061,154,152,4
93062,866,313,1
93063,622,176,4
93064,881,225,2
93065,446,340,2
93066,937,100,3
93067,45,826,3
93068,394,183,4
93069,897,546,4
93070,749,984,3
93071,863,750,4
93072,889,303,3
93073,826,96,5
93074,380,318,4
93075,841,316,4
93076,116,596,5
93077,927,755,5
93078,695,286,3
93079,7,561,4
93080,916,86,4
93081,901,403,2
93082,804,219,3
93083,399,404,3
93084,490,987,3
93085,804,603,5
93086,896,1119,3
93087,665,301,4
93088,683,678,1
93089,848,42,2
93090,472,338,4
93091,901,88,5
93092,650,173,5
93093,457,275,5
93094,498,527,3
93095,532,248,4
93096,587,292,3
93097,846,1221,3
93098,852,1615,2
93099,807,408,3
93100,561,133,3
93101,881,69,3
93102,887,105,3
93103,727,12,5
93104,889,524,4
93105,399,232,2
93106,894,698,4
93107,864,394,3
93108,738,234,4
93109,758,820,4
93110,458,619,2
93111,813,326,3
93112,843,422,2
93113,837,926,1
93114,882,420,5
93115,409,466,4
93116,895,283,4
93117,924,50,5
93118,308,121,3
93119,118,179,5
93120,881,234,3
93121,313,845,3
93122,633,300,4
93123,881,568,4
93124,617,427,4
93125,811,321,3
93126,796,607,4
93127,791,332,5
93128,553,657,5
93129,536,22,5
93130,622,218,3
93131,815,175,3
93132,911,194,4
93133,327,156,4
93134,535,1098,5
93135,483,228,5
93136,490,1012,3
93137,620,1219,3
93138,894,292,4
93139,825,370,3
93140,848,511,4
93141,207,805,3
93142,436,550,4
93143,92,233,3
93144,751,202,4
93145,385,132,4
93146,230,69,4
93147,85,325,2
93148,943,24,4
93149,768,235,2
93150,314,1297,4
93151,908,195,4
93152,679,588,3
93153,882,210,4
93154,658,960,4
93155,559,1401,3
93156,881,820,2
93157,286,345,4
93158,847,652,5
93159,907,272,5
93160,833,201,4
93161,10,610,4
93162,897,411,5
93163,268,1016,3
93164,405,1220,3
93165,698,174,3
93166,862,495,4
93167,500,1069,4
93168,280,276,5
93169,709,569,3
93170,901,118,3
93171,933,121,3
93172,5,419,3
93173,886,559,2
93174,885,29,1
93175,642,155,3
93176,749,637,1
93177,943,80,2
93178,782,936,3
93179,894,1009,4
93180,910,222,4
93181,889,159,3
93182,868,100,5
93183,627,193,5
93184,271,116,2
93185,758,312,3
93186,399,366,3
93187,760,1135,4
93188,472,866,5
93189,885,290,1
93190,815,479,4
93191,804,631,3
93192,557,739,3
93193,466,403,3
93194,249,93,4
93195,867,144,3
93196,552,300,4
93197,671,55,3
93198,863,316,5
93199,789,288,3
93200,200,139,3
93201,677,358,5
93202,749,234,4
93203,514,114,5
93204,751,227,4
93205,270,672,5
93206,883,479,5
93207,880,403,3
93208,907,697,5
93209,433,245,3
93210,908,100,4
93211,17,276,4
93212,548,164,5
93213,896,559,3
93214,843,530,3
93215,894,242,4
93216,363,496,4
93217,577,200,3
93218,817,222,4
93219,716,173,4
93220,643,194,4
93221,698,121,2
93222,554,70,4
93223,592,170,5
93224,798,105,3
93225,796,796,4
93226,890,151,5
93227,177,187,4
93228,834,9,3
93229,903,59,4
93230,452,164,4
93231,491,12,5
93232,870,235,3
93233,889,290,2
93234,929,50,4
93235,338,478,3
93236,927,64,5
93237,865,405,2
93238,846,470,5
93239,886,23,4
93240,873,875,1
93241,682,332,4
93242,655,22,2
93243,588,186,4
93244,758,332,4
93245,918,517,3
93246,639,516,4
93247,532,161,5
93248,892,601,5
93249,463,476,3
93250,653,1101,2
93251,870,583,2
93252,737,501,1
93253,815,705,5
93254,826,526,3
93255,932,496,4
93256,879,25,4
93257,835,134,3
93258,903,1098,5
93259,922,271,3
93260,883,198,5
93261,913,478,4
93262,59,28,5
93263,642,934,2
93264,880,187,5
93265,327,42,3
93266,891,181,3
93267,933,172,2
93268,577,402,4
93269,907,924,5
93270,929,484,3
93271,601,15,1
93272,846,194,4
93273,339,143,5
93274,44,633,3
93275,881,705,1
93276,711,622,4
93277,897,651,3
93278,875,423,5
93279,14,588,4
93280,897,760,5
93281,67,117,5
93282,848,97,5
93283,835,239,5
93284,782,895,4
93285,880,158,2
93286,62,191,5
93287,901,95,4
93288,838,354,4
93289,717,127,4
93290,930,50,2
93291,798,1509,3
93292,897,89,4
93293,916,206,3
93294,815,392,4
93295,694,238,3
93296,639,953,2
93297,796,284,3
93298,938,286,3
93299,119,258,2
93300,291,577,1
93301,823,183,4
93302,825,411,3
93303,936,1370,4
93304,389,494,5
93305,833,761,2
93306,800,181,4
93307,682,431,4
93308,852,407,3
93309,790,1040,2
93310,159,1132,5
93311,894,702,4
93312,423,292,4
93313,846,511,5
93314,758,841,3
93315,749,79,4
93316,621,795,1
93317,49,715,3
93318,458,83,4
93319,880,202,4
93320,561,617,4
93321,521,68,4
93322,509,309,2
93323,912,418,4
93324,883,151,5
93325,501,678,3
93326,909,86,5
93327,664,458,3
93328,704,58,3
93329,792,508,2
93330,890,152,4
93331,432,293,5
93332,881,1057,1
93333,857,328,3
93334,142,322,2
93335,786,197,3
93336,908,205,3
93337,788,65,4
93338,725,879,4
93339,687,324,2
93340,796,213,4
93341,864,288,5
93342,625,515,4
93343,201,7,3
93344,654,418,4
93345,919,70,4
93346,776,567,2
93347,896,660,5
93348,635,150,3
93349,653,571,1
93350,651,332,3
93351,805,959,2
93352,916,1194,4
93353,551,399,3
93354,934,131,4
93355,655,762,2
93356,222,64,5
93357,324,846,5
93358,774,708,2
93359,727,1028,2
93360,761,151,2
93361,828,20,2
93362,796,423,4
93363,928,134,5
93364,859,475,4
93365,788,167,3
93366,923,742,4
93367,510,873,3
93368,536,510,4
93369,887,204,5
93370,39,302,5
93371,868,7,5
93372,764,717,3
93373,796,283,3
93374,218,164,3
93375,844,176,3
93376,537,208,4
93377,943,449,1
93378,749,94,5
93379,716,161,3
93380,937,137,3
93381,405,1480,2
93382,378,97,5
93383,798,399,5
93384,488,205,4
93385,916,280,2
93386,659,521,5
93387,922,230,4
93388,815,527,5
93389,817,831,1
93390,712,95,4
93391,908,174,3
93392,846,623,1
93393,308,139,3
93394,506,324,1
93395,517,181,4
93396,403,405,5
93397,749,731,3
93398,796,672,3
93399,907,762,5
93400,704,639,2
93401,532,448,4
93402,777,196,5
93403,863,347,2
93404,420,690,5
93405,553,589,5
93406,854,132,5
93407,766,433,3
93408,373,131,4
93409,472,202,5
93410,632,194,4
93411,543,642,3
93412,556,482,5
93413,892,478,5
93414,655,57,3
93415,582,458,4
93416,449,1005,5
93417,588,735,5
93418,615,519,5
93419,558,269,4
93420,492,521,5
93421,405,1005,1
93422,771,114,4
93423,840,357,5
93424,711,228,3
93425,655,865,4
93426,560,50,5
93427,758,356,2
93428,886,578,4
93429,916,106,3
93430,878,512,5
93431,870,1073,5
93432,907,633,5
93433,763,99,4
93434,890,121,2
93435,472,419,4
93436,634,292,3
93437,409,326,3
93438,930,275,4
93439,48,428,4
93440,771,596,4
93441,70,946,3
93442,712,1040,4
93443,77,134,4
93444,890,185,5
93445,932,199,5
93446,936,294,3
93447,851,286,4
93448,819,286,5
93449,915,286,4
93450,654,785,4
93451,13,525,5
93452,724,898,1
93453,540,825,4
93454,943,205,5
93455,916,64,5
93456,911,427,3
93457,543,461,3
93458,15,845,2
93459,889,265,4
93460,411,238,3
93461,880,623,4
93462,880,315,5
93463,878,553,3
93464,311,448,5
93465,894,936,4
93466,767,921,5
93467,917,476,5
93468,804,257,5
93469,571,32,2
93470,627,435,5
93471,478,15,5
93472,383,736,5
93473,145,49,3
93474,394,62,4
93475,654,748,4
93476,174,202,5
93477,609,750,4
93478,190,930,2
93479,567,589,5
93480,457,1,4
93481,880,33,3
93482,664,69,3
93483,380,302,5
93484,932,541,1
93485,7,521,5
93486,601,284,4
93487,488,216,2
93488,642,447,4
93489,535,419,3
93490,878,202,4
93491,806,273,4
93492,881,1164,1
93493,305,485,2
93494,491,14,2
93495,620,260,5
93496,855,582,3
93497,664,54,3
93498,671,172,5
93499,560,508,3
93500,881,177,4
93501,798,38,4
93502,782,937,1
93503,833,824,1
93504,741,479,5
93505,318,458,4
93506,749,230,3
93507,495,637,3
93508,535,50,5
93509,758,340,3
93510,95,219,4
93511,825,748,5
93512,923,405,4
93513,863,271,4
93514,731,845,2
93515,72,81,3
93516,846,58,4
93517,886,584,4
93518,437,210,3
93519,49,1073,5
93520,665,1048,4
93521,6,539,2
93522,660,179,4
93523,833,267,1
93524,817,117,5
93525,897,232,5
93526,158,4,4
93527,655,543,3
93528,618,33,2
93529,399,123,2
93530,561,144,3
93531,936,323,3
93532,171,272,5
93533,708,222,5
93534,570,327,4
93535,331,511,5
93536,592,183,5
93537,763,125,3
93538,796,869,4
93539,451,321,3
93540,795,79,2
93541,854,855,4
93542,806,188,3
93543,186,147,4
93544,701,751,4
93545,819,245,3
93546,798,419,4
93547,387,641,5
93548,538,121,3
93549,933,823,2
93550,870,735,3
93551,622,719,2
93552,69,628,3
93553,863,887,3
93554,908,96,4
93555,907,1054,3
93556,938,929,2
93557,768,100,5
93558,648,88,4
93559,445,151,4
93560,894,278,4
93561,924,134,4
93562,890,451,2
93563,793,1,4
93564,846,1478,4
93565,545,95,4
93566,940,176,4
93567,850,98,1
93568,832,307,4
93569,804,926,4
93570,602,118,3
93571,899,748,4
93572,551,276,5
93573,763,191,4
93574,801,313,5
93575,887,1283,5
93576,201,583,1
93577,846,789,4
93578,509,294,2
93579,537,894,1
93580,942,135,3
93581,586,222,3
93582,923,50,5
93583,936,276,5
93584,806,249,4
93585,645,195,4
93586,533,168,4
93587,940,347,3
93588,119,271,4
93589,363,42,2
93590,152,1035,4
93591,13,793,5
93592,715,121,4
93593,774,265,3
93594,417,209,4
93595,825,147,5
93596,869,315,3
93597,798,473,2
93598,739,288,1
93599,344,715,4
93600,932,811,4
93601,407,191,5
93602,798,728,4
93603,643,4,4
93604,216,147,4
93605,889,338,1
93606,901,294,3
93607,539,258,4
93608,868,133,2
93609,833,523,3
93610,536,167,3
93611,736,324,3
93612,738,665,2
93613,230,195,3
93614,919,64,5
93615,851,128,4
93616,795,105,1
93617,900,129,4
93618,363,652,4
93619,584,181,4
93620,933,284,2
93621,877,451,4
93622,704,606,2
93623,916,1011,4
93624,566,467,3
93625,868,222,3
93626,746,208,4
93627,406,144,1
93628,389,608,3
93629,693,77,2
93630,705,815,3
93631,510,324,1
93632,774,199,4
93633,918,709,4
93634,483,9,2
93635,807,186,4
93636,416,732,5
93637,767,1,5
93638,927,568,5
93639,806,1,4
93640,664,121,3
93641,135,226,3
93642,927,1016,5
93643,846,270,3
93644,778,226,4
93645,326,237,2
93646,446,299,2
93647,883,47,3
93648,676,316,4
93649,838,45,4
93650,130,7,5
93651,854,742,2
93652,243,8,5
93653,517,472,2
93654,647,402,4
93655,851,1258,3
93656,646,286,3
93657,181,1317,1
93658,899,356,2
93659,896,219,3
93660,770,297,5
93661,624,750,4
93662,330,231,5
93663,669,657,5
93664,406,382,5
93665,934,193,4
93666,254,526,3
93667,517,755,3
93668,916,720,2
93669,859,313,5
93670,413,237,4
93671,846,586,2
93672,711,472,1
93673,673,313,4
93674,751,52,2
93675,716,108,2
93676,303,427,4
93677,405,806,1
93678,943,22,4
93679,796,371,5
93680,941,919,5
93681,653,1244,3
93682,796,95,4
93683,474,549,5
93684,864,200,4
93685,192,111,2
93686,879,121,4
93687,883,367,5
93688,669,271,2
93689,889,1428,3
93690,790,470,4
93691,109,1161,3
93692,906,221,4
93693,796,88,5
93694,802,183,5
93695,721,872,3
93696,345,161,3
93697,394,720,2
93698,28,603,3
93699,810,339,5
93700,882,288,3
93701,758,150,5
93702,868,234,4
93703,416,535,4
93704,314,322,4
93705,525,248,4
93706,864,597,4
93707,682,1267,3
93708,363,273,3
93709,618,148,3
93710,908,127,4
93711,87,128,3
93712,901,728,4
93713,800,275,4
93714,889,60,3
93715,613,603,5
93716,894,286,5
93717,800,50,4
93718,815,655,3
93719,774,567,1
93720,675,272,3
93721,864,1284,3
93722,815,210,2
93723,838,419,5
93724,478,182,5
93725,864,111,3
93726,311,614,4
93727,540,25,4
93728,850,153,4
93729,791,331,1
93730,903,25,4
93731,617,547,1
93732,867,529,5
93733,827,326,3
93734,450,22,5
93735,943,28,4
93736,760,25,2
93737,764,1057,1
93738,920,245,2
93739,505,117,4
93740,840,137,5
93741,828,961,2
93742,878,111,4
93743,771,283,4
93744,420,179,5
93745,929,136,3
93746,60,601,4
93747,560,257,3
93748,889,833,3
93749,716,501,5
93750,506,89,5
93751,334,1263,4
93752,615,283,4
93753,632,191,5
93754,896,1011,2
93755,844,684,3
93756,655,222,2
93757,920,258,4
93758,756,9,2
93759,615,72,2
93760,916,151,3
93761,405,428,1
93762,821,707,5
93763,903,357,5
93764,409,136,4
93765,878,432,3
93766,840,936,4
93767,391,23,4
93768,497,642,3
93769,454,589,2
93770,805,831,4
93771,457,368,1
93772,918,1099,4
93773,323,181,5
93774,538,204,3
93775,63,181,3
93776,878,234,1
93777,699,294,3
93778,58,200,3
93779,795,658,2
93780,83,845,3
93781,934,451,4
93782,715,941,2
93783,468,1134,5
93784,190,9,1
93785,716,229,3
93786,881,380,4
93787,250,629,4
93788,889,100,4
93789,655,1011,3
93790,894,462,4
93791,772,258,5
93792,234,1460,3
93793,916,11,4
93794,881,615,4
93795,445,933,1
93796,472,62,5
93797,648,109,5
93798,893,531,4
93799,181,281,2
93800,671,219,3
93801,58,7,5
93802,479,403,3
93803,531,908,1
93804,347,455,2
93805,887,1028,5
93806,928,246,5
93807,723,748,5
93808,534,919,5
93809,653,431,4
93810,907,748,5
93811,835,204,3
93812,851,252,3
93813,479,475,1
93814,618,135,4
93815,896,58,3
93816,890,434,4
93817,42,433,2
93818,831,129,2
93819,882,28,5
93820,844,175,3
93821,922,200,3
93822,881,197,3
93823,903,30,5
93824,699,106,3
93825,840,675,4
93826,588,237,2
93827,332,820,4
93828,886,49,4
93829,269,1478,1
93830,580,3,5
93831,750,1280,1
93832,877,584,4
93833,585,198,5
93834,819,304,4
93835,682,540,2
93836,727,802,2
93837,535,156,2
93838,566,23,4
93839,655,513,3
93840,832,748,3
93841,121,318,5
93842,357,412,2
93843,181,1358,1
93844,881,139,3
93845,118,427,5
93846,635,268,5
93847,886,89,4
93848,936,127,5
93849,537,371,3
93850,793,9,3
93851,851,284,3
93852,805,401,4
93853,653,1046,1
93854,942,300,5
93855,500,371,4
93856,486,1610,2
93857,286,1053,4
93858,864,473,4
93859,889,943,3
93860,537,270,3
93861,537,496,4
93862,931,14,4
93863,584,108,3
93864,455,11,3
93865,481,500,4
93866,938,290,3
93867,751,603,4
93868,747,1179,1
93869,244,88,4
93870,851,295,5
93871,869,696,2
93872,271,244,2
93873,890,69,4
93874,871,907,3
93875,719,510,4
93876,942,215,5
93877,569,295,3
93878,807,472,4
93879,294,520,5
93880,756,300,4
93881,846,568,4
93882,529,268,5
93883,866,272,2
93884,655,673,3
93885,648,633,3
93886,648,144,4
93887,782,749,4
93888,466,33,4
93889,622,249,5
93890,267,195,4
93891,886,174,5
93892,894,284,3
93893,254,842,3
93894,932,203,4
93895,320,248,5
93896,399,29,3
93897,294,354,3
93898,897,201,5
93899,851,825,4
93900,846,729,4
93901,896,763,2
93902,13,116,5
93903,921,230,3
93904,82,435,5
93905,336,238,3
93906,425,33,4
93907,490,222,3
93908,664,176,4
93909,920,340,4
93910,346,365,1
93911,907,121,4
93912,896,1208,3
93913,712,174,5
93914,919,732,3
93915,246,658,4
93916,724,332,4
93917,345,150,5
93918,533,385,4
93919,139,744,5
93920,677,322,4
93921,693,9,3
93922,867,134,5
93923,466,510,2
93924,682,403,3
93925,892,228,3
93926,758,520,5
93927,495,441,3
93928,790,328,3
93929,870,203,4
93930,798,1337,3
93931,892,582,3
93932,821,495,5
93933,325,386,4
93934,882,70,3
93935,500,763,3
93936,187,694,5
93937,919,264,3
93938,114,171,4
93939,401,663,1
93940,901,430,3
93941,497,73,3
93942,383,188,5
93943,805,405,3
93944,883,190,4
93945,251,480,5
93946,592,7,5
93947,540,515,5
93948,788,203,5
93949,7,173,5
93950,669,121,3
93951,896,809,2
93952,758,342,4
93953,825,288,1
93954,450,356,4
93955,535,1101,4
93956,716,627,4
93957,669,205,4
93958,916,943,4
93959,782,885,3
93960,332,974,4
93961,886,396,2
93962,934,902,4
93963,540,276,4
93964,875,357,5
93965,924,28,4
93966,870,208,4
93967,405,1306,1
93968,927,1095,2
93969,927,63,4
93970,863,289,4
93971,818,288,5
93972,514,190,5
93973,494,663,5
93974,831,204,5
93975,402,181,4
93976,846,604,4
93977,804,380,4
93978,468,772,4
93979,921,147,3
93980,619,546,2
93981,857,20,3
93982,914,402,5
93983,549,258,5
93984,892,31,4
93985,478,144,5
93986,883,58,3
93987,738,97,4
93988,563,304,2
93989,870,1098,4
93990,45,764,4
93991,938,411,3
93992,851,234,4
93993,72,403,3
93994,886,631,4
93995,912,523,4
93996,799,307,3
93997,554,288,3
93998,617,558,3
93999,932,665,2
94000,899,588,3
94001,306,285,4
94002,292,165,4
94003,619,68,3
94004,716,603,5
94005,342,165,3
94006,806,200,4
94007,772,354,4
94008,655,847,2
94009,555,244,5
94010,619,327,3
94011,488,174,4
94012,807,743,3
94013,919,813,4
94014,868,710,3
94015,782,350,4
94016,49,12,4
94017,496,217,5
94018,889,732,2
94019,1,122,3
94020,152,559,1
94021,468,127,4
94022,195,507,4
94023,460,1171,3
94024,805,294,1
94025,878,170,4
94026,468,226,2
94027,814,184,3
94028,943,732,4
94029,675,750,4
94030,774,1274,1
94031,693,178,5
94032,860,312,4
94033,721,1442,4
94034,912,648,3
94035,942,282,5
94036,539,660,5
94037,725,111,3
94038,445,1009,2
94039,655,961,3
94040,832,313,5
94041,889,92,3
94042,923,340,5
94043,892,1269,5
94044,45,993,4
94045,697,763,4
94046,875,806,4
94047,711,258,4
94048,916,276,4
94049,880,98,5
94050,666,12,4
94051,896,665,1
94052,900,864,2
94053,763,159,3
94054,854,472,1
94055,897,11,2
94056,864,465,3
94057,805,179,4
94058,927,826,4
94059,354,922,4
94060,532,1594,4
94061,741,283,4
94062,892,125,4
94063,592,501,4
94064,244,735,5
94065,407,168,5
94066,889,663,3
94067,532,576,5
94068,872,409,3
94069,275,227,3
94070,932,490,4
94071,883,306,3
94072,907,120,4
94073,651,322,3
94074,855,462,4
94075,934,1,2
94076,393,134,2
94077,895,885,2
94078,394,151,5
94079,555,274,4
94080,716,83,4
94081,891,323,3
94082,862,789,5
94083,943,831,2
94084,622,977,2
94085,645,357,5
94086,10,707,5
94087,764,231,3
94088,648,1626,1
94089,916,739,3
94090,167,465,5
94091,882,455,3
94092,343,260,1
94093,138,742,4
94094,592,3,4
94095,343,317,5
94096,416,96,4
94097,919,660,4
94098,918,143,4
94099,823,219,2
94100,896,715,3
94101,882,969,5
94102,236,411,1
94103,843,62,4
94104,671,237,5
94105,507,895,5
94106,815,167,2
94107,465,513,5
94108,18,317,5
94109,650,226,3
94110,798,133,3
94111,6,537,4
94112,795,144,4
94113,495,154,4
94114,655,715,3
94115,619,56,3
94116,828,116,4
94117,869,1014,4
94118,425,97,2
94119,840,221,4
94120,317,683,2
94121,761,243,3
94122,932,86,4
94123,592,628,3
94124,870,732,2
94125,936,1377,5
94126,854,509,4
94127,498,265,2
94128,834,237,5
94129,551,568,4
94130,847,77,4
94131,826,2,3
94132,856,316,5
94133,901,20,1
94134,898,313,4
94135,452,528,4
94136,638,185,5
94137,836,302,5
94138,536,88,4
94139,452,172,4
94140,927,8,4
94141,342,57,3
94142,929,654,3
94143,703,742,3
94144,933,483,4
94145,927,411,4
94146,207,238,2
94147,858,293,3
94148,932,836,5
94149,894,1153,3
94150,892,99,3
94151,907,393,5
94152,823,154,5
94153,119,471,4
94154,773,264,2
94155,748,588,4
94156,930,281,4
94157,747,9,5
94158,776,637,3
94159,894,25,2
94160,295,582,5
94161,546,271,5
94162,933,424,1
94163,451,885,1
94164,655,954,2
94165,666,282,3
94166,814,145,2
94167,846,175,5
94168,768,222,4
94169,500,49,4
94170,798,395,3
94171,643,428,4
94172,507,306,5
94173,886,282,3
94174,897,649,3
94175,757,433,4
94176,894,707,4
94177,903,479,4
94178,825,1034,4
94179,695,343,4
94180,394,33,4
94181,859,151,2
94182,916,176,4
94183,379,28,4
94184,862,566,3
94185,436,1263,3
94186,39,319,4
94187,269,940,1
94188,406,184,2
94189,592,203,5
94190,271,1282,2
94191,708,352,1
94192,719,427,4
94193,625,486,3
94194,894,639,5
94195,632,633,4
94196,933,67,1
94197,214,721,3
94198,450,1421,4
94199,943,173,5
94200,794,13,4
94201,456,129,3
94202,779,225,4
94203,833,336,2
94204,336,50,4
94205,864,195,4
94206,922,127,3
94207,889,269,4
94208,311,230,5
94209,896,470,2
94210,786,684,4
94211,864,97,4
94212,840,183,5
94213,908,12,3
94214,184,274,4
94215,831,197,4
94216,873,259,1
94217,770,123,3
94218,653,441,3
94219,916,1010,4
94220,889,700,3
94221,95,473,4
94222,917,285,4
94223,796,591,3
94224,905,871,2
94225,645,428,4
94226,829,582,4
94227,752,1279,3
94228,119,1137,5
94229,940,508,5
94230,10,484,5
94231,796,53,1
94232,655,1645,4
94233,854,185,4
94234,450,25,3
94235,880,172,5
94236,850,132,5
94237,790,317,4
94238,527,499,5
94239,293,558,3
94240,904,255,5
94241,868,588,1
94242,197,227,3
94243,405,972,1
94244,890,436,3
94245,443,39,1
94246,727,22,4
94247,899,318,4
94248,757,403,4
94249,77,222,4
94250,634,685,4
94251,585,462,3
94252,839,130,3
94253,806,1129,3
94254,905,322,3
94255,805,367,4
94256,686,194,5
94257,870,47,3
94258,916,1014,3
94259,617,559,1
94260,175,187,4
94261,846,73,4
94262,405,1208,1
94263,897,717,1
94264,588,283,4
94265,932,511,5
94266,405,638,1
94267,932,805,4
94268,896,399,1
94269,896,241,5
94270,117,895,2
94271,586,806,4
94272,807,578,4
94273,937,988,2
94274,521,79,4
94275,774,413,1
94276,85,1075,3
94277,627,229,2
94278,711,1289,2
94279,683,607,5
94280,551,51,5
94281,552,845,3
94282,882,69,5
94283,854,286,1
94284,741,313,4
94285,788,629,1
94286,919,333,4
94287,746,210,5
94288,922,145,3
94289,892,480,4
94290,660,121,2
94291,683,346,4
94292,936,864,4
94293,773,200,4
94294,483,473,3
94295,361,527,4
94296,466,121,3
94297,650,151,3
94298,889,540,2
94299,927,328,4
94300,299,319,3
94301,695,358,5
94302,148,164,4
94303,164,690,4
94304,882,378,5
94305,486,246,3
94306,151,498,5
94307,887,673,5
94308,846,615,5
94309,908,481,3
94310,907,5,5
94311,896,260,2
94312,246,384,2
94313,716,1101,5
94314,697,895,2
94315,693,662,4
94316,606,154,3
94317,814,98,4
94318,671,98,4
94319,405,877,1
94320,650,2,3
94321,924,100,4
94322,911,627,3
94323,26,248,3
94324,416,231,3
94325,666,428,3
94326,429,44,3
94327,248,323,1
94328,907,258,4
94329,747,258,2
94330,332,562,5
94331,916,1597,3
94332,892,202,4
94333,844,241,4
94334,815,88,4
94335,601,9,4
94336,77,183,5
94337,198,428,4
94338,935,125,4
94339,177,204,3
94340,115,696,4
94341,267,183,4
94342,834,268,3
94343,932,136,5
94344,222,1206,2
94345,378,428,3
94346,846,496,3
94347,683,513,5
94348,883,739,2
94349,679,423,3
94350,933,234,3
94351,927,118,5
94352,592,134,5
94353,798,703,4
94354,474,343,3
94355,159,1254,1
94356,804,746,4
94357,532,759,2
94358,387,188,5
94359,870,570,2
94360,591,26,3
94361,913,276,3
94362,926,292,3
94363,916,844,3
94364,796,649,3
94365,788,317,4
94366,909,170,5
94367,532,127,5
94368,543,732,3
94369,794,1251,4
94370,730,685,2
94371,10,686,4
94372,374,82,4
94373,922,219,1
94374,484,186,4
94375,13,141,2
94376,339,736,3
94377,691,227,4
94378,711,83,5
94379,749,833,2
94380,455,286,5
94381,663,597,3
94382,436,635,3
94383,823,204,4
94384,643,218,3
94385,835,523,3
94386,871,909,3
94387,707,923,5
94388,741,210,3
94389,499,524,4
94390,327,260,1
94391,889,26,4
94392,548,272,2
94393,886,467,4
94394,145,943,3
94395,727,209,3
94396,843,633,3
94397,666,357,4
94398,457,386,3
94399,759,294,5
94400,932,235,2
94401,234,1185,3
94402,711,419,5
94403,658,628,3
94404,536,181,5
94405,805,228,3
94406,682,728,3
94407,786,692,4
94408,70,418,3
94409,864,15,4
94410,943,419,2
94411,908,483,4
94412,880,218,4
94413,749,729,4
94414,697,879,4
94415,921,111,4
94416,487,11,5
94417,925,325,4
94418,896,489,5
94419,851,1598,3
94420,889,533,3
94421,921,259,4
94422,378,38,3
94423,936,904,5
94424,472,356,3
94425,508,50,5
94426,146,311,4
94427,920,313,5
94428,425,293,4
94429,943,239,5
94430,893,358,2
94431,721,222,5
94432,911,151,5
94433,669,97,4
94434,414,270,5
94435,405,176,1
94436,5,375,3
94437,24,518,4
94438,892,22,5
94439,846,28,5
94440,535,498,4
94441,524,134,5
94442,683,328,2
94443,13,182,5
94444,95,433,4
94445,357,826,3
94446,546,121,5
94447,559,513,5
94448,26,323,2
94449,919,23,3
94450,833,250,3
94451,716,178,5
94452,379,433,4
94453,787,288,1
94454,450,228,4
94455,932,1449,5
94456,904,815,4
94457,846,510,4
94458,807,230,4
94459,921,245,1
94460,618,31,4
94461,899,29,2
94462,932,1558,5
94463,618,506,4
94464,825,284,3
94465,416,392,5
94466,847,716,3
94467,56,295,3
94468,855,166,4
94469,721,1393,3
94470,934,708,3
94471,932,121,3
94472,671,562,5
94473,902,8,5
94474,913,95,4
94475,781,302,5
94476,299,114,4
94477,923,9,4
94478,913,729,3
94479,650,131,3
94480,305,69,3
94481,181,1137,1
94482,779,118,5
94483,642,1152,5
94484,880,227,2
94485,387,25,2
94486,864,257,4
94487,931,298,4
94488,887,95,4
94489,940,436,4
94490,699,323,4
94491,62,528,5
94492,841,322,4
94493,896,2,3
94494,560,606,4
94495,896,480,3
94496,693,58,3
94497,908,478,4
94498,759,281,4
94499,438,252,4
94500,906,283,4
94501,812,682,4
94502,901,94,4
94503,825,252,5
94504,913,427,4
94505,890,671,5
94506,932,855,5
94507,875,294,2
94508,671,118,5
94509,537,12,3
94510,934,72,3
94511,666,291,3
94512,622,3,1
94513,224,126,3
94514,684,210,3
94515,798,732,2
94516,669,248,4
94517,935,118,4
94518,392,174,5
94519,374,471,4
94520,913,919,4
94521,34,288,2
94522,711,94,2
94523,778,219,3
94524,283,109,4
94525,720,272,4
94526,864,729,4
94527,745,10,5
94528,651,276,4
94529,429,939,4
94530,719,520,5
94531,922,43,3
94532,864,143,4
94533,833,58,2
94534,805,716,4
94535,524,471,4
94536,910,628,1
94537,660,79,2
94538,53,15,5
94539,833,4,3
94540,542,72,3
94541,788,1107,3
94542,870,357,5
94543,456,72,1
94544,24,58,3
94545,342,1010,1
94546,902,271,2
94547,913,657,5
94548,788,96,3
94549,718,1028,4
94550,864,117,4
94551,715,576,2
94552,897,506,4
94553,889,28,4
94554,865,763,1
94555,911,655,5
94556,693,50,3
94557,651,309,1
94558,862,435,5
94559,727,827,3
94560,727,229,2
94561,554,866,3
94562,794,19,4
94563,883,694,5
94564,923,151,4
94565,404,339,1
94566,809,300,4
94567,711,157,3
94568,758,6,2
94569,648,441,3
94570,551,229,5
94571,931,750,5
94572,463,1199,1
94573,912,659,5
94574,523,155,4
94575,927,552,4
94576,664,509,4
94577,758,541,4
94578,833,940,2
94579,667,427,5
94580,666,513,4
94581,624,866,3
94582,878,1039,3
94583,860,344,3
94584,554,56,4
94585,749,478,5
94586,387,408,4
94587,768,346,3
94588,823,17,4
94589,398,712,2
94590,567,429,4
94591,627,526,4
94592,907,710,4
94593,95,507,4
94594,880,1184,3
94595,856,327,4
94596,551,628,5
94597,839,845,4
94598,804,357,5
94599,886,628,3
94600,704,519,3
94601,804,455,5
94602,354,936,4
94603,336,579,3
94604,639,165,3
94605,490,458,3
94606,907,1047,5
94607,890,313,5
94608,659,164,4
94609,20,82,4
94610,893,286,4
94611,942,435,5
94612,429,194,4
94613,312,644,5
94614,323,651,5
94615,786,458,3
94616,880,191,5
94617,675,427,5
94618,901,1605,5
94619,560,11,4
94620,618,49,3
94621,778,423,1
94622,819,147,5
94623,620,560,4
94624,926,294,3
94625,748,58,4
94626,862,82,4
94627,843,234,4
94628,378,436,4
94629,660,123,2
94630,700,98,3
94631,642,95,5
94632,822,1,4
94633,709,697,5
94634,886,943,3
94635,63,121,1
94636,890,136,5
94637,603,288,3
94638,927,155,4
94639,924,237,4
94640,826,810,3
94641,64,732,4
94642,659,499,4
94643,883,14,3
94644,689,1,3
94645,682,42,5
94646,374,25,5
94647,906,277,3
94648,363,100,5
94649,886,47,4
94650,93,118,3
94651,756,588,4
94652,664,100,5
94653,867,156,5
94654,940,271,2
94655,70,1030,2
94656,347,693,5
94657,592,1620,1
94658,703,1012,4
94659,884,713,3
94660,639,356,2
94661,608,187,4
94662,704,89,5
94663,499,100,4
94664,92,225,3
94665,648,496,4
94666,299,20,3
94667,606,546,4
94668,916,83,4
94669,578,325,1
94670,747,1659,1
94671,940,137,3
94672,919,755,3
94673,694,28,4
94674,533,1001,1
94675,290,183,4
94676,939,254,3
94677,939,841,4
94678,407,94,4
94679,913,436,3
94680,798,941,3
94681,867,328,5
94682,7,639,5
94683,409,854,4
94684,119,323,4
94685,896,387,2
94686,679,286,5
94687,386,181,3
94688,593,775,3
94689,620,422,1
94690,290,151,2
94691,406,157,3
94692,871,226,5
94693,749,977,4
94694,804,229,4
94695,894,1592,4
94696,784,331,4
94697,804,100,5
94698,892,521,5
94699,897,76,4
94700,352,175,1
94701,548,1047,4
94702,653,42,2
94703,554,117,4
94704,598,259,3
94705,323,334,3
94706,690,72,2
94707,669,125,3
94708,688,749,5
94709,889,1553,3
94710,900,237,4
94711,653,410,1
94712,933,227,1
94713,239,39,5
94714,766,550,3
94715,692,66,2
94716,49,235,2
94717,613,89,5
94718,927,404,4
94719,682,284,4
94720,613,12,5
94721,455,546,3
94722,849,406,4
94723,896,313,4
94724,869,151,5
94725,506,5,4
94726,804,208,5
94727,927,402,4
94728,758,208,4
94729,801,881,3
94730,417,568,2
94731,682,765,4
94732,919,301,3
94733,815,444,2
94734,646,288,3
94735,852,568,4
94736,808,872,5
94737,160,488,5
94738,890,603,5
94739,575,168,5
94740,683,331,2
94741,907,277,5
94742,72,844,4
94743,899,214,4
94744,56,405,4
94745,847,204,4
94746,764,286,4
94747,721,322,4
94748,188,300,4
94749,881,474,3
94750,428,269,5
94751,11,229,4
94752,405,1382,1
94753,758,435,5
94754,790,213,3
94755,779,252,3
94756,883,81,5
94757,906,287,5
94758,328,582,5
94759,694,434,5
94760,537,1147,3
94761,883,354,4
94762,939,405,4
94763,927,722,3
94764,749,401,1
94765,916,431,3
94766,932,45,5
94767,416,111,4
94768,430,127,4
94769,830,487,5
94770,615,86,5
94771,911,603,5
94772,708,457,4
94773,325,1487,3
94774,864,172,5
94775,381,588,3
94776,297,690,5
94777,921,136,4
94778,541,459,5
94779,648,671,3
94780,717,1047,4
94781,748,195,4
94782,314,609,4
94783,890,200,4
94784,896,1622,2
94785,886,181,5
94786,567,10,4
94787,940,82,4
94788,817,273,5
94789,927,756,4
94790,429,156,4
94791,42,87,4
94792,433,300,3
94793,731,1039,4
94794,201,239,1
94795,891,756,4
94796,600,1419,3
94797,846,616,3
94798,655,956,3
94799,743,286,3
94800,933,11,4
94801,776,193,3
94802,875,302,5
94803,633,226,4
94804,602,300,3
94805,889,1110,3
94806,660,1133,2
94807,638,405,3
94808,683,289,4
94809,568,134,5
94810,930,690,3
94811,650,144,3
94812,892,1285,4
94813,526,258,3
94814,790,90,2
94815,924,849,3
94816,934,286,4
94817,321,498,5
94818,650,443,5
94819,682,209,3
94820,890,604,5
94821,533,293,3
94822,579,4,2
94823,796,99,3
94824,782,328,5
94825,943,722,3
94826,181,273,1
94827,721,127,5
94828,868,1076,1
94829,711,723,5
94830,933,7,4
94831,608,216,5
94832,756,622,3
94833,627,660,4
94834,43,254,3
94835,889,881,3
94836,922,69,3
94837,435,208,4
94838,901,768,3
94839,654,189,4
94840,627,684,4
94841,880,881,4
94842,222,410,2
94843,406,26,3
94844,405,79,5
94845,567,705,5
94846,655,1173,2
94847,622,109,5
94848,622,391,2
94849,701,237,5
94850,666,962,3
94851,899,597,2
94852,41,191,4
94853,105,347,3
94854,93,14,4
94855,533,56,3
94856,919,319,3
94857,896,845,3
94858,409,632,3
94859,858,323,2
94860,843,180,3
94861,769,1322,2
94862,865,946,1
94863,896,42,4
94864,919,93,5
94865,354,432,3
94866,764,200,4
94867,761,1558,1
94868,393,1001,4
94869,200,447,4
94870,938,126,4
94871,889,684,2
94872,708,740,5
94873,514,153,4
94874,943,785,2
94875,635,688,2
94876,881,511,5
94877,660,419,2
94878,837,950,2
94879,440,304,5
94880,321,52,3
94881,15,225,3
94882,579,153,4
94883,551,49,3
94884,865,411,1
94885,850,496,5
94886,749,449,3
94887,276,92,4
94888,621,926,3
94889,291,240,4
94890,754,273,3
94891,64,651,4
94892,933,180,5
94893,883,199,4
94894,845,904,3
94895,890,173,4
94896,772,331,5
94897,835,632,5
94898,488,162,3
94899,593,535,3
94900,505,300,4
94901,894,272,4
94902,130,751,5
94903,796,748,5
94904,629,271,4
94905,862,658,5
94906,144,59,4
94907,658,192,4
94908,735,300,4
94909,226,596,3
94910,600,1274,2
94911,917,405,3
94912,561,492,4
94913,704,193,5
94914,943,229,2
94915,934,481,4
94916,874,514,5
94917,270,1109,5
94918,935,1,3
94919,879,118,3
94920,286,800,5
94921,839,1,4
94922,339,213,4
94923,861,463,3
94924,896,642,2
94925,184,735,3
94926,58,168,5
94927,826,183,5
94928,883,48,4
94929,747,403,5
94930,89,451,3
94931,373,168,5
94932,912,507,3
94933,479,131,3
94934,676,250,4
94935,594,100,4
94936,916,101,3
94937,846,183,4
94938,805,922,5
94939,741,67,3
94940,553,605,4
94941,474,509,5
94942,154,523,5
94943,262,747,4
94944,195,366,3
94945,592,531,5
94946,676,100,5
94947,854,709,4
94948,715,1088,1
94949,424,292,4
94950,919,419,5
94951,734,121,4
94952,804,763,4
94953,721,435,4
94954,806,196,5
94955,897,925,5
94956,747,726,2
94957,881,399,4
94958,393,575,2
94959,890,208,5
94960,655,153,2
94961,814,7,4
94962,735,237,4
94963,825,273,5
94964,308,396,4
94965,627,241,4
94966,943,566,4
94967,814,358,2
94968,825,696,3
94969,566,166,4
94970,504,561,4
94971,747,181,5
94972,14,663,5
94973,881,742,4
94974,778,168,5
94975,655,54,2
94976,373,79,4
94977,805,1157,5
94978,643,183,5
94979,563,294,3
94980,47,305,5
94981,802,266,3
94982,929,12,4
94983,85,196,4
94984,487,173,4
94985,145,293,4
94986,279,826,4
94987,681,538,3
94988,213,194,4
94989,642,252,5
94990,336,746,3
94991,530,181,3
94992,854,123,1
94993,14,25,2
94994,618,200,5
94995,936,928,3
94996,707,285,5
94997,903,46,4
94998,727,83,5
94999,523,56,3
95000,589,326,1
95001,561,160,3
95002,757,426,3
95003,943,230,1
95004,616,327,3
95005,887,756,5
95006,768,301,5
95007,880,186,4
95008,851,1254,1
95009,178,268,4
95010,795,154,3
95011,276,413,3
95012,551,660,3
95013,758,13,5
95014,67,1047,3
95015,495,1,4
95016,918,340,1
95017,556,321,4
95018,521,174,4
95019,866,303,4
95020,416,122,3
95021,5,373,3
95022,918,971,4
95023,534,118,4
95024,875,428,4
95025,620,393,5
95026,483,258,4
95027,802,569,3
95028,256,597,4
95029,49,404,3
95030,500,13,5
95031,648,1337,3
95032,454,387,2
95033,221,1208,3
95034,498,77,2
95035,924,429,4
95036,815,229,3
95037,650,174,4
95038,525,147,3
95039,848,199,5
95040,755,301,3
95041,697,237,5
95042,559,300,4
95043,775,333,4
95044,798,815,5
95045,398,8,3
95046,456,324,4
95047,727,472,2
95048,902,268,1
95049,862,69,5
95050,181,880,1
95051,848,483,5
95052,847,195,4
95053,459,257,5
95054,902,989,2
95055,314,12,4
95056,704,481,5
95057,660,444,2
95058,592,135,5
95059,847,172,4
95060,270,56,5
95061,586,978,2
95062,506,693,4
95063,843,431,3
95064,452,456,1
95065,751,484,3
95066,815,265,5
95067,880,67,1
95068,545,62,5
95069,883,195,5
95070,933,576,1
95071,870,802,3
95072,312,91,3
95073,923,926,4
95074,198,684,3
95075,189,473,5
95076,931,344,4
95077,880,179,4
95078,526,313,5
95079,435,98,5
95080,901,1643,5
95081,663,299,2
95082,271,466,4
95083,85,161,4
95084,435,333,3
95085,397,522,5
95086,452,223,5
95087,838,191,5
95088,798,323,4
95089,919,310,3
95090,727,96,4
95091,679,95,3
95092,727,363,3
95093,62,15,2
95094,579,331,3
95095,934,313,3
95096,916,402,3
95097,703,127,5
95098,931,125,4
95099,763,466,4
95100,122,197,5
95101,582,1,4
95102,655,1012,3
95103,456,229,3
95104,144,170,4
95105,130,794,5
95106,706,323,4
95107,832,678,2
95108,910,405,4
95109,848,519,5
95110,87,1178,3
95111,272,69,4
95112,932,506,4
95113,924,216,4
95114,644,873,4
95115,934,152,4
95116,592,148,2
95117,851,717,3
95118,682,692,3
95119,807,625,3
95120,301,17,4
95121,102,272,3
95122,943,431,4
95123,919,343,4
95124,922,631,3
95125,543,14,4
95126,916,132,3
95127,661,58,4
95128,394,393,4
95129,943,724,1
95130,650,378,3
95131,854,431,3
95132,943,67,4
95133,912,174,3
95134,918,86,4
95135,867,180,5
95136,922,402,3
95137,933,410,3
95138,843,161,2
95139,936,321,3
95140,757,455,3
95141,290,99,4
95142,41,205,4
95143,782,1589,3
95144,923,825,4
95145,864,451,4
95146,861,509,5
95147,864,228,5
95148,620,1480,3
95149,698,133,2
95150,721,748,3
95151,913,186,3
95152,883,514,4
95153,585,652,4
95154,911,163,4
95155,798,168,4
95156,720,902,4
95157,308,642,5
95158,846,204,3
95159,314,1029,2
95160,722,748,4
95161,537,703,3
95162,536,432,4
95163,919,946,4
95164,733,933,1
95165,889,1022,4
95166,940,313,5
95167,104,9,2
95168,884,198,5
95169,653,1231,2
95170,405,660,2
95171,757,561,2
95172,699,475,4
95173,405,389,2
95174,925,219,3
95175,943,201,5
95176,499,647,5
95177,682,1221,3
95178,892,1,5
95179,752,1463,4
95180,825,326,4
95181,507,345,5
95182,749,430,4
95183,189,532,4
95184,938,358,4
95185,407,131,3
95186,868,589,4
95187,943,386,1
95188,850,95,5
95189,862,252,3
95190,577,770,4
95191,234,623,2
95192,938,871,2
95193,553,524,5
95194,894,213,4
95195,631,332,3
95196,604,447,4
95197,94,182,5
95198,773,182,4
95199,907,111,5
95200,722,871,2
95201,90,500,4
95202,718,257,4
95203,334,10,4
95204,541,1409,4
95205,292,483,5
95206,642,759,3
95207,880,1035,4
95208,922,214,2
95209,488,323,1
95210,934,794,4
95211,532,187,4
95212,128,180,5
95213,907,405,4
95214,738,98,4
95215,886,194,3
95216,894,57,4
95217,757,574,3
95218,757,298,4
95219,339,346,5
95220,880,1157,4
95221,913,96,5
95222,533,778,4
95223,655,45,3
95224,880,591,4
95225,650,474,4
95226,870,1046,3
95227,771,111,4
95228,856,270,3
95229,932,153,4
95230,332,245,4
95231,751,809,3
95232,416,184,4
95233,770,473,5
95234,638,175,4
95235,623,185,4
95236,291,153,4
95237,682,24,4
95238,718,282,5
95239,641,483,5
95240,606,236,3
95241,822,189,4
95242,781,232,3
95243,854,482,3
95244,495,578,3
95245,916,531,4
95246,201,195,3
95247,447,237,4
95248,542,173,4
95249,918,462,3
95250,826,385,5
95251,828,463,2
95252,903,628,3
95253,894,933,3
95254,865,418,1
95255,542,384,3
95256,802,440,3
95257,233,215,5
95258,840,511,4
95259,585,30,4
95260,589,332,4
95261,643,118,2
95262,504,400,3
95263,889,9,4
95264,850,162,3
95265,647,298,3
95266,716,298,5
95267,821,459,5
95268,934,186,2
95269,620,418,3
95270,825,126,3
95271,59,129,5
95272,459,471,3
95273,886,581,4
95274,457,433,5
95275,533,755,3
95276,630,732,4
95277,280,222,3
95278,545,326,3
95279,622,161,3
95280,701,1,4
95281,901,688,2
95282,727,379,2
95283,854,811,3
95284,854,628,2
95285,480,169,5
95286,846,131,3
95287,653,76,3
95288,776,53,2
95289,592,1082,3
95290,885,300,4
95291,943,228,3
95292,896,386,3
95293,328,435,4
95294,473,285,4
95295,203,744,2
95296,798,826,5
95297,615,268,4
95298,320,340,2
95299,741,218,4
95300,935,934,4
95301,681,270,1
95302,921,419,5
95303,370,835,5
95304,398,153,4
95305,629,241,5
95306,839,1245,4
95307,466,684,4
95308,851,806,4
95309,645,674,3
95310,627,282,2
95311,637,1060,2
95312,663,1327,4
95313,922,375,2
95314,920,301,2
95315,927,204,4
95316,903,709,4
95317,879,276,4
95318,547,269,3
95319,889,427,4
95320,870,204,4
95321,115,117,4
95322,788,226,4
95323,933,79,3
95324,819,258,2
95325,932,562,2
95326,713,300,2
95327,546,682,3
95328,927,409,4
95329,903,520,4
95330,429,1438,1
95331,343,274,3
95332,899,499,3
95333,864,781,3
95334,923,1277,5
95335,774,525,2
95336,892,470,4
95337,563,871,2
95338,851,1540,2
95339,666,692,3
95340,927,819,3
95341,619,684,4
95342,345,42,2
95343,158,709,5
95344,911,191,5
95345,354,97,3
95346,839,181,3
95347,883,22,3
95348,403,237,5
95349,521,215,1
95350,217,808,2
95351,833,219,4
95352,548,294,3
95353,466,92,4
95354,910,134,3
95355,918,499,4
95356,933,200,4
95357,632,367,2
95358,297,338,2
95359,690,118,4
95360,919,183,3
95361,639,285,1
95362,535,190,4
95363,630,64,5
95364,781,1500,5
95365,793,685,3
95366,883,90,3
95367,935,281,5
95368,193,487,5
95369,498,1495,3
95370,85,520,3
95371,682,54,4
95372,889,297,3
95373,653,472,1
95374,606,58,3
95375,643,1098,4
95376,916,1682,3
95377,764,411,3
95378,904,117,4
95379,897,1219,4
95380,799,191,3
95381,707,26,3
95382,690,106,3
95383,811,678,5
95384,637,15,4
95385,135,5,3
95386,393,787,5
95387,308,537,4
95388,825,746,5
95389,607,19,3
95390,846,39,3
95391,919,1173,3
95392,927,174,3
95393,916,203,4
95394,884,213,4
95395,442,742,3
95396,901,211,4
95397,687,286,3
95398,769,476,4
95399,930,171,1
95400,537,584,2
95401,940,527,3
95402,882,369,3
95403,332,984,2
95404,820,302,5
95405,874,137,4
95406,142,134,5
95407,507,841,5
95408,537,423,2
95409,711,203,4
95410,880,201,4
95411,342,14,5
95412,616,302,5
95413,638,29,2
95414,889,216,4
95415,936,1115,4
95416,648,603,5
95417,889,1152,3
95418,847,705,3
95419,607,238,4
95420,860,310,4
95421,875,523,4
95422,708,294,3
95423,804,428,3
95424,270,554,1
95425,844,418,3
95426,694,185,4
95427,943,941,1
95428,933,561,3
95429,889,658,4
95430,606,184,5
95431,885,538,4
95432,896,392,3
95433,381,419,5
95434,585,283,4
95435,897,670,3
95436,870,253,4
95437,659,180,5
95438,562,566,4
95439,507,258,4
95440,659,162,3
95441,181,826,1
95442,535,382,5
95443,312,647,5
95444,899,433,4
95445,389,286,2
95446,890,102,3
95447,194,502,4
95448,642,568,4
95449,814,436,3
95450,450,170,5
95451,840,435,4
95452,766,385,3
95453,870,480,5
95454,58,584,5
95455,846,487,4
95456,771,251,5
95457,503,633,5
95458,927,96,5
95459,675,242,4
95460,890,210,4
95461,793,405,3
95462,6,490,5
95463,707,287,4
95464,454,86,2
95465,932,198,4
95466,87,598,2
95467,932,436,3
95468,790,240,3
95469,772,245,5
95470,932,101,3
95471,927,385,4
95472,749,1016,5
95473,676,912,3
95474,864,1033,2
95475,752,683,4
95476,846,549,4
95477,834,326,4
95478,897,117,3
95479,882,265,5
95480,145,268,4
95481,865,258,4
95482,921,405,3
95483,425,347,4
95484,432,1012,5
95485,907,553,5
95486,95,227,2
95487,756,155,4
95488,459,1013,3
95489,886,686,4
95490,916,230,3
95491,883,222,3
95492,898,316,5
95493,673,896,5
95494,843,419,2
95495,551,941,4
95496,70,227,3
95497,894,628,3
95498,582,321,3
95499,835,616,4
95500,660,91,4
95501,577,1028,4
95502,851,318,5
95503,851,17,5
95504,624,310,4
95505,823,26,5
95506,194,208,3
95507,916,3,3
95508,495,218,4
95509,761,477,1
95510,621,73,5
95511,864,343,5
95512,504,462,4
95513,707,1255,3
95514,671,255,5
95515,883,713,3
95516,663,509,4
95517,593,313,4
95518,551,475,5
95519,347,357,5
95520,541,543,4
95521,405,1260,1
95522,650,511,5
95523,878,1121,2
95524,243,306,4
95525,25,692,4
95526,899,28,5
95527,650,68,3
95528,479,252,2
95529,922,135,2
95530,796,707,3
95531,519,346,4
95532,889,125,4
95533,894,100,4
95534,756,1240,4
95535,658,55,4
95536,858,1368,4
95537,673,322,4
95538,655,528,5
95539,698,988,1
95540,922,228,4
95541,813,751,5
95542,334,304,3
95543,493,833,2
95544,417,191,5
95545,484,95,4
95546,932,208,5
95547,870,169,4
95548,201,15,3
95549,752,321,3
95550,615,582,3
95551,721,209,3
95552,883,515,5
95553,813,300,4
95554,514,432,4
95555,666,649,3
95556,194,501,3
95557,887,720,5
95558,793,979,3
95559,899,64,4
95560,899,724,5
95561,915,302,4
95562,933,159,3
95563,483,227,3
95564,178,118,4
95565,906,744,4
95566,417,153,5
95567,106,59,4
95568,797,257,5
95569,886,24,4
95570,913,169,4
95571,932,170,4
95572,548,471,5
95573,885,476,4
95574,223,173,5
95575,845,286,5
95576,535,632,4
95577,23,919,5
95578,802,646,4
95579,936,252,2
95580,661,50,5
95581,933,125,4
95582,586,227,2
95583,524,212,5
95584,889,742,3
95585,450,1126,4
95586,932,185,4
95587,941,273,3
95588,843,199,3
95589,848,479,5
95590,553,607,4
95591,251,202,4
95592,731,133,1
95593,380,174,4
95594,943,217,3
95595,894,350,3
95596,397,12,4
95597,860,70,5
95598,854,156,3
95599,332,554,3
95600,851,924,4
95601,493,262,3
95602,587,245,1
95603,796,91,2
95604,808,270,4
95605,71,100,4
95606,393,145,3
95607,886,367,4
95608,27,123,5
95609,936,825,4
95610,886,381,2
95611,747,511,5
95612,642,452,1
95613,843,660,2
95614,295,56,4
95615,405,582,3
95616,823,88,5
95617,20,204,3
95618,764,252,3
95619,405,657,1
95620,615,1128,1
95621,897,96,5
95622,561,89,4
95623,395,258,4
95624,429,778,3
95625,864,167,4
95626,691,243,1
95627,617,868,4
95628,759,181,5
95629,405,86,1
95630,721,1,5
95631,677,988,4
95632,128,1136,3
95633,938,596,5
95634,234,86,2
95635,892,430,5
95636,936,319,4
95637,940,420,4
95638,562,432,5
95639,642,827,1
95640,805,552,3
95641,880,1468,4
95642,486,108,4
95643,919,382,5
95644,934,581,2
95645,234,494,4
95646,515,259,3
95647,772,302,5
95648,918,520,3
95649,846,526,4
95650,869,1079,2
95651,328,54,3
95652,848,655,4
95653,95,623,3
95654,497,300,3
95655,181,237,5
95656,840,642,4
95657,447,282,4
95658,863,269,3
95659,643,79,4
95660,620,7,4
95661,804,193,4
95662,533,921,2
95663,683,259,3
95664,671,841,2
95665,932,632,4
95666,892,479,5
95667,361,50,5
95668,896,184,3
95669,784,327,4
95670,38,195,1
95671,917,473,3
95672,825,285,3
95673,838,584,4
95674,807,1076,3
95675,942,478,5
95676,927,217,1
95677,2,302,5
95678,806,234,4
95679,892,216,5
95680,234,792,4
95681,14,525,5
95682,637,93,3
95683,714,369,3
95684,559,347,3
95685,627,541,4
95686,842,288,3
95687,362,683,1
95688,862,258,5
95689,660,315,4
95690,776,219,3
95691,90,730,5
95692,293,501,4
95693,776,590,1
95694,892,150,5
95695,861,737,3
95696,669,474,4
95697,574,268,5
95698,440,213,4
95699,776,179,4
95700,528,1254,3
95701,659,519,4
95702,711,133,5
95703,465,127,4
95704,588,472,4
95705,185,302,4
95706,807,228,4
95707,788,511,5
95708,62,215,3
95709,92,922,1
95710,621,200,4
95711,671,504,4
95712,931,100,4
95713,770,129,5
95714,707,1024,5
95715,927,820,4
95716,621,79,5
95717,798,132,4
95718,695,989,3
95719,885,181,3
95720,305,242,5
95721,266,924,2
95722,795,108,3
95723,30,29,3
95724,735,127,4
95725,600,802,2
95726,881,217,3
95727,933,449,1
95728,898,310,4
95729,660,550,2
95730,912,268,2
95731,181,1033,1
95732,749,483,4
95733,38,447,5
95734,889,234,4
95735,913,56,5
95736,449,333,3
95737,748,732,4
95738,918,208,3
95739,116,275,2
95740,907,739,5
95741,916,405,2
95742,821,597,3
95743,864,357,5
95744,916,238,4
95745,250,144,4
95746,919,340,5
95747,878,451,2
95748,933,100,5
95749,838,127,5
95750,925,672,3
95751,826,95,5
95752,262,82,3
95753,725,328,4
95754,206,336,1
95755,659,616,4
95756,553,178,5
95757,862,197,4
95758,605,274,3
95759,907,235,4
95760,894,322,3
95761,586,257,3
95762,355,1429,4
95763,854,705,4
95764,805,79,5
95765,655,382,3
95766,894,1089,2
95767,893,69,5
95768,919,69,3
95769,666,211,4
95770,907,129,5
95771,643,571,3
95772,299,45,3
95773,864,402,3
95774,864,930,3
95775,877,185,4
95776,569,291,4
95777,880,684,4
95778,911,480,4
95779,924,896,4
95780,517,117,4
95781,90,498,5
95782,583,200,5
95783,795,28,4
95784,648,235,4
95785,927,1047,4
95786,709,693,4
95787,877,744,5
95788,880,239,4
95789,897,705,3
95790,864,1109,4
95791,826,227,4
95792,511,340,4
95793,880,95,3
95794,834,272,4
95795,551,4,2
95796,579,25,4
95797,807,1016,4
95798,576,100,4
95799,846,1210,2
95800,925,324,4
95801,707,692,4
95802,268,380,2
95803,693,443,2
95804,719,254,1
95805,373,317,4
95806,711,151,4
95807,18,116,5
95808,627,470,3
95809,222,405,3
95810,682,168,5
95811,733,100,5
95812,753,328,3
95813,489,876,2
95814,897,273,3
95815,551,85,1
95816,716,98,5
95817,877,971,4
95818,862,151,5
95819,394,928,4
95820,933,273,3
95821,842,303,5
95822,11,324,1
95823,25,657,4
95824,405,576,1
95825,343,1112,3
95826,582,240,4
95827,782,886,3
95828,936,295,3
95829,154,172,4
95830,863,354,1
95831,653,708,2
95832,921,50,4
95833,896,124,4
95834,933,58,3
95835,886,1228,2
95836,766,519,4
95837,896,435,4
95838,899,234,4
95839,758,211,4
95840,827,343,4
95841,26,288,4
95842,213,98,5
95843,22,385,4
95844,881,795,2
95845,660,271,3
95846,781,97,4
95847,830,648,5
95848,320,774,4
95849,755,938,3
95850,880,628,2
95851,439,1600,5
95852,524,226,3
95853,491,684,5
95854,457,88,4
95855,721,1221,3
95856,743,181,3
95857,880,1,4
95858,892,204,4
95859,268,747,3
95860,387,174,5
95861,880,194,5
95862,222,762,3
95863,923,475,5
95864,506,434,4
95865,758,300,2
95866,919,1073,4
95867,416,655,5
95868,805,181,3
95869,721,1295,3
95870,622,228,5
95871,905,508,4
95872,877,662,5
95873,622,501,3
95874,551,89,4
95875,903,302,4
95876,846,1479,3
95877,537,569,2
95878,854,171,4
95879,641,301,4
95880,326,478,3
95881,747,195,4
95882,665,222,3
95883,921,257,3
95884,721,266,3
95885,899,237,4
95886,934,157,2
95887,543,168,3
95888,419,494,3
95889,120,50,4
95890,588,1311,1
95891,825,98,5
95892,776,238,4
95893,943,41,4
95894,99,1047,4
95895,880,287,4
95896,451,990,3
95897,606,441,4
95898,401,610,4
95899,52,191,5
95900,533,521,3
95901,916,89,5
95902,223,121,3
95903,846,660,3
95904,763,845,4
95905,886,65,3
95906,672,237,2
95907,95,1222,2
95908,939,546,4
95909,908,528,4
95910,823,227,1
95911,894,689,3
95912,524,175,3
95913,629,160,4
95914,883,886,3
95915,917,312,2
95916,47,262,5
95917,788,670,3
95918,938,591,3
95919,691,735,5
95920,489,898,3
95921,748,479,4
95922,921,472,2
95923,943,92,5
95924,554,1284,3
95925,674,410,3
95926,805,431,1
95927,773,948,2
95928,796,33,3
95929,7,441,2
95930,867,198,5
95931,189,186,2
95932,293,628,3
95933,796,783,4
95934,733,846,2
95935,21,876,2
95936,354,210,3
95937,496,661,3
95938,933,679,1
95939,435,8,3
95940,758,582,3
95941,655,367,3
95942,49,1069,3
95943,804,174,5
95944,297,1109,3
95945,561,55,4
95946,918,83,4
95947,748,182,4
95948,712,90,3
95949,835,194,4
95950,405,110,1
95951,429,182,4
95952,881,1078,3
95953,684,477,5
95954,504,154,4
95955,501,1097,5
95956,751,689,2
95957,699,532,3
95958,507,307,5
95959,472,1029,4
95960,715,206,4
95961,663,749,3
95962,916,174,5
95963,449,1010,4
95964,756,82,3
95965,109,871,2
95966,921,760,2
95967,664,516,5
95968,663,259,2
95969,724,331,3
95970,833,347,3
95971,826,771,3
95972,671,1303,3
95973,94,559,4
95974,751,323,1
95975,899,190,4
95976,867,423,3
95977,376,705,3
95978,508,174,4
95979,450,516,5
95980,313,531,3
95981,722,597,3
95982,813,690,4
95983,731,195,1
95984,87,849,5
95985,286,240,3
95986,590,293,3
95987,645,198,3
95988,601,431,4
95989,544,301,2
95990,702,307,2
95991,419,300,4
95992,654,15,3
95993,125,571,3
95994,924,519,4
95995,548,413,3
95996,64,197,3
95997,657,455,1
95998,917,328,2
95999,682,944,3
96000,541,395,2
96001,298,282,4
96002,299,61,4
96003,851,4,5
96004,837,717,1
96005,897,646,5
96006,835,310,4
96007,875,286,3
96008,23,173,5
96009,592,260,4
96010,59,392,2
96011,846,195,4
96012,525,713,4
96013,92,433,5
96014,859,3,5
96015,332,302,5
96016,737,174,2
96017,632,651,5
96018,825,105,3
96019,474,448,5
96020,763,87,2
96021,693,628,4
96022,846,941,2
96023,339,178,5
96024,671,553,5
96025,871,752,3
96026,654,82,5
96027,870,193,5
96028,345,218,3
96029,861,381,4
96030,717,258,5
96031,821,483,5
96032,934,657,3
96033,110,403,3
96034,740,258,3
96035,551,245,3
96036,532,523,5
96037,912,655,5
96038,916,806,4
96039,299,179,4
96040,699,328,2
96041,279,644,1
96042,514,196,5
96043,870,21,3
96044,892,133,3
96045,830,127,4
96046,938,252,4
96047,551,790,2
96048,933,22,5
96049,896,258,5
96050,621,235,3
96051,92,855,5
96052,844,95,4
96053,864,531,5
96054,934,70,4
96055,551,96,5
96056,715,237,4
96057,679,290,2
96058,846,392,2
96059,938,245,3
96060,505,243,2
96061,913,189,3
96062,832,50,3
96063,870,1210,1
96064,435,366,2
96065,902,127,3
96066,804,187,4
96067,109,1139,2
96068,933,636,2
96069,820,358,1
96070,923,975,4
96071,932,486,5
96072,864,768,3
96073,665,271,2
96074,932,230,4
96075,537,45,3
96076,280,12,5
96077,458,64,4
96078,919,151,4
96079,597,286,3
96080,934,805,4
96081,484,125,4
96082,919,288,4
96083,345,286,3
96084,461,305,2
96085,914,778,5
96086,771,98,1
96087,577,732,4
96088,393,934,3
96089,655,535,2
96090,925,567,3
96091,434,424,1
96092,843,200,3
96093,269,1361,4
96094,897,180,5
96095,738,1016,3
96096,782,330,4
96097,905,117,3
96098,402,1284,3
96099,738,54,3
96100,697,225,3
96101,896,257,4
96102,176,257,1
96103,650,385,4
96104,918,70,3
96105,932,1139,2
96106,526,591,4
96107,864,79,5
96108,889,318,4
96109,659,155,3
96110,698,66,3
96111,297,284,4
96112,655,690,2
96113,805,71,3
96114,864,373,2
96115,472,549,5
96116,593,272,5
96117,565,923,4
96118,643,47,4
96119,159,9,3
96120,650,657,4
96121,911,478,5
96122,397,358,2
96123,293,98,4
96124,632,12,5
96125,894,1007,3
96126,846,142,3
96127,54,148,3
96128,763,85,4
96129,90,23,5
96130,892,181,4
96131,831,173,3
96132,823,715,5
96133,878,265,3
96134,327,249,2
96135,296,498,5
96136,867,197,4
96137,483,676,4
96138,151,73,4
96139,664,764,4
96140,758,608,5
96141,24,276,5
96142,429,479,4
96143,693,172,3
96144,445,1016,1
96145,892,684,5
96146,796,705,4
96147,76,96,5
96148,782,255,4
96149,773,240,2
96150,562,234,5
96151,452,210,4
96152,198,93,3
96153,927,229,3
96154,756,1031,2
96155,435,722,3
96156,757,228,4
96157,835,287,4
96158,727,879,4
96159,711,316,4
96160,943,50,4
96161,907,237,5
96162,561,159,1
96163,103,56,5
96164,880,554,3
96165,913,15,3
96166,870,1664,4
96167,924,605,3
96168,303,542,2
96169,871,989,3
96170,642,357,2
96171,919,191,5
96172,500,93,4
96173,934,650,4
96174,451,245,2
96175,363,224,4
96176,865,456,1
96177,889,604,3
96178,883,750,3
96179,890,7,4
96180,663,174,5
96181,551,215,4
96182,589,877,4
96183,786,265,4
96184,454,132,2
96185,936,100,4
96186,599,546,4
96187,666,655,4
96188,301,155,1
96189,911,625,5
96190,930,100,3
96191,644,308,4
96192,760,845,5
96193,612,127,2
96194,629,39,2
96195,825,323,4
96196,349,713,3
96197,611,302,5
96198,852,100,4
96199,875,45,3
96200,244,121,1
96201,797,1023,3
96202,489,683,2
96203,934,191,5
96204,918,498,4
96205,632,51,4
96206,716,135,3
96207,462,346,1
96208,885,338,3
96209,942,124,4
96210,868,80,2
96211,805,121,3
96212,407,650,2
96213,467,302,4
96214,581,137,5
96215,886,1093,1
96216,389,240,3
96217,921,659,5
96218,320,292,3
96219,77,42,5
96220,861,20,4
96221,815,98,4
96222,682,117,4
96223,943,367,4
96224,504,125,4
96225,715,17,3
96226,878,956,2
96227,936,237,4
96228,919,282,4
96229,326,701,4
96230,896,19,2
96231,905,591,4
96232,804,479,4
96233,816,322,4
96234,279,165,4
96235,774,64,3
96236,38,420,5
96237,845,242,4
96238,782,50,3
96239,868,12,5
96240,224,378,4
96241,566,94,2
96242,883,216,4
96243,913,22,5
96244,276,175,5
96245,130,117,5
96246,56,28,5
96247,533,820,2
96248,650,62,3
96249,586,67,5
96250,554,191,5
96251,482,682,3
96252,889,86,4
96253,328,176,5
96254,934,510,5
96255,648,82,5
96256,603,7,5
96257,280,1063,3
96258,839,458,5
96259,865,408,5
96260,496,88,1
96261,881,257,5
96262,802,565,3
96263,290,120,4
96264,595,1047,2
96265,795,2,3
96266,825,833,4
96267,886,546,1
96268,715,235,2
96269,750,258,3
96270,942,414,4
96271,930,24,1
96272,892,29,2
96273,899,498,4
96274,910,127,5
96275,761,508,1
96276,933,183,4
96277,804,1260,3
96278,776,134,4
96279,405,95,3
96280,916,382,4
96281,345,941,3
96282,889,291,3
96283,712,83,4
96284,234,659,3
96285,94,151,5
96286,757,95,4
96287,785,50,5
96288,912,498,5
96289,533,1142,4
96290,747,521,5
96291,526,245,2
96292,912,610,4
96293,894,345,4
96294,211,890,2
96295,911,431,4
96296,560,515,3
96297,641,432,5
96298,934,86,3
96299,815,559,3
96300,663,652,4
96301,919,303,4
96302,393,1058,4
96303,775,305,4
96304,694,15,4
96305,621,804,4
96306,843,423,2
96307,913,143,5
96308,207,792,2
96309,883,26,3
96310,919,1197,4
96311,550,257,4
96312,615,629,4
96313,719,382,2
96314,864,797,3
96315,59,86,3
96316,515,895,4
96317,920,286,2
96318,788,371,3
96319,793,127,5
96320,927,1,5
96321,757,554,3
96322,871,566,3
96323,782,1384,3
96324,910,684,4
96325,747,204,5
96326,659,712,3
96327,940,678,4
96328,486,813,5
96329,753,183,1
96330,840,521,5
96331,25,86,4
96332,866,340,2
96333,294,294,4
96334,606,185,3
96335,540,121,2
96336,910,310,3
96337,682,81,3
96338,782,269,3
96339,933,163,2
96340,752,902,5
96341,500,402,3
96342,846,558,4
96343,848,451,4
96344,358,208,2
96345,727,173,5
96346,833,802,1
96347,869,249,4
96348,846,386,3
96349,519,991,2
96350,931,304,4
96351,907,427,5
96352,912,646,3
96353,435,430,5
96354,631,873,2
96355,938,742,3
96356,932,474,5
96357,94,293,4
96358,875,23,5
96359,763,955,2
96360,851,161,3
96361,938,926,3
96362,716,1269,4
96363,896,100,3
96364,918,704,4
96365,294,295,4
96366,434,1,4
96367,922,432,5
96368,349,25,3
96369,533,609,4
96370,865,1,1
96371,896,211,4
96372,841,888,5
96373,103,98,3
96374,316,304,3
96375,332,550,5
96376,693,117,4
96377,679,483,5
96378,795,423,2
96379,919,118,4
96380,904,88,3
96381,893,220,3
96382,919,9,5
96383,555,235,3
96384,553,134,4
96385,892,196,4
96386,763,1098,3
96387,56,871,2
96388,552,1,3
96389,721,284,4
96390,477,111,5
96391,801,268,5
96392,880,23,5
96393,638,210,4
96394,621,585,4
96395,790,1047,3
96396,825,1049,3
96397,334,518,4
96398,49,300,1
96399,544,302,5
96400,523,168,4
96401,828,985,3
96402,297,153,5
96403,293,1119,1
96404,551,366,5
96405,916,157,4
96406,96,423,5
96407,788,323,3
96408,821,22,5
96409,892,239,4
96410,747,476,3
96411,716,696,2
96412,406,98,4
96413,642,402,4
96414,279,744,2
96415,758,176,5
96416,707,313,2
96417,900,661,4
96418,916,172,5
96419,403,282,5
96420,823,742,4
96421,889,135,2
96422,521,597,2
96423,919,137,2
96424,774,561,1
96425,532,407,2
96426,782,994,2
96427,854,343,3
96428,766,837,3
96429,406,286,3
96430,606,235,3
96431,114,527,3
96432,486,302,5
96433,903,210,4
96434,801,271,5
96435,936,988,3
96436,381,225,3
96437,923,544,4
96438,524,150,2
96439,551,686,3
96440,815,144,4
96441,646,307,3
96442,798,1102,4
96443,893,50,5
96444,840,1674,4
96445,942,678,3
96446,192,287,4
96447,606,198,4
96448,658,235,2
96449,747,659,4
96450,864,672,2
96451,893,819,3
96452,753,89,3
96453,897,371,2
96454,877,86,4
96455,805,371,1
96456,893,24,4
96457,514,1101,4
96458,847,164,3
96459,49,813,3
96460,693,134,4
96461,99,473,4
96462,881,70,2
96463,930,1010,2
96464,606,188,4
96465,878,153,5
96466,477,274,5
96467,872,685,4
96468,664,58,4
96469,712,501,3
96470,870,736,1
96471,312,83,4
96472,751,210,5
96473,666,192,4
96474,383,185,5
96475,312,525,5
96476,794,257,4
96477,711,91,4
96478,705,588,3
96479,758,345,5
96480,904,535,3
96481,708,880,3
96482,453,781,3
96483,896,288,3
96484,896,199,3
96485,896,79,5
96486,894,1295,3
96487,537,315,4
96488,889,82,4
96489,943,585,1
96490,881,79,4
96491,876,318,5
96492,504,153,3
96493,109,595,3
96494,833,284,1
96495,672,220,2
96496,308,530,4
96497,705,797,4
96498,634,111,4
96499,730,268,4
96500,773,29,2
96501,880,376,3
96502,661,665,3
96503,860,262,4
96504,138,497,5
96505,295,132,5
96506,933,452,1
96507,647,147,4
96508,463,269,5
96509,75,864,4
96510,871,97,3
96511,643,1215,3
96512,936,13,4
96513,714,257,3
96514,921,237,3
96515,213,70,3
96516,22,265,3
96517,379,317,5
96518,790,403,4
96519,773,367,2
96520,833,410,3
96521,782,361,3
96522,99,433,4
96523,11,11,2
96524,932,503,4
96525,764,69,5
96526,284,315,5
96527,784,340,3
96528,929,197,3
96529,918,972,5
96530,585,313,3
96531,862,406,4
96532,468,44,4
96533,630,471,4
96534,889,96,4
96535,264,173,5
96536,716,465,5
96537,682,586,1
96538,244,455,2
96539,846,509,4
96540,291,582,4
96541,486,825,2
96542,663,833,4
96543,628,301,4
96544,790,1014,2
96545,690,514,1
96546,641,258,3
96547,878,1092,3
96548,311,415,3
96549,880,91,3
96550,457,1221,4
96551,807,596,4
96552,880,411,4
96553,804,476,3
96554,674,181,4
96555,537,303,4
96556,829,10,3
96557,305,127,5
96558,788,148,3
96559,11,747,3
96560,690,443,3
96561,645,959,4
96562,579,294,4
96563,291,562,4
96564,655,916,2
96565,893,121,4
96566,711,549,4
96567,751,94,3
96568,661,218,3
96569,771,82,2
96570,829,212,4
96571,49,121,1
96572,581,936,3
96573,200,523,4
96574,906,284,4
96575,878,690,2
96576,877,306,3
96577,922,367,3
96578,823,919,4
96579,82,660,5
96580,10,604,4
96581,820,347,4
96582,915,691,4
96583,918,42,3
96584,682,401,1
96585,936,1171,5
96586,435,409,3
96587,343,478,5
96588,921,185,3
96589,758,237,4
96590,843,482,2
96591,130,444,4
96592,683,258,3
96593,729,346,1
96594,257,936,4
96595,682,147,1
96596,747,127,5
96597,378,25,4
96598,744,483,4
96599,740,1038,4
96600,716,1126,3
96601,892,288,4
96602,756,1652,1
96603,760,748,4
96604,721,1026,3
96605,804,40,3
96606,22,233,3
96607,493,435,5
96608,864,201,5
96609,326,56,2
96610,606,1065,5
96611,92,1210,1
96612,533,740,4
96613,890,448,2
96614,662,1511,4
96615,870,659,4
96616,454,1089,2
96617,935,620,2
96618,880,475,4
96619,881,473,2
96620,892,511,5
96621,639,865,1
96622,881,120,2
96623,682,62,3
96624,660,301,3
96625,902,79,5
96626,871,269,3
96627,711,969,5
96628,64,503,4
96629,731,608,4
96630,938,237,2
96631,840,653,5
96632,788,531,4
96633,932,1456,4
96634,932,502,4
96635,512,186,5
96636,339,644,5
96637,541,1030,3
96638,930,257,4
96639,800,15,4
96640,655,1142,2
96641,796,573,4
96642,588,447,3
96643,375,234,5
96644,788,159,3
96645,253,966,5
96646,763,198,5
96647,592,984,1
96648,880,794,4
96649,535,277,5
96650,846,51,4
96651,406,101,3
96652,846,1041,4
96653,679,318,5
96654,927,426,4
96655,918,1172,3
96656,618,1063,3
96657,804,483,5
96658,815,159,3
96659,509,271,4
96660,860,663,3
96661,871,301,4
96662,932,82,3
96663,13,429,5
96664,848,523,5
96665,787,345,3
96666,269,739,1
96667,734,230,2
96668,851,815,3
96669,653,1042,2
96670,924,527,4
96671,318,143,5
96672,911,26,4
96673,843,1157,3
96674,894,237,4
96675,913,258,4
96676,919,124,3
96677,934,624,4
96678,793,742,3
96679,548,176,4
96680,864,1140,1
96681,655,1245,3
96682,561,99,3
96683,279,544,1
96684,44,97,2
96685,805,213,3
96686,886,55,4
96687,178,1028,3
96688,852,506,4
96689,567,513,4
96690,907,312,5
96691,608,287,3
96692,16,66,4
96693,797,294,3
96694,495,240,4
96695,776,559,4
96696,601,473,3
96697,682,65,3
96698,117,282,5
96699,1,152,5
96700,933,393,2
96701,806,180,4
96702,177,160,4
96703,41,135,4
96704,658,198,5
96705,221,38,2
96706,622,1149,3
96707,514,421,4
96708,657,873,3
96709,659,505,4
96710,500,1057,3
96711,823,517,5
96712,919,111,4
96713,892,300,4
96714,445,183,2
96715,836,187,5
96716,705,471,5
96717,650,602,4
96718,305,97,4
96719,812,302,3
96720,303,191,5
96721,567,494,5
96722,919,147,4
96723,554,1028,3
96724,338,990,4
96725,758,117,4
96726,560,222,4
96727,913,408,5
96728,829,105,3
96729,435,603,3
96730,623,274,4
96731,639,60,3
96732,862,176,5
96733,373,178,4
96734,896,91,2
96735,279,7,5
96736,804,291,4
96737,930,143,2
96738,280,183,3
96739,561,9,4
96740,838,1039,5
96741,929,144,3
96742,315,288,3
96743,709,762,3
96744,588,301,5
96745,21,53,4
96746,630,1079,1
96747,642,257,5
96748,942,318,5
96749,891,127,4
96750,21,273,4
96751,883,70,3
96752,492,1121,2
96753,747,196,2
96754,499,56,4
96755,875,134,5
96756,899,414,2
96757,606,588,5
96758,642,1055,4
96759,839,333,4
96760,130,1278,5
96761,3,346,5
96762,887,1060,5
96763,719,255,2
96764,387,581,4
96765,382,756,3
96766,922,411,1
96767,769,13,4
96768,889,705,4
96769,904,785,5
96770,582,328,3
96771,870,1044,2
96772,729,894,1
96773,916,137,5
96774,749,433,3
96775,892,483,5
96776,938,118,5
96777,929,589,5
96778,846,187,4
96779,458,69,2
96780,645,202,3
96781,630,546,3
96782,889,959,3
96783,407,101,3
96784,935,181,4
96785,654,248,2
96786,330,496,5
96787,559,652,4
96788,896,69,5
96789,833,180,5
96790,932,523,4
96791,923,121,4
96792,650,153,4
96793,830,228,3
96794,896,661,4
96795,465,835,3
96796,788,192,4
96797,940,264,1
96798,901,321,1
96799,916,98,5
96800,911,87,5
96801,85,333,1
96802,691,772,5
96803,449,70,4
96804,907,172,4
96805,739,749,5
96806,847,157,1
96807,268,116,4
96808,484,393,1
96809,897,405,5
96810,932,99,4
96811,842,902,5
96812,524,1107,4
96813,833,26,1
96814,312,199,5
96815,293,162,3
96816,773,196,4
96817,374,117,5
96818,833,153,3
96819,881,651,5
96820,435,441,3
96821,239,203,1
96822,900,9,2
96823,943,427,4
96824,601,208,4
96825,577,97,5
96826,838,153,4
96827,896,300,2
96828,595,108,2
96829,770,323,5
96830,831,22,5
96831,829,475,4
96832,269,378,3
96833,868,65,2
96834,815,228,5
96835,682,804,3
96836,521,239,5
96837,625,732,3
96838,158,7,5
96839,374,477,1
96840,627,385,2
96841,894,271,2
96842,882,746,4
96843,908,663,3
96844,56,66,3
96845,932,513,5
96846,756,403,2
96847,659,526,5
96848,378,1091,2
96849,907,742,5
96850,931,281,3
96851,917,289,4
96852,184,95,4
96853,938,100,5
96854,885,1030,1
96855,642,400,4
96856,361,692,4
96857,407,73,4
96858,773,522,4
96859,803,322,2
96860,792,1164,3
96861,389,347,4
96862,894,52,4
96863,478,32,3
96864,527,9,5
96865,806,318,5
96866,916,1079,2
96867,621,148,4
96868,710,887,2
96869,894,595,3
96870,882,470,4
96871,715,101,3
96872,825,321,3
96873,733,9,3
96874,548,328,4
96875,923,1,3
96876,830,151,3
96877,847,602,3
96878,932,168,5
96879,329,127,4
96880,493,274,5
96881,167,1125,5
96882,823,168,5
96883,188,187,3
96884,496,419,2
96885,936,1323,4
96886,916,226,3
96887,727,447,3
96888,464,249,2
96889,749,178,4
96890,896,245,4
96891,864,108,3
96892,28,434,4
96893,588,382,3
96894,442,96,4
96895,913,172,5
96896,537,1048,2
96897,895,222,3
96898,574,312,4
96899,782,254,2
96900,901,429,5
96901,324,321,3
96902,868,155,2
96903,648,249,3
96904,766,294,2
96905,551,302,3
96906,43,202,5
96907,911,473,3
96908,890,133,5
96909,537,345,4
96910,747,100,5
96911,310,1142,5
96912,770,111,5
96913,897,185,5
96914,643,5,3
96915,834,298,4
96916,573,495,2
96917,654,455,3
96918,5,368,1
96919,85,181,4
96920,889,947,4
96921,849,38,5
96922,916,273,3
96923,531,313,5
96924,901,1035,4
96925,670,515,2
96926,804,820,4
96927,442,405,3
96928,939,274,5
96929,939,252,3
96930,805,1071,4
96931,474,411,2
96932,864,1425,2
96933,650,635,3
96934,37,62,5
96935,646,354,3
96936,774,217,2
96937,610,485,5
96938,656,340,3
96939,269,1267,1
96940,938,220,4
96941,181,280,4
96942,339,518,5
96943,854,476,3
96944,907,220,5
96945,887,578,4
96946,834,342,2
96947,601,660,3
96948,416,17,2
96949,807,139,2
96950,705,416,3
96951,924,1149,3
96952,556,135,2
96953,919,277,5
96954,907,988,3
96955,864,230,2
96956,896,483,3
96957,823,686,4
96958,286,367,5
96959,707,479,3
96960,642,131,3
96961,294,333,4
96962,943,185,2
96963,749,405,2
96964,908,264,3
96965,286,537,4
96966,640,1010,3
96967,400,313,5
96968,781,523,5
96969,672,1190,2
96970,201,440,2
96971,795,436,3
96972,634,269,4
96973,759,323,4
96974,943,403,4
96975,385,448,3
96976,804,145,3
96977,716,195,1
96978,882,230,5
96979,504,248,4
96980,934,1203,5
96981,566,521,4
96982,837,181,3
96983,943,401,1
96984,917,3,1
96985,751,658,3
96986,741,724,4
96987,843,228,4
96988,933,515,3
96989,749,356,4
96990,109,410,1
96991,125,222,5
96992,932,399,4
96993,655,1262,3
96994,881,447,4
96995,932,526,5
96996,851,339,4
96997,934,602,3
96998,450,1480,3
96999,533,147,1
97000,692,1,4
97001,44,183,4
97002,865,831,1
97003,917,255,3
97004,798,699,3
97005,719,137,1
97006,189,523,4
97007,409,178,5
97008,328,68,3
97009,870,170,5
97010,936,343,3
97011,789,762,3
97012,749,1440,3
97013,747,488,5
97014,65,9,5
97015,829,845,3
97016,622,742,3
97017,712,204,4
97018,321,428,4
97019,610,317,3
97020,611,315,5
97021,280,585,3
97022,648,211,4
97023,919,181,4
97024,864,121,4
97025,303,634,3
97026,833,1353,3
97027,863,355,4
97028,749,420,4
97029,664,230,3
97030,458,483,5
97031,798,402,3
97032,795,208,4
97033,407,288,4
97034,846,428,3
97035,653,182,3
97036,716,190,5
97037,709,738,1
97038,324,742,5
97039,201,1137,4
97040,761,201,2
97041,650,89,4
97042,65,392,5
97043,305,173,3
97044,551,546,2
97045,746,135,1
97046,500,242,3
97047,393,774,4
97048,145,53,2
97049,627,518,4
97050,806,96,5
97051,858,127,5
97052,861,213,5
97053,751,479,2
97054,804,218,4
97055,805,477,4
97056,608,1281,4
97057,886,1467,5
97058,24,151,5
97059,584,50,4
97060,774,177,4
97061,429,472,3
97062,758,204,4
97063,680,257,4
97064,528,213,4
97065,406,601,3
97066,323,1048,3
97067,593,40,1
97068,6,202,3
97069,922,431,4
97070,406,154,5
97071,840,176,3
97072,537,462,3
97073,883,207,3
97074,774,421,1
97075,715,100,2
97076,532,347,4
97077,699,591,2
97078,731,1275,1
97079,442,450,3
97080,536,1050,5
97081,860,327,3
97082,452,213,4
97083,521,181,4
97084,821,504,4
97085,828,345,1
97086,537,527,4
97087,774,82,2
97088,757,638,3
97089,421,79,4
97090,881,72,2
97091,123,321,4
97092,474,647,4
97093,916,640,4
97094,72,649,4
97095,314,932,4
97096,805,1105,2
97097,748,227,3
97098,932,89,5
97099,727,198,4
97100,435,201,4
97101,918,656,4
97102,660,1139,2
97103,642,686,5
97104,366,758,3
97105,846,560,1
97106,717,245,4
97107,648,176,4
97108,721,739,4
97109,749,155,2
97110,690,47,1
97111,578,1016,4
97112,887,228,4
97113,749,203,4
97114,936,1315,3
97115,919,1119,3
97116,459,298,3
97117,890,205,5
97118,435,635,3
97119,864,204,5
97120,738,655,3
97121,577,68,4
97122,877,1402,4
97123,868,655,4
97124,798,83,4
97125,936,289,5
97126,711,51,4
97127,526,123,3
97128,806,88,4
97129,907,107,5
97130,840,199,4
97131,918,507,5
97132,401,188,1
97133,934,303,4
97134,382,168,4
97135,347,363,1
97136,875,480,5
97137,262,234,3
97138,807,496,5
97139,843,427,2
97140,904,1074,4
97141,921,797,3
97142,913,4,4
97143,881,498,4
97144,556,243,1
97145,327,529,3
97146,844,100,4
97147,871,1176,3
97148,474,59,3
97149,884,212,4
97150,846,192,5
97151,631,886,4
97152,848,430,5
97153,532,1011,5
97154,873,326,4
97155,834,245,4
97156,889,737,3
97157,77,228,3
97158,808,327,5
97159,747,715,5
97160,360,137,5
97161,648,904,2
97162,23,73,3
97163,308,429,4
97164,660,636,2
97165,889,208,4
97166,940,879,3
97167,901,142,4
97168,457,356,4
97169,892,477,4
97170,537,1404,2
97171,234,2,2
97172,937,283,4
97173,772,271,4
97174,666,236,4
97175,790,176,3
97176,815,588,5
97177,851,261,3
97178,62,151,5
97179,804,235,5
97180,698,496,3
97181,588,356,4
97182,682,1311,3
97183,618,588,4
97184,833,1006,1
97185,666,642,5
97186,291,833,3
97187,721,228,5
97188,896,802,2
97189,903,509,4
97190,902,301,2
97191,389,487,5
97192,800,405,4
97193,454,527,4
97194,918,151,2
97195,592,603,5
97196,845,303,1
97197,844,125,3
97198,279,1496,3
97199,806,702,3
97200,862,651,5
97201,398,708,3
97202,533,243,3
97203,561,566,3
97204,385,92,3
97205,426,496,3
97206,339,790,2
97207,758,307,3
97208,181,815,3
97209,13,188,4
97210,707,345,5
97211,642,181,5
97212,782,1608,3
97213,457,569,3
97214,577,5,4
97215,749,181,5
97216,648,377,3
97217,882,291,4
97218,758,270,4
97219,788,153,3
97220,571,144,2
97221,88,326,5
97222,851,687,2
97223,174,1017,2
97224,641,528,4
97225,758,393,4
97226,417,473,2
97227,862,432,5
97228,459,125,4
97229,930,709,4
97230,351,304,3
97231,87,180,4
97232,924,181,3
97233,787,906,1
97234,871,271,5
97235,796,662,5
97236,919,293,4
97237,937,237,4
97238,295,416,4
97239,639,61,3
97240,862,91,5
97241,774,218,1
97242,916,52,5
97243,881,243,2
97244,655,815,2
97245,609,15,5
97246,854,322,1
97247,619,182,4
97248,551,895,3
97249,460,870,2
97250,151,705,5
97251,794,187,5
97252,503,529,2
97253,927,1178,2
97254,940,171,2
97255,897,763,3
97256,934,226,4
97257,318,944,2
97258,639,100,1
97259,521,204,4
97260,880,407,1
97261,214,55,4
97262,833,1628,3
97263,932,448,2
97264,922,385,3
97265,864,183,4
97266,864,189,4
97267,933,177,4
97268,336,173,5
97269,796,62,4
97270,929,496,3
97271,514,433,5
97272,622,769,1
97273,442,2,3
97274,715,1222,2
97275,751,315,3
97276,130,233,4
97277,559,167,3
97278,883,580,3
97279,889,210,4
97280,62,924,1
97281,851,1120,2
97282,561,1210,1
97283,934,705,4
97284,908,144,4
97285,870,12,4
97286,675,269,5
97287,697,986,1
97288,924,276,2
97289,399,47,3
97290,880,940,3
97291,886,204,3
97292,545,692,3
97293,536,386,4
97294,577,125,4
97295,934,144,4
97296,917,121,1
97297,738,240,3
97298,921,174,5
97299,901,756,4
97300,840,179,5
97301,886,209,4
97302,276,772,4
97303,936,7,4
97304,763,703,5
97305,932,462,4
97306,843,173,2
97307,566,265,4
97308,938,410,1
97309,83,704,3
97310,189,582,5
97311,856,272,5
97312,747,1045,4
97313,846,197,4
97314,805,144,3
97315,243,246,4
97316,451,266,2
97317,933,175,4
97318,404,301,3
97319,313,603,5
97320,896,248,4
97321,593,274,3
97322,924,56,3
97323,374,504,4
97324,655,1155,3
97325,874,285,4
97326,669,7,3
97327,59,243,1
97328,751,274,4
97329,933,9,3
97330,389,239,3
97331,943,576,4
97332,244,67,4
97333,239,14,5
97334,922,919,5
97335,183,1215,1
97336,177,221,3
97337,773,68,2
97338,872,926,4
97339,232,286,3
97340,796,450,3
97341,157,258,3
97342,528,678,3
97343,880,1222,4
97344,391,591,4
97345,919,406,3
97346,523,1069,5
97347,810,878,4
97348,363,313,5
97349,682,33,4
97350,742,282,3
97351,246,159,3
97352,913,466,3
97353,799,1545,4
97354,726,1038,2
97355,931,111,3
97356,847,50,4
97357,862,265,5
97358,923,815,4
97359,82,484,4
97360,884,510,5
97361,846,738,4
97362,883,349,2
97363,909,707,5
97364,503,187,5
97365,796,145,2
97366,929,429,4
97367,225,479,4
97368,59,4,4
97369,821,993,4
97370,339,216,3
97371,912,419,4
97372,305,566,3
97373,209,129,2
97374,374,411,3
97375,936,1375,5
97376,617,320,5
97377,315,318,5
97378,232,435,4
97379,276,182,5
97380,488,746,4
97381,854,1283,2
97382,919,22,5
97383,799,306,4
97384,788,294,3
97385,835,1278,5
97386,795,1030,3
97387,311,550,3
97388,907,978,5
97389,868,2,2
97390,660,94,2
97391,894,534,4
97392,655,307,3
97393,642,748,5
97394,681,894,1
97395,435,84,2
97396,523,213,5
97397,926,245,3
97398,429,129,4
97399,441,300,3
97400,293,122,3
97401,199,1354,1
97402,774,553,2
97403,151,380,5
97404,653,371,1
97405,921,276,1
97406,903,127,5
97407,542,194,4
97408,938,845,1
97409,885,549,3
97410,924,9,4
97411,709,17,4
97412,889,949,3
97413,903,928,2
97414,751,660,4
97415,610,176,4
97416,615,300,4
97417,882,133,5
97418,758,831,4
97419,548,924,3
97420,805,519,4
97421,892,497,4
97422,786,100,4
97423,803,305,5
97424,537,604,3
97425,813,243,3
97426,927,210,5
97427,759,237,3
97428,665,200,4
97429,79,236,5
97430,10,93,4
97431,773,24,3
97432,592,295,4
97433,758,320,5
97434,780,427,3
97435,894,287,4
97436,846,747,3
97437,345,181,4
97438,405,1445,1
97439,8,260,3
97440,699,291,3
97441,795,47,3
97442,181,1381,2
97443,164,328,5
97444,532,215,5
97445,436,856,4
97446,534,508,4
97447,870,367,4
97448,629,194,5
97449,604,288,3
97450,536,431,5
97451,701,286,4
97452,912,357,5
97453,537,609,3
97454,653,210,4
97455,13,400,4
97456,826,4,4
97457,159,932,3
97458,541,1041,3
97459,747,194,3
97460,682,1478,3
97461,667,275,4
97462,393,8,3
97463,734,498,4
97464,229,882,4
97465,871,402,3
97466,903,369,4
97467,425,827,1
97468,851,95,4
97469,416,95,3
97470,588,660,4
97471,537,228,3
97472,272,187,5
97473,910,121,1
97474,453,1079,1
97475,805,317,4
97476,497,226,3
97477,910,742,4
97478,547,751,4
97479,488,492,2
97480,910,183,4
97481,747,900,5
97482,788,445,4
97483,779,447,4
97484,830,231,2
97485,887,71,5
97486,854,508,4
97487,927,571,3
97488,271,610,3
97489,901,69,5
97490,825,1011,3
97491,332,619,3
97492,907,781,5
97493,870,939,3
97494,389,257,3
97495,796,234,2
97496,887,609,4
97497,860,781,2
97498,826,399,4
97499,943,717,4
97500,731,520,4
97501,892,797,4
97502,876,286,5
97503,758,315,5
97504,606,1149,4
97505,881,1217,5
97506,271,429,4
97507,876,523,5
97508,924,402,3
97509,916,66,3
97510,770,257,4
97511,927,1284,4
97512,916,421,5
97513,745,603,4
97514,586,939,4
97515,940,7,4
97516,815,239,5
97517,892,175,4
97518,921,69,4
97519,919,678,2
97520,848,132,5
97521,546,300,3
97522,919,95,4
97523,321,59,4
97524,597,748,5
97525,537,69,2
97526,785,137,2
97527,389,618,4
97528,484,38,4
97529,933,226,2
97530,746,83,4
97531,574,311,4
97532,637,127,2
97533,856,328,3
97534,862,202,5
97535,790,210,4
97536,618,776,2
97537,133,271,5
97538,495,393,5
97539,871,305,3
97540,728,748,3
97541,682,8,3
97542,469,487,5
97543,883,241,4
97544,721,1065,5
97545,201,28,3
97546,457,238,5
97547,536,640,4
97548,896,478,5
97549,776,427,3
97550,886,164,4
97551,655,410,2
97552,280,182,3
97553,303,88,4
97554,712,96,5
97555,896,427,4
97556,686,26,5
97557,42,591,4
97558,394,343,3
97559,350,429,4
97560,298,679,3
97561,598,538,4
97562,622,978,2
97563,934,1135,3
97564,710,501,3
97565,882,501,5
97566,802,748,4
97567,804,513,5
97568,791,294,3
97569,679,97,3
97570,495,590,4
97571,870,654,4
97572,916,23,4
97573,363,80,4
97574,917,1,3
97575,851,930,3
97576,864,88,4
97577,727,840,2
97578,860,678,3
97579,288,286,4
97580,639,863,4
97581,643,572,3
97582,930,210,2
97583,650,158,2
97584,889,193,4
97585,815,333,3
97586,624,275,4
97587,279,374,1
97588,768,284,1
97589,434,1197,5
97590,669,603,5
97591,735,756,2
97592,782,1387,3
97593,503,580,3
97594,895,151,5
97595,59,517,5
97596,392,528,5
97597,448,270,5
97598,592,750,5
97599,659,673,4
97600,847,222,5
97601,303,943,2
97602,100,315,5
97603,749,470,5
97604,882,432,5
97605,755,286,5
97606,20,15,4
97607,327,628,2
97608,880,527,4
97609,115,558,5
97610,557,307,5
97611,368,413,1
97612,943,216,4
97613,883,1012,5
97614,371,202,5
97615,790,792,2
97616,245,717,4
97617,901,1120,4
97618,416,100,5
97619,2,296,3
97620,605,111,3
97621,650,23,3
97622,923,741,5
97623,234,1448,3
97624,671,82,4
97625,924,129,4
97626,805,11,2
97627,21,1,5
97628,916,558,3
97629,907,15,5
97630,847,501,3
97631,844,12,5
97632,44,198,4
97633,883,82,3
97634,788,300,5
97635,860,339,3
97636,886,410,4
97637,546,236,4
97638,246,66,3
97639,830,692,4
97640,880,318,5
97641,334,161,3
97642,916,123,3
97643,908,709,4
97644,815,318,5
97645,928,127,5
97646,883,490,4
97647,911,199,3
97648,937,874,3
97649,655,1640,3
97650,724,1105,1
97651,786,376,3
97652,874,654,5
97653,383,213,5
97654,577,660,3
97655,804,841,4
97656,621,405,5
97657,930,240,1
97658,904,280,5
97659,655,734,3
97660,573,134,4
97661,18,127,5
97662,887,90,5
97663,934,204,4
97664,704,633,5
97665,779,255,4
97666,145,1012,4
97667,837,285,4
97668,894,922,4
97669,537,300,1
97670,216,181,3
97671,645,184,3
97672,515,326,2
97673,873,348,3
97674,943,763,4
97675,806,1059,3
97676,846,80,4
97677,774,399,2
97678,710,294,3
97679,374,31,5
97680,815,919,5
97681,646,328,3
97682,815,2,3
97683,658,127,5
97684,892,526,4
97685,425,70,3
97686,928,276,5
97687,798,2,4
97688,908,209,3
97689,886,53,1
97690,902,1,5
97691,864,8,5
97692,389,143,3
97693,727,491,4
97694,305,484,3
97695,239,433,5
97696,815,28,4
97697,894,874,4
97698,889,483,4
97699,819,255,1
97700,724,887,3
97701,937,508,1
97702,931,313,4
97703,862,92,5
97704,538,88,2
97705,916,710,3
97706,374,184,2
97707,627,1267,4
97708,634,300,3
97709,753,300,1
97710,868,168,3
97711,796,199,3
97712,293,507,4
97713,882,4,4
97714,924,71,5
97715,271,515,5
97716,609,352,1
97717,912,520,2
97718,640,802,3
97719,622,178,4
97720,711,365,3
97721,346,640,3
97722,749,975,4
97723,922,562,3
97724,727,849,2
97725,827,286,3
97726,682,783,2
97727,838,50,5
97728,910,291,1
97729,723,286,3
97730,641,497,5
97731,731,1087,1
97732,921,122,2
97733,468,943,3
97734,786,228,4
97735,903,475,4
97736,923,276,5
97737,315,93,5
97738,566,153,2
97739,878,166,4
97740,393,1419,3
97741,561,664,4
97742,798,111,1
97743,543,191,4
97744,473,127,5
97745,706,687,1
97746,428,751,5
97747,593,293,1
97748,785,995,3
97749,803,990,2
97750,620,419,2
97751,524,614,5
97752,189,59,3
97753,296,23,5
97754,774,193,5
97755,452,98,5
97756,819,744,5
97757,793,252,4
97758,308,513,3
97759,921,410,2
97760,916,227,3
97761,726,25,4
97762,360,474,5
97763,756,568,3
97764,543,528,4
97765,507,294,5
97766,290,378,3
97767,796,323,2
97768,854,945,3
97769,805,659,3
97770,703,100,4
97771,519,1434,5
97772,711,97,4
97773,894,509,4
97774,885,153,2
97775,443,245,3
97776,748,1,4
97777,693,735,4
97778,726,832,5
97779,405,177,1
97780,753,172,3
97781,911,419,5
97782,933,732,3
97783,918,161,1
97784,568,497,2
97785,575,531,1
97786,271,186,4
97787,766,380,2
97788,773,840,1
97789,420,285,5
97790,592,13,5
97791,588,56,4
97792,622,1406,3
97793,827,358,2
97794,693,180,3
97795,889,944,3
97796,416,1133,4
97797,399,246,3
97798,234,656,4
97799,551,233,4
97800,855,638,4
97801,452,1410,1
97802,843,91,3
97803,921,280,3
97804,943,69,5
97805,730,121,4
97806,923,249,4
97807,886,183,5
97808,71,6,3
97809,901,58,4
97810,193,405,3
97811,913,508,3
97812,796,606,4
97813,883,856,5
97814,119,257,4
97815,506,514,5
97816,727,235,3
97817,817,121,3
97818,883,684,3
97819,116,532,2
97820,930,244,4
97821,757,29,2
97822,909,294,3
97823,363,739,3
97824,840,174,4
97825,767,659,5
97826,892,449,2
97827,776,549,5
97828,279,486,4
97829,828,557,2
97830,850,79,5
97831,683,683,3
97832,901,180,2
97833,871,510,3
97834,798,845,5
97835,779,95,5
97836,828,737,1
97837,529,333,4
97838,919,12,3
97839,884,285,4
97840,655,1166,3
97841,922,1079,1
97842,794,936,5
97843,916,1217,1
97844,774,398,1
97845,943,168,2
97846,665,496,3
97847,850,385,5
97848,7,198,3
97849,697,1022,1
97850,650,565,3
97851,889,1069,1
97852,798,610,3
97853,907,366,5
97854,373,187,2
97855,773,70,3
97856,342,833,3
97857,938,1,4
97858,13,541,1
97859,938,273,5
97860,642,1287,2
97861,677,240,5
97862,396,151,3
97863,484,241,3
97864,889,32,4
97865,396,323,4
97866,916,158,2
97867,933,585,1
97868,188,176,4
97869,919,864,2
97870,847,142,3
97871,505,491,3
97872,805,406,1
97873,892,380,4
97874,830,837,5
97875,551,833,3
97876,594,127,4
97877,934,69,5
97878,157,475,3
97879,743,322,3
97880,874,111,3
97881,693,197,3
97882,589,324,1
97883,483,91,3
97884,533,1161,3
97885,13,893,3
97886,930,190,4
97887,323,535,3
97888,935,15,5
97889,749,549,3
97890,311,392,5
97891,280,739,3
97892,677,1011,3
97893,932,1020,5
97894,642,477,5
97895,907,485,5
97896,378,735,4
97897,847,133,3
97898,758,310,3
97899,753,179,2
97900,747,305,5
97901,749,85,4
97902,471,946,2
97903,930,16,1
97904,567,525,5
97905,234,200,5
97906,537,901,1
97907,764,21,2
97908,889,1048,3
97909,727,122,2
97910,748,133,3
97911,731,496,5
97912,699,3,3
97913,773,751,3
97914,720,311,5
97915,639,673,4
97916,541,139,3
97917,346,1188,1
97918,533,172,4
97919,803,307,4
97920,783,330,1
97921,763,609,4
97922,916,241,4
97923,870,647,4
97924,715,144,5
97925,682,176,4
97926,43,892,3
97927,660,1240,3
97928,934,527,3
97929,21,323,2
97930,836,357,5
97931,935,283,4
97932,934,584,4
97933,416,310,5
97934,653,1065,1
97935,901,66,5
97936,848,855,5
97937,908,300,3
97938,932,1149,4
97939,682,722,4
97940,796,939,3
97941,653,1132,1
97942,798,393,3
97943,156,646,4
97944,774,546,1
97945,13,629,1
97946,747,505,5
97947,204,12,4
97948,577,826,4
97949,158,431,5
97950,632,176,3
97951,727,651,3
97952,862,1109,5
97953,899,151,2
97954,645,650,5
97955,52,7,5
97956,780,604,3
97957,325,235,1
97958,782,272,5
97959,339,660,4
97960,868,578,2
97961,870,289,2
97962,378,238,3
97963,450,1061,4
97964,593,126,5
97965,923,1017,5
97966,711,710,4
97967,573,523,4
97968,334,479,4
97969,806,117,2
97970,183,258,3
97971,57,144,3
97972,895,328,4
97973,774,50,4
97974,805,210,3
97975,919,272,5
97976,606,393,4
97977,933,174,4
97978,751,209,4
97979,659,486,4
97980,544,748,3
97981,487,62,3
97982,899,213,4
97983,435,709,4
97984,642,553,5
97985,790,597,3
97986,262,269,3
97987,940,471,4
97988,918,660,4
97989,44,692,3
97990,642,1182,2
97991,774,866,1
97992,450,234,3
97993,799,1063,4
97994,738,250,4
97995,622,62,4
97996,869,288,3
97997,398,367,3
97998,887,122,5
97999,401,537,4
98000,222,241,3
98001,789,628,3
98002,242,1355,5
98003,497,265,4
98004,55,7,3
98005,778,196,2
98006,932,1035,4
98007,919,255,4
98008,174,1313,4
98009,926,262,3
98010,324,410,5
98011,928,168,5
98012,771,50,4
98013,880,926,3
98014,807,91,5
98015,827,333,3
98016,293,1044,2
98017,590,1009,3
98018,228,56,2
98019,903,192,5
98020,497,50,5
98021,868,199,5
98022,911,474,5
98023,894,827,3
98024,833,641,4
98025,890,97,4
98026,416,300,4
98027,594,199,4
98028,151,1041,3
98029,919,302,4
98030,883,345,3
98031,833,176,2
98032,881,29,2
98033,406,205,2
98034,780,515,3
98035,922,235,2
98036,658,22,4
98037,532,477,4
98038,840,198,3
98039,622,276,4
98040,629,127,5
98041,488,82,4
98042,927,742,5
98043,632,566,4
98044,871,161,5
98045,145,754,3
98046,436,468,4
98047,625,198,4
98048,406,217,4
98049,933,70,2
98050,617,816,1
98051,913,289,5
98052,880,795,2
98053,568,611,3
98054,880,379,4
98055,428,749,4
98056,279,83,5
98057,807,258,3
98058,647,174,4
98059,766,448,3
98060,940,259,4
98061,768,895,2
98062,52,288,3
98063,230,203,2
98064,870,111,3
98065,896,550,2
98066,846,633,3
98067,843,218,2
98068,592,109,4
98069,815,515,5
98070,847,240,1
98071,709,841,4
98072,880,120,2
98073,70,172,5
98074,232,357,4
98075,896,1222,2
98076,727,172,5
98077,659,199,4
98078,429,1012,3
98079,918,995,3
98080,891,597,3
98081,887,132,4
98082,693,484,3
98083,903,81,5
98084,870,284,2
98085,605,64,5
98086,581,1353,4
98087,59,91,4
98088,362,321,2
98089,326,211,4
98090,733,924,4
98091,763,737,2
98092,938,823,4
98093,848,812,2
98094,820,258,3
98095,738,919,4
98096,326,97,4
98097,894,250,4
98098,878,699,1
98099,716,177,2
98100,738,755,3
98101,934,196,5
98102,795,70,3
98103,894,1038,3
98104,155,872,3
98105,782,1089,2
98106,405,1423,1
98107,786,528,5
98108,910,286,3
98109,49,2,1
98110,932,607,4
98111,868,135,5
98112,933,959,1
98113,671,273,4
98114,858,515,4
98115,798,731,3
98116,679,172,5
98117,903,595,2
98118,562,485,5
98119,886,196,3
98120,566,289,1
98121,887,1279,3
98122,900,410,2
98123,378,402,4
98124,294,829,3
98125,907,764,4
98126,686,179,5
98127,435,763,5
98128,537,429,3
98129,938,106,5
98130,642,998,3
98131,544,292,4
98132,269,708,4
98133,709,68,5
98134,406,393,4
98135,904,90,2
98136,892,431,4
98137,685,289,2
98138,479,340,1
98139,577,88,3
98140,912,616,3
98141,898,309,5
98142,334,549,4
98143,861,475,3
98144,102,227,4
98145,60,135,5
98146,864,742,4
98147,817,405,3
98148,801,299,2
98149,916,90,3
98150,7,152,4
98151,779,50,5
98152,193,1090,2
98153,475,302,3
98154,561,197,4
98155,796,77,5
98156,887,427,5
98157,889,603,4
98158,303,368,1
98159,883,271,2
98160,222,133,1
98161,846,199,5
98162,878,258,3
98163,685,875,3
98164,561,17,2
98165,845,306,2
98166,704,523,5
98167,455,523,4
98168,323,322,2
98169,655,192,3
98170,318,25,5
98171,533,676,5
98172,685,886,1
98173,7,367,5
98174,927,99,2
98175,515,340,3
98176,919,223,4
98177,707,420,3
98178,508,655,4
98179,416,659,5
98180,932,841,2
98181,940,354,5
98182,862,748,4
98183,450,399,4
98184,453,25,4
98185,486,244,3
98186,749,118,3
98187,591,523,4
98188,896,730,4
98189,886,177,4
98190,716,1286,2
98191,938,248,1
98192,564,258,4
98193,766,584,3
98194,807,2,4
98195,246,739,2
98196,173,245,4
98197,716,655,4
98198,504,300,4
98199,863,1127,4
98200,896,588,5
98201,749,365,3
98202,291,1047,2
98203,760,258,5
98204,328,46,2
98205,363,168,4
98206,455,117,3
98207,504,742,4
98208,387,214,5
98209,887,393,4
98210,497,121,4
98211,267,5,3
98212,897,23,3
98213,314,768,5
98214,432,255,5
98215,256,230,4
98216,283,71,4
98217,561,942,3
98218,178,1119,4
98219,586,68,4
98220,870,1020,3
98221,478,710,5
98222,727,92,2
98223,659,188,3
98224,892,495,4
98225,561,199,4
98226,682,999,2
98227,724,322,1
98228,848,173,5
98229,931,290,2
98230,501,628,4
98231,901,732,5
98232,625,70,3
98233,235,285,4
98234,698,663,1
98235,653,160,3
98236,837,740,5
98237,643,630,3
98238,766,607,1
98239,883,513,5
98240,86,1176,5
98241,764,98,5
98242,747,178,5
98243,805,322,2
98244,798,15,4
98245,201,800,2
98246,865,471,1
98247,851,12,4
98248,919,877,3
98249,936,1129,5
98250,301,100,5
98251,943,526,4
98252,823,710,4
98253,828,558,3
98254,18,959,3
98255,899,133,3
98256,910,3,2
98257,233,845,4
98258,933,193,4
98259,665,210,4
98260,94,1101,3
98261,778,441,3
98262,897,77,4
98263,870,746,3
98264,620,452,3
98265,867,89,5
98266,892,692,4
98267,293,45,5
98268,374,164,4
98269,936,327,4
98270,296,209,4
98271,588,378,3
98272,213,125,5
98273,897,404,4
98274,796,96,4
98275,481,211,5
98276,908,631,4
98277,493,333,4
98278,343,963,5
98279,835,504,5
98280,897,187,5
98281,896,239,4
98282,916,195,3
98283,870,148,2
98284,931,302,4
98285,373,174,4
98286,943,196,5
98287,387,847,3
98288,890,483,5
98289,432,298,3
98290,357,841,3
98291,712,419,3
98292,782,905,4
98293,276,807,2
98294,869,122,3
98295,858,327,3
98296,903,1009,4
98297,686,318,5
98298,82,22,3
98299,861,937,4
98300,130,272,5
98301,896,570,2
98302,328,187,4
98303,495,1116,3
98304,536,450,2
98305,548,151,1
98306,490,547,4
98307,437,135,4
98308,889,219,2
98309,915,896,2
98310,933,391,1
98311,168,924,2
98312,790,368,2
98313,615,197,4
98314,116,311,3
98315,758,471,3
98316,796,58,3
98317,704,134,5
98318,902,754,3
98319,892,825,4
98320,13,166,5
98321,583,524,5
98322,826,550,3
98323,655,1554,2
98324,648,448,3
98325,756,256,4
98326,601,198,4
98327,890,229,2
98328,509,705,4
98329,933,763,3
98330,907,332,5
98331,870,475,5
98332,932,1,4
98333,605,275,4
98334,650,270,4
98335,943,9,3
98336,804,708,3
98337,17,222,3
98338,843,83,3
98339,629,275,5
98340,918,89,5
98341,710,302,4
98342,798,945,3
98343,900,696,2
98344,711,417,4
98345,655,1465,2
98346,887,404,4
98347,458,7,4
98348,654,720,4
98349,262,70,4
98350,16,367,3
98351,398,582,2
98352,870,318,5
98353,889,980,4
98354,804,288,1
98355,889,657,4
98356,868,186,2
98357,13,834,1
98358,653,187,4
98359,920,311,3
98360,612,480,4
98361,687,269,4
98362,854,20,2
98363,573,528,4
98364,868,174,5
98365,655,4,2
98366,853,682,4
98367,251,25,4
98368,885,739,4
98369,839,846,2
98370,811,243,3
98371,406,654,4
98372,500,383,3
98373,768,535,3
98374,727,392,4
98375,756,383,3
98376,836,185,5
98377,928,191,5
98378,727,465,2
98379,401,243,3
98380,666,483,5
98381,896,566,4
98382,472,96,5
98383,361,1152,2
98384,735,325,1
98385,938,458,4
98386,916,546,2
98387,505,182,1
98388,922,276,3
98389,450,178,4
98390,179,313,4
98391,923,866,4
98392,639,1101,3
98393,665,417,3
98394,916,1073,4
98395,61,301,1
98396,846,435,5
98397,606,87,4
98398,825,919,1
98399,846,396,5
98400,239,269,5
98401,768,269,3
98402,59,953,5
98403,642,756,5
98404,913,181,3
98405,363,238,4
98406,715,939,4
98407,49,154,5
98408,703,819,2
98409,147,302,4
98410,934,96,4
98411,376,815,3
98412,294,328,4
98413,732,321,3
98414,82,237,3
98415,774,219,4
98416,886,655,4
98417,864,125,4
98418,648,458,2
98419,348,827,4
98420,393,399,4
98421,793,117,4
98422,943,672,5
98423,477,451,5
98424,682,1046,3
98425,833,540,1
98426,766,161,3
98427,655,1637,3
98428,796,127,5
98429,932,521,5
98430,922,384,4
98431,673,302,3
98432,158,125,3
98433,42,103,3
98434,843,441,2
98435,864,1208,2
98436,916,1009,5
98437,683,294,3
98438,685,288,2
98439,923,591,5
98440,682,85,3
98441,624,833,4
98442,346,1210,3
98443,772,272,5
98444,938,841,3
98445,795,434,3
98446,137,690,2
98447,916,537,4
98448,66,1016,3
98449,830,89,5
98450,940,430,4
98451,515,332,3
98452,14,19,5
98453,655,1143,3
98454,757,358,3
98455,831,56,5
98456,833,12,5
98457,336,72,3
98458,293,765,3
98459,667,197,4
98460,423,508,4
98461,537,492,3
98462,842,272,4
98463,940,238,4
98464,823,96,4
98465,255,826,1
98466,943,38,3
98467,936,255,5
98468,655,911,2
98469,479,136,4
98470,507,118,5
98471,384,286,4
98472,587,539,3
98473,890,190,4
98474,938,1013,2
98475,796,94,3
98476,932,475,4
98477,758,174,5
98478,835,98,5
98479,308,778,3
98480,393,572,4
98481,898,258,3
98482,837,934,2
98483,942,197,5
98484,501,928,3
98485,22,792,4
98486,474,47,4
98487,903,410,4
98488,670,186,4
98489,934,134,4
98490,911,530,4
98491,929,98,5
98492,892,542,1
98493,934,181,4
98494,385,201,4
98495,458,435,4
98496,767,177,5
98497,921,294,4
98498,804,625,3
98499,551,58,5
98500,325,1140,3
98501,732,304,5
98502,701,344,3
98503,880,25,4
98504,939,508,5
98505,916,80,3
98506,468,237,4
98507,613,279,4
98508,889,179,3
98509,940,216,4
98510,867,690,5
98511,720,887,5
98512,592,127,5
98513,623,288,1
98514,890,530,4
98515,809,331,2
98516,941,1,5
98517,684,98,4
98518,474,381,4
98519,395,118,3
98520,922,1157,2
98521,883,98,3
98522,669,480,5
98523,844,257,4
98524,291,508,5
98525,899,98,4
98526,870,1014,2
98527,934,474,4
98528,599,280,5
98529,569,328,4
98530,537,745,2
98531,822,95,4
98532,339,241,4
98533,26,683,3
98534,798,930,5
98535,722,121,5
98536,416,680,3
98537,622,181,5
98538,715,282,3
98539,454,140,3
98540,690,428,1
98541,795,825,2
98542,625,961,4
98543,889,741,4
98544,553,655,4
98545,523,435,5
98546,682,746,3
98547,846,491,3
98548,233,4,3
98549,943,274,3
98550,711,22,4
98551,594,520,4
98552,582,25,3
98553,883,745,5
98554,883,408,5
98555,262,699,5
98556,913,469,3
98557,237,286,3
98558,401,191,4
98559,532,332,4
98560,429,217,3
98561,894,137,5
98562,786,196,4
98563,807,431,4
98564,437,66,3
98565,661,169,5
98566,450,584,5
98567,198,673,3
98568,721,153,4
98569,878,51,4
98570,504,1093,1
98571,749,204,4
98572,425,1188,3
98573,707,1142,1
98574,889,199,5
98575,629,876,3
98576,892,186,3
98577,938,257,5
98578,442,90,3
98579,766,712,3
98580,846,1109,3
98581,710,483,5
98582,535,162,3
98583,822,902,4
98584,829,284,3
98585,826,62,4
98586,880,748,4
98587,660,84,2
98588,308,9,4
98589,798,660,3
98590,887,548,1
98591,923,248,4
98592,292,602,4
98593,266,9,4
98594,840,185,5
98595,92,13,4
98596,660,196,4
98597,864,153,5
98598,880,585,1
98599,918,659,4
98600,552,148,3
98601,559,311,3
98602,308,169,5
98603,506,363,3
98604,618,521,2
98605,761,628,4
98606,230,699,4
98607,890,674,3
98608,344,173,5
98609,116,269,3
98610,874,302,5
98611,896,1046,2
98612,798,281,4
98613,937,1007,4
98614,758,1034,4
98615,13,822,3
98616,722,928,3
98617,448,312,1
98618,70,380,3
98619,710,258,2
98620,97,208,5
98621,109,924,3
98622,934,507,4
98623,634,934,2
98624,132,806,3
98625,889,195,4
98626,868,268,4
98627,881,430,4
98628,550,243,2
98629,426,289,2
98630,892,837,5
98631,815,54,3
98632,648,110,3
98633,852,250,4
98634,457,227,4
98635,405,1475,1
98636,246,158,1
98637,870,523,5
98638,537,928,1
98639,158,230,2
98640,655,1630,3
98641,497,184,3
98642,579,228,3
98643,890,496,5
98644,503,509,5
98645,802,176,5
98646,763,498,4
98647,574,754,4
98648,864,619,3
98649,358,1396,4
98650,551,583,3
98651,897,215,4
98652,521,188,4
98653,942,945,5
98654,904,111,4
98655,186,295,2
98656,551,192,5
98657,286,652,4
98658,864,190,4
98659,790,62,3
98660,881,679,1
98661,884,1073,4
98662,854,282,2
98663,280,172,3
98664,746,168,3
98665,499,174,3
98666,727,11,3
98667,933,282,3
98668,896,71,5
98669,705,229,3
98670,930,535,4
98671,763,132,3
98672,710,127,5
98673,825,137,2
98674,479,496,3
98675,941,294,4
98676,929,431,1
98677,639,19,4
98678,891,116,3
98679,429,222,4
98680,796,1126,1
98681,773,127,5
98682,848,71,5
98683,555,118,4
98684,269,823,3
98685,854,1013,1
98686,474,190,3
98687,889,1487,3
98688,330,732,5
98689,782,253,2
98690,95,386,2
98691,413,273,2
98692,788,1042,3
98693,921,323,4
98694,919,1060,3
98695,393,823,3
98696,939,275,4
98697,342,507,4
98698,119,1264,3
98699,293,502,3
98700,610,606,5
98701,589,328,5
98702,614,535,2
98703,655,1643,5
98704,590,547,4
98705,796,274,5
98706,518,920,3
98707,943,568,3
98708,826,71,5
98709,766,238,4
98710,663,182,5
98711,389,629,2
98712,733,1380,2
98713,907,1,5
98714,653,151,3
98715,299,212,4
98716,141,181,4
98717,405,513,1
98718,862,866,4
98719,913,238,3
98720,921,254,3
98721,910,748,3
98722,312,430,5
98723,387,1198,3
98724,506,228,5
98725,876,531,4
98726,364,678,4
98727,339,480,5
98728,798,926,4
98729,878,463,2
98730,464,127,5
98731,313,197,5
98732,7,598,3
98733,698,515,4
98734,22,68,4
98735,334,99,4
98736,749,186,4
98737,721,229,5
98738,615,708,2
98739,519,348,5
98740,816,1025,4
98741,466,161,2
98742,915,258,2
98743,666,91,3
98744,916,498,3
98745,940,1137,3
98746,286,72,4
98747,804,436,5
98748,724,352,1
98749,500,546,4
98750,936,919,5
98751,660,946,2
98752,943,139,1
98753,815,484,4
98754,548,288,3
98755,847,88,2
98756,303,546,2
98757,409,338,3
98758,355,319,5
98759,774,453,2
98760,501,274,3
98761,790,153,3
98762,535,638,4
98763,913,462,3
98764,712,400,3
98765,488,633,5
98766,761,245,5
98767,782,1610,1
98768,871,347,5
98769,521,300,3
98770,916,939,3
98771,907,326,5
98772,854,174,3
98773,896,210,4
98774,838,283,5
98775,281,748,5
98776,938,685,3
98777,286,403,5
98778,416,291,4
98779,749,739,3
98780,236,304,4
98781,916,12,4
98782,293,94,2
98783,83,88,5
98784,387,727,5
98785,802,670,4
98786,843,526,3
98787,457,451,4
98788,741,945,5
98789,710,303,4
98790,308,255,4
98791,727,56,3
98792,756,420,4
98793,919,258,4
98794,829,255,3
98795,648,39,3
98796,407,169,5
98797,923,1001,1
98798,682,717,3
98799,407,474,3
98800,907,271,5
98801,267,431,4
98802,517,229,3
98803,715,412,2
98804,727,205,5
98805,823,473,3
98806,765,283,4
98807,769,120,1
98808,919,1258,3
98809,524,265,4
98810,848,191,5
98811,725,294,3
98812,186,269,1
98813,655,155,4
98814,881,191,5
98815,889,161,4
98816,682,470,5
98817,273,338,3
98818,790,451,3
98819,870,1412,2
98820,716,487,5
98821,639,514,4
98822,454,64,4
98823,430,7,3
98824,327,678,3
98825,635,302,4
98826,178,111,4
98827,889,423,4
98828,932,119,5
98829,504,371,3
98830,454,748,4
98831,913,195,4
98832,774,117,2
98833,936,108,4
98834,790,13,3
98835,406,971,3
98836,836,174,5
98837,326,1118,2
98838,896,229,4
98839,655,558,4
98840,872,1011,1
98841,934,961,4
98842,864,328,5
98843,251,597,3
98844,932,169,5
98845,853,322,3
98846,719,77,3
98847,716,132,5
98848,833,288,2
98849,774,523,2
98850,881,82,5
98851,846,79,4
98852,807,69,5
98853,97,423,5
98854,648,50,5
98855,659,255,3
98856,548,475,4
98857,622,185,3
98858,755,879,4
98859,195,615,4
98860,487,825,3
98861,554,68,2
98862,753,193,4
98863,145,59,1
98864,917,9,5
98865,524,955,1
98866,548,183,5
98867,881,181,4
98868,894,318,5
98869,298,482,5
98870,673,79,5
98871,450,732,3
98872,921,284,4
98873,864,4,4
98874,931,900,4
98875,716,823,3
98876,738,7,4
98877,907,143,5
98878,487,1209,4
98879,911,215,3
98880,682,73,5
98881,828,652,5
98882,630,1061,2
98883,911,208,4
98884,690,284,4
98885,838,222,4
98886,881,31,5
98887,684,924,2
98888,894,531,3
98889,488,56,4
98890,456,1129,4
98891,892,969,4
98892,919,591,3
98893,12,480,4
98894,788,46,3
98895,393,97,4
98896,561,226,1
98897,802,197,3
98898,62,64,4
98899,634,333,4
98900,289,363,3
98901,527,144,4
98902,776,523,4
98903,518,619,4
98904,419,269,4
98905,606,692,5
98906,548,218,4
98907,907,97,5
98908,475,306,5
98909,18,724,4
98910,160,952,4
98911,468,64,5
98912,808,346,5
98913,889,831,2
98914,593,181,4
98915,758,735,5
98916,848,241,5
98917,344,756,2
98918,70,94,3
98919,932,481,4
98920,80,64,5
98921,847,609,2
98922,826,102,4
98923,868,230,3
98924,923,829,4
98925,130,761,3
98926,702,450,1
98927,893,781,3
98928,555,100,5
98929,883,228,4
98930,697,250,4
98931,901,237,3
98932,708,181,5
98933,494,707,4
98934,933,1183,3
98935,606,178,5
98936,864,265,5
98937,856,748,3
98938,932,1121,5
98939,714,294,4
98940,416,305,3
98941,501,248,4
98942,773,1252,4
98943,868,238,4
98944,192,118,2
98945,141,591,4
98946,804,1177,3
98947,825,282,4
98948,921,367,4
98949,581,1367,5
98950,582,831,2
98951,901,38,3
98952,844,13,3
98953,125,710,5
98954,293,303,4
98955,655,1641,3
98956,405,375,1
98957,697,886,5
98958,889,647,2
98959,607,56,5
98960,846,735,2
98961,805,1008,4
98962,201,471,2
98963,892,633,4
98964,826,187,4
98965,477,66,5
98966,882,25,2
98967,922,655,2
98968,426,481,5
98969,145,97,5
98970,381,480,5
98971,794,249,3
98972,493,249,4
98973,293,28,3
98974,892,679,3
98975,24,324,5
98976,666,370,2
98977,786,497,4
98978,405,445,4
98979,790,131,2
98980,811,901,4
98981,880,94,3
98982,916,109,3
98983,892,1078,3
98984,695,340,4
98985,798,827,4
98986,37,121,2
98987,846,942,4
98988,279,1444,3
98989,932,514,5
98990,711,1190,3
98991,767,180,5
98992,846,650,5
98993,901,322,4
98994,301,21,2
98995,843,378,2
98996,752,355,2
98997,934,502,4
98998,420,547,4
98999,557,1176,5
99000,774,391,1
99001,34,991,4
99002,883,238,4
99003,843,127,2
99004,942,498,5
99005,153,187,2
99006,941,1007,4
99007,903,252,3
99008,26,845,3
99009,897,210,5
99010,627,64,5
99011,843,1039,3
99012,919,292,3
99013,178,220,3
99014,943,825,3
99015,665,1047,1
99016,671,195,5
99017,892,183,5
99018,213,157,4
99019,478,124,4
99020,870,248,4
99021,943,193,4
99022,887,218,5
99023,870,724,4
99024,848,210,5
99025,145,121,2
99026,850,96,4
99027,642,955,3
99028,887,420,5
99029,913,288,2
99030,429,440,1
99031,666,193,4
99032,868,1183,1
99033,548,25,2
99034,778,623,1
99035,886,364,3
99036,49,475,4
99037,882,284,3
99038,933,88,3
99039,450,388,3
99040,933,82,3
99041,678,285,3
99042,873,307,3
99043,807,483,5
99044,404,288,3
99045,899,194,5
99046,932,414,4
99047,916,1119,3
99048,537,86,4
99049,885,216,3
99050,934,462,4
99051,766,810,2
99052,896,235,1
99053,815,514,1
99054,850,485,5
99055,899,96,4
99056,574,286,3
99057,665,742,4
99058,933,12,4
99059,854,321,3
99060,883,1074,4
99061,919,539,3
99062,542,386,3
99063,796,378,4
99064,407,210,4
99065,694,211,5
99066,721,878,3
99067,708,887,2
99068,121,292,4
99069,896,225,1
99070,880,273,5
99071,655,143,4
99072,561,504,3
99073,1,94,2
99074,843,465,2
99075,764,732,3
99076,942,259,4
99077,504,423,4
99078,551,258,4
99079,650,27,3
99080,184,372,3
99081,815,151,4
99082,543,64,4
99083,458,100,4
99084,399,90,2
99085,716,141,4
99086,909,326,4
99087,747,865,5
99088,654,496,4
99089,727,1446,3
99090,932,405,4
99091,943,470,4
99092,457,98,5
99093,894,305,4
99094,882,176,4
99095,294,1047,3
99096,821,294,4
99097,221,633,3
99098,833,1181,1
99099,567,650,4
99100,504,67,2
99101,807,289,4
99102,806,237,2
99103,796,328,5
99104,250,984,3
99105,846,1178,2
99106,764,106,2
99107,486,546,2
99108,797,259,3
99109,816,690,4
99110,788,443,4
99111,880,168,3
99112,399,343,2
99113,758,919,5
99114,932,197,5
99115,908,732,3
99116,59,602,2
99117,691,1172,5
99118,549,151,3
99119,721,995,3
99120,928,135,4
99121,828,640,2
99122,766,499,3
99123,303,1217,1
99124,16,39,5
99125,562,82,5
99126,224,731,4
99127,608,93,4
99128,927,38,5
99129,492,1098,4
99130,717,260,1
99131,919,1514,2
99132,861,305,4
99133,943,1047,2
99134,99,348,4
99135,804,310,4
99136,449,198,4
99137,842,333,4
99138,214,250,2
99139,933,568,2
99140,561,417,2
99141,810,873,3
99142,637,117,2
99143,361,367,3
99144,831,690,4
99145,937,116,4
99146,234,835,3
99147,94,1140,2
99148,405,1246,1
99149,264,209,5
99150,886,1217,4
99151,615,332,2
99152,287,895,2
99153,592,1079,1
99154,932,210,4
99155,786,117,4
99156,437,462,5
99157,897,849,4
99158,555,405,4
99159,189,180,5
99160,919,14,4
99161,887,929,1
99162,292,249,3
99163,836,663,5
99164,478,100,5
99165,896,1303,4
99166,65,178,5
99167,251,294,3
99168,271,28,5
99169,626,327,4
99170,13,432,4
99171,943,415,1
99172,174,168,1
99173,934,403,4
99174,738,204,4
99175,339,176,4
99176,906,408,4
99177,416,1594,5
99178,155,245,2
99179,880,268,5
99180,655,21,2
99181,862,12,5
99182,883,736,3
99183,592,1012,5
99184,806,81,5
99185,474,405,4
99186,638,153,3
99187,788,28,5
99188,82,582,4
99189,922,95,3
99190,919,174,4
99191,709,576,4
99192,697,245,3
99193,790,100,2
99194,821,14,4
99195,113,979,5
99196,910,205,4
99197,796,736,3
99198,480,98,4
99199,588,7,3
99200,704,322,2
99201,857,304,2
99202,256,930,3
99203,524,519,4
99204,875,179,5
99205,479,271,3
99206,880,627,3
99207,848,72,5
99208,253,318,5
99209,919,815,2
99210,606,926,3
99211,846,429,2
99212,739,22,5
99213,833,11,5
99214,865,625,1
99215,916,737,3
99216,56,748,4
99217,417,365,4
99218,889,298,4
99219,622,1231,2
99220,804,197,4
99221,354,283,4
99222,901,252,3
99223,501,150,5
99224,304,274,4
99225,864,734,3
99226,883,847,4
99227,890,514,5
99228,90,196,4
99229,622,199,5
99230,140,288,3
99231,929,479,4
99232,805,173,4
99233,794,515,5
99234,738,449,3
99235,486,1405,5
99236,339,217,3
99237,922,699,3
99238,846,210,5
99239,561,505,4
99240,917,628,5
99241,122,699,5
99242,145,740,2
99243,110,1229,3
99244,774,840,2
99245,26,122,1
99246,664,202,4
99247,305,1286,5
99248,809,299,4
99249,588,294,4
99250,280,588,5
99251,815,380,3
99252,198,238,4
99253,931,272,5
99254,524,430,3
99255,785,273,3
99256,850,88,5
99257,913,203,4
99258,692,508,3
99259,388,121,4
99260,720,242,4
99261,265,1,5
99262,919,892,3
99263,805,153,4
99264,223,546,5
99265,18,357,4
99266,367,331,4
99267,538,89,4
99268,190,288,5
99269,325,527,4
99270,880,294,4
99271,699,70,4
99272,707,815,2
99273,484,423,5
99274,894,280,3
99275,554,1041,3
99276,110,585,2
99277,870,644,2
99278,338,382,5
99279,694,357,5
99280,163,202,3
99281,83,1049,3
99282,709,1,4
99283,316,97,5
99284,882,588,4
99285,357,508,5
99286,296,137,4
99287,484,468,5
99288,551,403,3
99289,545,195,4
99290,894,16,3
99291,742,591,4
99292,919,297,4
99293,473,150,5
99294,276,300,4
99295,786,95,5
99296,549,405,4
99297,468,9,5
99298,385,522,4
99299,347,1291,1
99300,892,276,4
99301,900,1298,2
99302,774,452,1
99303,770,937,4
99304,624,1114,4
99305,655,69,3
99306,13,904,1
99307,517,131,3
99308,279,969,3
99309,555,265,3
99310,916,156,5
99311,871,276,5
99312,717,995,5
99313,737,357,5
99314,924,64,4
99315,776,132,3
99316,868,762,4
99317,933,97,2
99318,664,97,3
99319,943,219,4
99320,311,170,5
99321,269,124,5
99322,833,344,4
99323,758,1283,4
99324,438,282,5
99325,397,492,4
99326,376,100,4
99327,318,393,5
99328,445,458,2
99329,757,431,4
99330,896,692,4
99331,150,14,4
99332,806,518,3
99333,748,96,5
99334,719,735,5
99335,864,673,3
99336,148,194,5
99337,542,132,3
99338,828,900,2
99339,151,836,4
99340,770,924,5
99341,151,190,4
99342,102,154,3
99343,85,1166,4
99344,294,342,3
99345,31,192,4
99346,916,679,3
99347,908,318,5
99348,425,405,2
99349,787,751,4
99350,402,410,1
99351,904,724,4
99352,932,431,3
99353,883,582,3
99354,249,147,5
99355,523,949,5
99356,168,1051,4
99357,906,285,5
99358,18,952,2
99359,445,1,3
99360,197,306,2
99361,669,56,2
99362,851,475,4
99363,916,461,4
99364,270,283,5
99365,655,649,3
99366,618,382,2
99367,711,715,4
99368,360,144,2
99369,868,727,2
99370,853,261,3
99371,896,647,3
99372,522,514,2
99373,398,1,5
99374,159,288,3
99375,276,1413,1
99376,193,282,5
99377,778,629,2
99378,807,423,5
99379,902,1016,2
99380,838,238,4
99381,661,255,3
99382,574,750,3
99383,44,307,4
99384,527,526,5
99385,174,88,5
99386,868,211,3
99387,682,1,4
99388,637,508,2
99389,863,1296,3
99390,889,646,3
99391,748,199,4
99392,497,182,4
99393,907,288,5
99394,279,901,4
99395,403,1199,2
99396,853,307,1
99397,899,125,3
99398,897,609,5
99399,89,402,4
99400,788,696,3
99401,829,313,4
99402,582,118,2
99403,865,926,1
99404,864,550,4
99405,599,294,4
99406,429,409,2
99407,764,216,4
99408,551,926,2
99409,396,406,2
99410,932,64,2
99411,733,291,2
99412,416,79,5
99413,822,206,3
99414,870,655,4
99415,590,124,5
99416,577,1046,4
99417,731,591,1
99418,655,305,4
99419,412,208,4
99420,225,98,5
99421,694,183,5
99422,932,151,3
99423,895,1,4
99424,790,755,3
99425,716,517,5
99426,634,408,3
99427,543,947,4
99428,521,42,5
99429,916,284,2
99430,892,705,4
99431,864,801,3
99432,382,286,2
99433,889,209,2
99434,749,47,4
99435,938,276,3
99436,488,705,4
99437,832,260,3
99438,59,1114,5
99439,279,779,3
99440,926,237,3
99441,852,926,3
99442,682,1012,4
99443,458,823,3
99444,594,515,5
99445,747,1,5
99446,905,458,4
99447,455,259,2
99448,804,435,3
99449,821,98,5
99450,661,145,1
99451,749,845,3
99452,927,94,2
99453,668,896,4
99454,777,245,5
99455,660,154,4
99456,611,306,5
99457,810,289,5
99458,782,332,4
99459,455,164,4
99460,903,147,3
99461,919,200,4
99462,894,330,3
99463,776,217,4
99464,716,13,2
99465,405,196,1
99466,883,531,3
99467,181,1287,1
99468,280,233,4
99469,581,922,5
99470,923,411,4
99471,872,893,4
99472,885,161,4
99473,291,573,4
99474,785,174,5
99475,749,443,4
99476,938,289,1
99477,89,107,5
99478,899,117,4
99479,862,177,4
99480,747,58,3
99481,580,257,5
99482,122,28,4
99483,449,593,4
99484,640,689,4
99485,643,721,2
99486,806,252,1
99487,572,284,3
99488,344,302,5
99489,608,92,3
99490,940,215,2
99491,632,134,5
99492,899,180,3
99493,294,405,4
99494,698,86,2
99495,782,271,2
99496,666,960,4
99497,588,91,5
99498,891,740,5
99499,417,302,3
99500,160,127,5
99501,293,127,5
99502,802,333,4
99503,486,252,3
99504,699,764,3
99505,533,8,3
99506,911,420,4
99507,760,98,3
99508,804,294,5
99509,532,916,3
99510,737,100,5
99511,148,127,1
99512,506,686,3
99513,57,121,4
99514,732,269,5
99515,643,655,4
99516,708,1079,1
99517,684,409,3
99518,912,501,4
99519,541,1412,1
99520,886,217,2
99521,734,50,4
99522,932,606,4
99523,922,596,4
99524,892,188,5
99525,715,106,2
99526,347,427,4
99527,501,245,3
99528,933,1037,1
99529,889,513,4
99530,617,498,3
99531,782,342,2
99532,115,508,5
99533,529,875,4
99534,421,427,4
99535,875,1103,5
99536,936,845,4
99537,919,689,2
99538,644,255,4
99539,537,192,4
99540,346,693,4
99541,92,65,4
99542,798,929,3
99543,774,189,2
99544,58,238,5
99545,804,132,4
99546,815,214,5
99547,916,704,3
99548,690,274,3
99549,846,318,5
99550,497,584,4
99551,868,385,2
99552,618,15,3
99553,488,71,3
99554,621,38,3
99555,627,232,3
99556,561,49,2
99557,940,285,4
99558,927,91,4
99559,524,318,4
99560,788,357,4
99561,883,421,5
99562,883,952,3
99563,429,1018,3
99564,804,1060,3
99565,747,514,4
99566,542,240,3
99567,749,50,5
99568,916,215,3
99569,110,947,3
99570,165,223,4
99571,852,290,4
99572,894,166,4
99573,894,750,4
99574,902,879,4
99575,270,265,4
99576,766,664,2
99577,590,676,4
99578,10,9,4
99579,75,473,3
99580,933,222,1
99581,293,509,3
99582,201,237,4
99583,660,89,3
99584,893,96,4
99585,497,763,3
99586,926,269,5
99587,221,931,3
99588,805,185,5
99589,854,111,3
99590,226,179,4
99591,321,478,4
99592,721,161,5
99593,654,405,4
99594,537,25,2
99595,269,515,4
99596,109,180,3
99597,657,258,2
99598,936,312,3
99599,693,210,3
99600,622,474,3
99601,928,328,3
99602,643,451,2
99603,655,692,3
99604,244,650,3
99605,393,693,3
99606,894,905,3
99607,892,162,4
99608,806,100,4
99609,669,475,3
99610,938,293,3
99611,943,796,3
99612,541,258,4
99613,151,559,2
99614,450,1490,3
99615,566,462,4
99616,927,28,4
99617,541,468,4
99618,708,762,5
99619,928,9,5
99620,535,7,5
99621,881,566,4
99622,870,943,2
99623,707,505,4
99624,717,591,4
99625,847,685,2
99626,892,1444,3
99627,820,895,2
99628,334,47,4
99629,209,276,2
99630,495,1039,5
99631,786,1,4
99632,318,340,4
99633,465,408,5
99634,552,281,3
99635,867,294,3
99636,936,1226,3
99637,871,904,3
99638,903,405,4
99639,901,447,3
99640,934,419,4
99641,862,208,2
99642,59,273,2
99643,886,50,5
99644,912,427,5
99645,798,924,3
99646,892,131,4
99647,339,212,4
99648,909,224,5
99649,897,174,5
99650,593,58,4
99651,354,319,3
99652,64,184,4
99653,889,181,4
99654,798,443,3
99655,901,15,5
99656,830,834,1
99657,773,895,2
99658,528,410,4
99659,271,169,5
99660,346,151,4
99661,838,993,3
99662,698,134,3
99663,238,151,2
99664,474,31,4
99665,642,73,4
99666,870,11,4
99667,643,39,4
99668,887,98,3
99669,846,40,2
99670,846,98,4
99671,503,692,3
99672,898,302,4
99673,916,557,4
99674,896,751,4
99675,918,747,3
99676,664,660,3
99677,935,120,3
99678,766,498,4
99679,806,170,5
99680,907,278,5
99681,588,265,5
99682,805,128,5
99683,931,546,3
99684,554,181,4
99685,913,28,3
99686,820,751,1
99687,896,176,5
99688,306,741,1
99689,533,265,3
99690,939,237,5
99691,782,351,3
99692,738,135,5
99693,790,1077,3
99694,875,22,3
99695,83,245,2
99696,870,508,3
99697,787,268,4
99698,574,358,2
99699,303,627,3
99700,815,526,4
99701,621,384,3
99702,43,591,5
99703,43,123,1
99704,800,1,4
99705,847,120,1
99706,880,3,1
99707,518,405,5
99708,655,872,3
99709,712,1480,4
99710,25,176,4
99711,886,11,5
99712,890,157,4
99713,694,188,5
99714,881,732,5
99715,496,660,3
99716,749,444,2
99717,388,53,5
99718,704,340,3
99719,781,179,5
99720,682,71,5
99721,451,876,4
99722,474,56,5
99723,422,267,4
99724,920,272,3
99725,707,52,3
99726,741,151,3
99727,715,143,3
99728,870,4,2
99729,619,79,5
99730,648,281,3
99731,933,96,2
99732,746,228,4
99733,872,1284,3
99734,525,106,2
99735,691,496,5
99736,140,303,5
99737,327,498,4
99738,32,408,3
99739,892,208,4
99740,840,480,5
99741,98,194,5
99742,518,410,3
99743,798,202,2
99744,814,5,3
99745,577,181,5
99746,869,1047,2
99747,843,132,3
99748,472,420,3
99749,399,1542,2
99750,924,471,4
99751,474,124,5
99752,892,157,5
99753,939,471,5
99754,862,485,5
99755,495,573,4
99756,405,958,1
99757,749,712,3
99758,807,204,4
99759,721,242,3
99760,868,172,5
99761,854,290,1
99762,839,1381,3
99763,902,187,3
99764,864,418,3
99765,862,205,4
99766,766,428,5
99767,603,56,4
99768,789,124,4
99769,826,260,3
99770,18,967,3
99771,907,815,5
99772,450,654,4
99773,665,378,3
99774,854,528,4
99775,378,441,3
99776,880,110,3
99777,532,425,4
99778,851,553,4
99779,633,159,4
99780,653,135,5
99781,348,596,4
99782,749,205,4
99783,934,786,1
99784,806,875,3
99785,524,481,4
99786,860,732,4
99787,721,263,3
99788,618,531,4
99789,903,544,2
99790,737,22,4
99791,752,268,2
99792,897,523,5
99793,56,575,3
99794,865,743,1
99795,886,2,4
99796,781,210,4
99797,849,625,5
99798,606,576,3
99799,303,939,3
99800,870,435,3
99801,13,446,1
99802,747,124,5
99803,204,333,1
99804,925,558,1
99805,878,155,3
99806,880,5,3
99807,916,356,3
99808,188,484,5
99809,846,101,4
99810,389,133,5
99811,879,596,2
99812,840,432,5
99813,626,680,1
99814,804,233,4
99815,663,240,3
99816,145,769,2
99817,818,313,4
99818,574,328,3
99819,648,456,2
99820,806,169,5
99821,666,265,3
99822,794,100,5
99823,303,1086,1
99824,933,441,2
99825,519,887,5
99826,867,172,5
99827,889,550,3
99828,938,993,5
99829,532,990,3
99830,487,313,3
99831,659,216,4
99832,943,739,4
99833,416,153,4
99834,864,151,5
99835,932,416,3
99836,734,294,1
99837,874,275,4
99838,903,1381,4
99839,303,363,1
99840,921,25,3
99841,788,157,5
99842,634,1028,3
99843,916,148,2
99844,892,631,4
99845,401,405,2
99846,10,198,3
99847,689,258,5
99848,5,174,5
99849,891,978,4
99850,921,143,5
99851,23,227,3
99852,848,216,5
99853,739,50,4
99854,869,282,3
99855,747,510,5
99856,913,318,4
99857,835,588,3
99858,723,9,3
99859,935,685,4
99860,537,675,3
99861,694,705,5
99862,937,294,1
99863,707,864,4
99864,899,200,4
99865,561,611,5
99866,826,748,4
99867,773,232,3
99868,749,823,3
99869,806,90,4
99870,884,463,5
99871,707,708,3
99872,535,1170,3
99873,383,200,5
99874,903,651,5
99875,887,274,1
99876,484,210,5
99877,715,778,2
99878,879,111,4
99879,710,79,4
99880,711,48,4
99881,669,479,5
99882,684,248,3
99883,407,7,4
99884,889,8,3
99885,619,578,4
99886,485,752,3
99887,393,613,4
99888,853,333,4
99889,887,1063,1
99890,838,313,5
99891,447,770,3
99892,527,659,4
99893,606,97,5
99894,630,815,3
99895,806,209,3
99896,867,748,4
99897,693,1136,3
99898,648,318,3
99899,875,964,4
99900,749,636,4
99901,490,109,5
99902,441,282,4
99903,851,1013,2
99904,883,234,4
99905,102,7,2
99906,896,96,5
99907,935,117,4
99908,358,1005,4
99909,874,286,4
99910,896,511,5
99911,828,531,4
99912,835,174,5
99913,593,223,5
99914,904,173,3
99915,764,281,3
99916,741,696,3
99917,930,410,3
99918,798,659,4
99919,211,215,5
99920,554,172,5
99921,659,657,5
99922,931,257,4
99923,221,144,4
99924,207,173,3
99925,936,251,4
99926,868,405,1
99927,102,172,3
99928,903,50,5
99929,653,411,2
99930,895,100,4
99931,379,621,4
99932,130,824,3
99933,929,276,2
99934,788,328,4
99935,577,176,5
99936,725,276,4
99937,851,1337,3
99938,889,77,3
99939,780,313,5
99940,828,346,4
99941,593,1,3
99942,363,181,5
99943,925,200,2
99944,862,120,3
99945,848,708,4
99946,563,566,4
99947,500,1010,4
99948,780,50,5
99949,823,134,5
99950,130,93,5
99951,130,121,5
99952,537,778,3
99953,655,913,4
99954,889,2,3
99955,865,1009,5
99956,851,979,3
99957,833,474,5
99958,394,380,4
99959,193,690,4
99960,621,809,4
99961,766,91,5
99962,650,479,5
99963,429,199,5
99964,847,596,3
99965,934,216,1
99966,788,556,2
99967,897,369,4
99968,936,287,4
99969,936,766,3
99970,449,120,1
99971,661,762,2
99972,721,874,3
99973,821,151,4
99974,764,596,3
99975,537,443,3
99976,618,628,2
99977,487,291,3
99978,113,975,5
99979,943,391,2
99980,864,685,4
99981,750,323,3
99982,279,64,1
99983,646,750,3
99984,654,370,2
99985,617,582,4
99986,913,690,3
99987,660,229,2
99988,421,498,4
99989,495,1091,4
99990,806,421,4
99991,676,538,4
99992,721,262,3
99993,913,209,2
99994,378,78,3
99995,880,476,3
99996,716,204,5
99997,276,1090,1
99998,13,225,2
99999,12,203,3
